8072.333333333333
8144.041666666667
8127.5
8091.0
8051.541666666667
8017.833333333333
8050.75
8075.791666666667
8092.708333333333
8095.875
8090.875
8069.0
8066.5
8063.208333333333
8089.625
8103.0
8054.791666666667
8032.0
8051.041666666667
8113.083333333333
8110.291666666667
8108.458333333333
8085.958333333333
8071.0
8039.125
8067.416666666667
8153.333333333333
8131.416666666667
8169.791666666667
8188.75
8109.583333333333
8118.875
8111.458333333333
8086.25
8123.333333333333
8103.166666666667
8132.291666666667
8190.125
8186.666666666667
8158.791666666667
8110.458333333333
8109.791666666667
8066.416666666667
8075.25
8082.75
8094.166666666667
8102.791666666667
8085.083333333333
8089.541666666667
8034.791666666667
8030.083333333333
8056.875
8092.375
8091.708333333333
8108.041666666667
8115.541666666667
8066.375
8054.625
8071.375
8060.625
8069.333333333333
8022.0
8043.125
8100.708333333333
8116.833333333333
8105.291666666667
8144.416666666667
8143.125
8158.833333333333
8144.25
8123.75
8145.625
8144.458333333333
8148.333333333333
8172.375
8117.791666666667
8098.5
8105.166666666667
8124.791666666667
8148.166666666667
8152.5
8146.791666666667
8130.458333333333
8098.458333333333
8111.541666666667
8105.0
8111.333333333333
8122.25
8132.5
8143.625
8153.791666666667
8157.666666666667
8132.625
8136.583333333333
8158.5
8165.25
8169.083333333333
8156.583333333333
8175.166666666667
8206.5
8199.625
8161.5
8151.0
8116.625
8128.958333333333
8140.333333333333
8157.625
8198.333333333334
8203.083333333334
8175.458333333333
8156.125
8193.25
8160.958333333333
8173.75
8201.75
8213.375
8213.958333333334
8208.375
8195.875
8195.333333333334
8223.625
8236.875
8240.833333333334
8243.25
8241.75
8228.666666666666
8244.708333333334
8252.666666666666
8246.5
8195.375
8180.291666666667
8174.416666666667
8178.125
8202.833333333334
8234.083333333334
8258.958333333334
8240.25
8199.0
8204.875
8204.708333333334
8208.875
8198.791666666666
8217.25
8217.291666666666
8205.375
8188.25
8203.25
8222.916666666666
8233.208333333334
8242.541666666666
8238.208333333334
8224.125
8214.666666666666
8210.333333333334
8180.458333333333
8236.083333333334
8210.125
8206.875
8203.625
8194.916666666666
8212.458333333334
8237.5
8249.125
8243.625
8228.166666666666
8195.916666666666
8194.875
8198.541666666666
8210.333333333334
8224.458333333334
8199.041666666666
8183.916666666667
8182.875
8201.833333333334
8209.791666666666
8213.791666666666
8241.25
8232.75
8219.875
8201.916666666666
8187.25
8172.666666666667
8221.333333333334
8235.5
8247.166666666666
8194.416666666666
8226.125
8225.25
8219.708333333334
8204.916666666666
8213.458333333334
8210.333333333334
8230.458333333334
8219.041666666666
8210.5
8168.25
8203.333333333334
8204.083333333334
8200.375
8211.166666666666
8204.625
8218.125
8214.791666666666
8188.5
8195.791666666666
8189.458333333333
8144.625
8139.041666666667
8161.291666666667
8171.166666666667
8167.875
8154.416666666667
8157.125
8192.0
8215.083333333334
8215.875
8210.416666666666
8225.458333333334
8213.5
8191.833333333333
8191.25
8178.833333333333
8145.333333333333
8189.75
8181.583333333333
8155.666666666667
8169.166666666667
8201.291666666666
8214.791666666666
8219.25
8232.625
8228.25
8193.583333333334
8187.666666666667
8168.25
8164.708333333333
8170.5
8177.583333333333
8164.833333333333
8166.916666666667
8161.5
8148.541666666667
8178.541666666667
8165.291666666667
8197.291666666666
8201.666666666666
8193.5
8148.875
8111.041666666667
8122.625
8106.833333333333
8125.5
8124.708333333333
8158.541666666667
8149.25
8173.291666666667
8185.791666666667
8198.041666666666
8212.583333333334
8210.75
8219.833333333334
8205.166666666666
8181.541666666667
8140.583333333333
8160.125
8164.125
8191.083333333333
8194.208333333334
8177.541666666667
8185.541666666667
8190.666666666667
8196.541666666666
8168.958333333333
8174.75
8167.208333333333
8163.041666666667
8186.208333333333
8153.5
8150.208333333333
8193.791666666666
8185.791666666667
8199.0
8164.541666666667
8169.25
8166.333333333333
8187.083333333333
8229.083333333334
8178.916666666667
8165.125
8172.25
8202.208333333334
8211.375
8221.916666666666
8193.166666666666
8187.791666666667
8210.083333333334
8230.75
8246.5
8258.958333333334
8253.291666666666
8193.583333333334
8237.125
8249.541666666666
8244.333333333334
8253.208333333334
8251.0
8281.125
8257.333333333334
8220.791666666666
8236.791666666666
8206.916666666666
8169.25
8221.416666666666
8270.291666666666
8269.333333333334
8237.041666666666
8252.75
8233.125
8227.541666666666
8160.166666666667
8185.458333333333
8207.333333333334
8216.083333333334
8225.708333333334
8216.208333333334
8171.541666666667
8141.5
8140.458333333333
8140.5
8171.166666666667
8183.208333333333
8170.666666666667
8130.75
8172.25
8143.791666666667
8144.75
8151.666666666667
8135.833333333333
8142.791666666667
8138.416666666667
8127.5
8132.791666666667
8132.583333333333
8141.666666666667
8125.416666666667
8150.0
8140.375
8144.25
8125.541666666667
8124.916666666667
8112.333333333333
8153.666666666667
8177.708333333333
8188.625
8186.208333333333
8163.083333333333
8139.0
8149.708333333333
8149.666666666667
8145.333333333333
8128.625
8127.125
8170.125
8189.625
8203.0
8145.625
8158.416666666667
8187.583333333333
8185.208333333333
8199.041666666666
8160.5
8141.0
8145.875
8169.625
8165.791666666667
8179.75
8185.708333333333
8189.25
8224.5
8211.708333333334
8241.375
8212.916666666666
8172.0
8163.833333333333
8166.208333333333
8200.083333333334
8212.333333333334
8185.458333333333
8196.125
8186.0
8161.75
8158.75
8180.75
8180.458333333333
8186.875
8192.416666666666
8193.5
8167.75
8203.916666666666
8214.875
8214.5
8209.625
8207.125
8227.583333333334
8185.791666666667
8155.375
8168.833333333333
8203.625
8194.041666666666
8170.833333333333
8155.5
8165.291666666667
8162.875
8182.708333333333
8209.166666666666
8148.75
8076.333333333333
8059.416666666667
8086.708333333333
8104.666666666667
8121.916666666667
8123.958333333333
8143.541666666667
8173.625
8171.333333333333
8168.666666666667
8161.625
8144.083333333333
8104.541666666667
8084.708333333333
8071.625
8068.666666666667
8046.708333333333
8044.25
8042.458333333333
8059.416666666667
8066.625
8040.0
8013.125
7962.708333333333
7961.208333333333
8010.0
7996.5
7981.791666666667
8018.458333333333
8017.25
7999.0
7947.416666666667
7980.833333333333
8004.833333333333
7987.083333333333
8000.416666666667
8000.541666666667
7990.291666666667
7932.541666666667
7927.291666666667
7958.041666666667
8030.458333333333
8044.458333333333
8042.083333333333
8047.916666666667
8005.625
8010.416666666667
8008.875
8020.083333333333
7983.375
7964.791666666667
8010.666666666667
8050.125
8066.916666666667
8061.083333333333
8031.041666666667
7995.333333333333
8002.666666666667
7947.541666666667
7996.75
8012.541666666667
7998.0
8029.166666666667
8020.5
7993.958333333333
8009.791666666667
7982.166666666667
8015.208333333333
8017.541666666667
7980.416666666667
7970.541666666667
7955.5
7920.958333333333
7929.916666666667
7865.333333333333
7805.333333333333
7884.125
7905.958333333333
7902.291666666667
7916.208333333333
7921.375
7880.375
7918.75
7907.875
7863.833333333333
7880.0
7910.541666666667
7913.541666666667
7949.041666666667
7958.625
7960.875
7921.083333333333
7911.041666666667
7916.708333333333
7933.333333333333
7948.291666666667
7922.208333333333
7941.541666666667
7956.041666666667
7928.75
7932.958333333333
7904.25
7873.458333333333
7891.833333333333
7902.0
7911.625
7895.708333333333
7899.916666666667
7881.458333333333
7893.666666666667
7921.125
7883.166666666667
7892.25
7883.583333333333
7905.166666666667
7913.583333333333
7934.25
7928.708333333333
7895.333333333333
7867.916666666667
7888.083333333333
7916.208333333333
7926.166666666667
7958.333333333333
7987.25
7979.791666666667
7956.083333333333
7968.041666666667
7837.791666666667
7847.791666666667
7851.166666666667
7907.083333333333
7906.458333333333
7878.041666666667
7858.166666666667
7869.541666666667
7897.833333333333
7888.416666666667
7898.375
7893.125
7899.708333333333
7894.916666666667
7901.041666666667
7916.708333333333
7923.208333333333
7913.333333333333
7882.416666666667
7873.125
7868.916666666667
7875.583333333333
7866.041666666667
7828.833333333333
7853.916666666667
7890.791666666667
7887.958333333333
7893.708333333333
7864.958333333333
7853.291666666667
7875.625
7876.625
7869.166666666667
7873.625
7868.916666666667
7845.916666666667
7854.791666666667
7862.208333333333
7865.875
7870.541666666667
7858.25
7865.583333333333
7885.083333333333
7883.791666666667
7876.083333333333
7879.875
7856.583333333333
7833.583333333333
7860.583333333333
7861.291666666667
7873.458333333333
7909.833333333333
7923.083333333333
7889.166666666667
7867.958333333333
7890.0
7849.708333333333
7837.625
7840.541666666667
7840.041666666667
7843.791666666667
7829.416666666667
7821.25
7826.666666666667
7859.625
7870.458333333333
7850.583333333333
7623.0
7622.041666666667
7681.916666666667
7742.291666666667
7777.791666666667
7806.125
7813.291666666667
7795.083333333333
7803.291666666667
7811.458333333333
7828.333333333333
7860.541666666667
7866.208333333333
7880.583333333333
7866.5
7882.958333333333
7904.458333333333
7875.5
7891.041666666667
7891.125
7872.625
7851.333333333333
7859.083333333333
7864.083333333333
7845.333333333333
7847.125
7865.958333333333
7861.583333333333
7868.625
7874.375
7857.833333333333
7903.25
7926.041666666667
7871.375
7857.5
7835.583333333333
7876.791666666667
7820.458333333333
7842.041666666667
7863.583333333333
7858.125
7878.375
7824.125
7738.166666666667
7771.583333333333
7811.5
7837.083333333333
7858.0
7839.666666666667
7849.75
7844.708333333333
7830.75
7835.125
7844.875
7844.083333333333
7825.166666666667
7819.958333333333
7867.875
7896.0
7897.458333333333
7900.041666666667
7917.333333333333
7894.541666666667
7822.875
7861.791666666667
7889.375
7907.208333333333
7971.916666666667
7907.875
7893.375
7909.458333333333
7908.416666666667
7894.916666666667
7902.25
7874.0
7895.208333333333
7897.041666666667
7913.958333333333
7895.083333333333
7902.75
7821.416666666667
7759.958333333333
7777.916666666667
7814.666666666667
7841.541666666667
7833.333333333333
7828.625
7817.791666666667
7738.25
7774.583333333333
7821.416666666667
7817.625
7858.625
7894.791666666667
7906.041666666667
7920.041666666667
7900.166666666667
7892.625
7900.625
7844.666666666667
7850.083333333333
7860.375
7850.5
7790.125
7787.625
7795.25
7797.083333333333
7787.916666666667
7776.125
7795.0
7839.791666666667
7859.291666666667
7862.875
7850.458333333333
7844.958333333333
7840.958333333333
7802.166666666667
7829.541666666667
7844.583333333333
7838.5
7817.333333333333
7818.166666666667
7835.583333333333
7842.791666666667
7826.708333333333
7814.166666666667
7817.416666666667
7836.083333333333
7862.375
7858.875
7874.833333333333
7818.916666666667
7762.875
7727.083333333333
7729.708333333333
7772.833333333333
7781.75
7789.041666666667
7797.083333333333
7826.458333333333
7839.416666666667
7863.958333333333
7860.041666666667
7849.083333333333
7838.5
7828.583333333333
7810.125
7805.75
7829.916666666667
7846.5
7865.333333333333
7876.666666666667
7874.75
7884.0
7903.625
7923.666666666667
7884.083333333333
7876.416666666667
7858.166666666667
7847.791666666667
7877.375
7891.208333333333
7897.875
7824.583333333333
7827.333333333333
7832.125
7819.75
7823.5
7809.916666666667
7806.708333333333
7817.125
7804.291666666667
7829.375
7824.416666666667
7823.416666666667
7835.833333333333
7838.791666666667
7869.333333333333
7920.416666666667
7887.875
7873.5
7845.625
7840.166666666667
7858.208333333333
7884.625
7857.541666666667
7874.708333333333
7907.291666666667
7881.0
7889.541666666667
7904.875
7899.875
7880.833333333333
7898.541666666667
7907.041666666667
7888.083333333333
7931.916666666667
7940.416666666667
7675.958333333333
7677.25
7765.125
7807.75
7840.958333333333
7880.041666666667
7906.916666666667
7891.333333333333
7862.708333333333
7849.541666666667
7841.916666666667
7839.416666666667
7797.666666666667
7831.625
7819.208333333333
7816.833333333333
7830.333333333333
7841.791666666667
7851.375
7857.583333333333
7878.25
7735.666666666667
7706.791666666667
7720.208333333333
7763.333333333333
7746.833333333333
7729.291666666667
7740.708333333333
7725.0
7735.333333333333
7778.916666666667
7732.083333333333
7752.666666666667
7810.75
7845.375
7810.208333333333
7804.791666666667
7799.625
7811.333333333333
7830.083333333333
7673.25
7704.666666666667
7726.041666666667
7649.583333333333
7554.5
7606.833333333333
7613.708333333333
7560.458333333333
7482.708333333333
7471.125
7559.708333333333
7598.833333333333
7629.166666666667
7548.541666666667
7567.083333333333
7606.791666666667
7625.208333333333
7635.416666666667
7656.208333333333
7675.708333333333
7696.625
7630.041666666667
7642.166666666667
7626.041666666667
7643.25
7637.208333333333
7667.0
7686.791666666667
7719.666666666667
7717.083333333333
7720.416666666667
7656.416666666667
7624.916666666667
7605.583333333333
7596.875
7635.041666666667
7661.208333333333
7681.833333333333
7719.875
7728.333333333333
7744.791666666667
7762.875
7762.916666666667
7789.75
7797.291666666667
7814.208333333333
7766.916666666667
7739.125
7746.375
7756.916666666667
7736.208333333333
7728.958333333333
7735.166666666667
7731.666666666667
7724.375
7713.875
7746.875
7763.333333333333
7731.083333333333
7671.708333333333
7630.833333333333
7616.625
7583.625
7617.791666666667
7622.875
7640.375
7675.625
7499.458333333333
7596.833333333333
7593.125
7563.583333333333
7595.583333333333
7511.083333333333
7485.666666666667
7569.625
7588.083333333333
7563.25
7560.375
7543.5
7389.041666666667
7383.958333333333
7436.083333333333
7479.291666666667
7498.791666666667
7489.833333333333
7353.333333333333
7236.833333333333
7281.5
7355.958333333333
7441.708333333333
7477.375
7511.75
7515.833333333333
7533.666666666667
7546.625
7576.333333333333
7572.708333333333
7604.625
7609.208333333333
7544.375
7597.833333333333
7635.875
7624.125
7469.083333333333
7434.666666666667
7492.875
7524.833333333333
7538.333333333333
7571.083333333333
7601.291666666667
7605.708333333333
7568.041666666667
7553.875
7520.5
7504.25
7527.833333333333
7561.125
7586.666666666667
7614.583333333333
7610.708333333333
7628.708333333333
7632.541666666667
7633.625
7577.625
7579.916666666667
7591.916666666667
7590.75
7618.583333333333
7559.208333333333
7389.25
7435.416666666667
7531.833333333333
7566.458333333333
7564.791666666667
7576.625
7575.625
7588.333333333333
7575.583333333333
7589.708333333333
7554.791666666667
7551.666666666667
7548.916666666667
7596.125
7637.083333333333
7648.541666666667
7648.125
7637.208333333333
7613.791666666667
7649.875
7653.125
7620.208333333333
7600.291666666667
7608.5
7650.083333333333
7675.583333333333
7700.5
7701.166666666667
7696.708333333333
7677.75
7655.416666666667
7651.416666666667
7654.125
7686.541666666667
7693.875
7535.416666666667
7479.25
7496.458333333333
7482.666666666667
7451.041666666667
7482.708333333333
7543.125
7527.125
7488.458333333333
7585.458333333333
7603.0
7639.166666666667
7685.458333333333
7687.416666666667
7675.416666666667
7693.541666666667
7517.083333333333
7340.416666666667
7364.0
7399.5
7438.875
7425.041666666667
7417.375
7463.25
7491.75
7458.666666666667
7448.375
7467.958333333333
7511.833333333333
7473.0
7450.666666666667
7473.166666666667
7506.583333333333
7538.958333333333
7534.916666666667
7485.75
7502.5
7542.833333333333
7597.875
7643.958333333333
7669.875
7696.625
7717.75
7704.791666666667
7738.541666666667
7406.041666666667
7508.375
7525.166666666667
7596.291666666667
7666.916666666667
7696.25
7650.416666666667
7550.958333333333
7519.25
7560.375
7581.458333333333
7602.916666666667
7572.958333333333
7596.5
7583.958333333333
7651.416666666667
7631.25
7588.666666666667
7605.375
7646.166666666667
7659.833333333333
7686.25
7636.666666666667
7647.625
7663.916666666667
7636.708333333333
7688.25
7689.208333333333
7616.791666666667
7647.958333333333
7632.541666666667
7667.041666666667
7652.0
7620.541666666667
7686.791666666667
7597.458333333333
7531.916666666667
7672.833333333333
7673.916666666667
7631.666666666667
7671.75
7683.041666666667
7690.541666666667
7701.833333333333
7717.333333333333
7725.333333333333
7756.25
7718.958333333333
7717.375
7729.375
7740.041666666667
7782.333333333333
7813.833333333333
7820.25
7793.041666666667
7753.083333333333
7734.583333333333
7700.625
7696.458333333333
7672.958333333333
7675.625
7695.833333333333
7688.916666666667
7723.5
7708.25
7707.041666666667
7675.25
7664.625
7676.583333333333
7640.916666666667
7617.375
7621.708333333333
7640.5
7686.5
7705.5
7715.208333333333
7730.375
7703.75
7719.708333333333
7703.458333333333
7706.708333333333
7714.541666666667
7709.541666666667
7705.375
7668.291666666667
7702.125
7725.541666666667
7728.416666666667
7671.875
7612.333333333333
7473.833333333333
7492.875
7355.166666666667
7385.916666666667
7431.625
7449.0
7443.791666666667
7445.541666666667
7341.916666666667
7214.333333333333
7301.541666666667
7442.583333333333
7524.0
7556.083333333333
7538.375
7548.625
7544.75
7538.708333333333
7545.666666666667
7561.25
7561.458333333333
7604.041666666667
7552.083333333333
7456.625
7484.666666666667
7490.875
7513.125
7542.416666666667
7535.791666666667
7572.375
7626.416666666667
7633.708333333333
7640.791666666667
7635.333333333333
7629.458333333333
7468.083333333333
7368.833333333333
7364.083333333333
7403.333333333333
7449.666666666667
7551.458333333333
7545.583333333333
7556.291666666667
7546.625
7540.791666666667
7140.833333333333
6673.541666666667
6779.625
6915.916666666667
6880.291666666667
6851.0
7086.958333333333
7163.583333333333
7155.166666666667
7243.75
7366.166666666667
7397.75
7472.708333333333
7505.666666666667
7545.291666666667
7599.625
7594.833333333333
7586.541666666667
7611.166666666667
7630.166666666667
7555.958333333333
7582.958333333333
7588.25
7559.958333333333
7599.166666666667
7562.541666666667
7592.958333333333
7609.583333333333
7539.666666666667
7415.291666666667
7514.458333333333
7529.416666666667
7534.375
7553.833333333333
7549.583333333333
7587.458333333333
7624.0
7670.125
7720.75
7738.0
7742.458333333333
7733.875
7769.0
7767.708333333333
7685.666666666667
7665.416666666667
7662.5
7640.041666666667
7556.416666666667
7494.833333333333
7536.625
7563.125
7608.375
7655.416666666667
7670.625
7700.875
7727.208333333333
7635.666666666667
7644.125
7671.416666666667
7671.791666666667
7657.25
7632.875
7638.25
7683.041666666667
7667.75
7621.166666666667
7620.458333333333
7602.416666666667
7633.083333333333
7698.875
7584.875
7596.25
7595.666666666667
7575.166666666667
7590.375
7577.541666666667
7573.291666666667
7559.25
7611.75
7611.333333333333
7622.125
7643.125
7598.0
7436.083333333333
7468.0
7489.75
7484.416666666667
7459.625
7470.208333333333
7447.375
7458.625
7454.166666666667
7439.583333333333
7455.125
7487.041666666667
7568.875
7566.75
7571.458333333333
7586.0
7529.416666666667
7331.458333333333
7393.333333333333
7448.333333333333
7493.916666666667
7490.958333333333
7514.625
7539.458333333333
7578.5
7565.208333333333
7571.0
7552.708333333333
7542.625
7572.875
7554.208333333333
7534.208333333333
7499.041666666667
7519.541666666667
7450.291666666667
7291.208333333333
7352.833333333333
7350.791666666667
7322.208333333333
7265.333333333333
7376.208333333333
7406.458333333333
7426.25
7427.708333333333
7387.958333333333
7092.958333333333
7061.75
7190.541666666667
7253.041666666667
7205.208333333333
7052.666666666667
7080.625
7085.75
7098.625
7194.125
7273.0
7303.791666666667
7276.75
7179.083333333333
7233.333333333333
7212.916666666667
7274.791666666667
7263.791666666667
7233.708333333333
7263.791666666667
7258.875
7263.833333333333
7255.416666666667
7271.625
7275.0
7304.625
7300.083333333333
7292.375
7321.916666666667
7284.5
7273.375
7282.916666666667
7304.041666666667
7318.208333333333
7351.916666666667
7356.5
7309.375
7277.25
7293.791666666667
7342.541666666667
7359.0
7378.875
7368.5
7366.291666666667
7392.208333333333
7417.333333333333
7428.833333333333
7461.416666666667
7451.583333333333
7460.875
7397.958333333333
7327.666666666667
7152.125
7220.291666666667
7331.5
7390.5
7413.833333333333
7443.166666666667
7457.666666666667
7467.833333333333
7409.875
7419.958333333333
7429.25
7459.458333333333
7458.0
7451.958333333333
7410.791666666667
7429.625
7451.708333333333
7466.125
7484.708333333333
7511.541666666667
7535.208333333333
7503.0
7461.625
7492.25
7526.583333333333
7513.041666666667
7437.791666666667
7386.708333333333
7413.5
7488.083333333333
7490.375
7511.875
7443.291666666667
7369.833333333333
7395.833333333333
7337.125
7350.541666666667
7347.708333333333
7301.291666666667
7331.708333333333
7361.208333333333
7393.208333333333
7427.541666666667
7425.833333333333
7419.666666666667
7454.291666666667
7476.708333333333
7495.791666666667
7534.083333333333
7519.25
7538.041666666667
7537.458333333333
7550.833333333333
7549.041666666667
7553.375
7543.875
7534.583333333333
7447.375
7469.625
7509.833333333333
7516.125
7514.083333333333
7517.833333333333
7490.875
7497.041666666667
7557.958333333333
7548.875
7466.083333333333
7537.25
7417.125
7418.958333333333
7382.208333333333
7441.0
7482.666666666667
7461.541666666667
7466.833333333333
7460.75
7422.375
7457.75
7494.041666666667
7350.25
7307.0
7363.75
7381.25
7432.875
7444.875
7475.875
7497.541666666667
7445.25
7438.791666666667
7441.416666666667
7474.75
7510.916666666667
7549.416666666667
7587.708333333333
7571.166666666667
7563.583333333333
7567.333333333333
7507.166666666667
7534.166666666667
7522.541666666667
7504.333333333333
7495.625
7471.583333333333
7485.25
7486.375
7461.958333333333
7465.166666666667
7493.416666666667
7531.75
7546.75
7564.375
7579.541666666667
7591.75
7580.833333333333
7577.791666666667
7564.833333333333
7536.625
7528.25
7511.708333333333
7514.916666666667
7515.166666666667
7565.166666666667
7551.625
7533.291666666667
7529.916666666667
7536.833333333333
7558.541666666667
7518.125
7547.166666666667
7569.041666666667
7573.75
7585.416666666667
7566.666666666667
7529.916666666667
7468.25
7428.75
7427.5
7460.708333333333
7531.291666666667
7560.166666666667
7609.875
7624.75
7583.291666666667
7514.625
7497.791666666667
7496.083333333333
7544.25
7556.958333333333
7567.333333333333
7572.125
7561.416666666667
7558.041666666667
7572.625
7541.041666666667
7562.416666666667
7554.25
7586.125
7606.041666666667
7628.666666666667
7610.583333333333
7559.291666666667
7566.0
7588.833333333333
7568.708333333333
7501.416666666667
7536.0
7562.375
7572.583333333333
7563.333333333333
7580.958333333333
7577.791666666667
7573.25
7542.791666666667
7539.166666666667
7551.75
7546.541666666667
7565.958333333333
7569.458333333333
7591.291666666667
7564.666666666667
7565.625
7589.166666666667
7606.291666666667
7647.333333333333
7637.833333333333
7635.25
7643.458333333333
7660.75
7670.0
7603.833333333333
7530.375
7463.291666666667
7323.791666666667
7242.083333333333
7203.166666666667
7280.0
7331.833333333333
7332.125
7399.208333333333
7449.833333333333
7472.083333333333
7467.208333333333
7481.541666666667
7509.541666666667
7550.291666666667
7514.541666666667
7515.875
7550.25
7574.541666666667
7614.541666666667
7624.166666666667
7648.416666666667
7601.25
7608.083333333333
7602.833333333333
7639.5
7577.458333333333
7562.333333333333
7559.583333333333
7556.833333333333
7350.916666666667
7322.0
7383.416666666667
7397.958333333333
7418.541666666667
7410.541666666667
7475.083333333333
7505.958333333333
7477.458333333333
7441.541666666667
7436.75
7415.25
7482.375
7527.25
7579.166666666667
7608.916666666667
7516.75
7491.583333333333
7513.875
7507.25
7492.583333333333
7511.083333333333
7455.375
7368.916666666667
7386.125
7395.541666666667
7414.541666666667
7411.916666666667
7408.166666666667
7389.583333333333
7369.875
7327.875
7227.041666666667
7204.666666666667
7130.25
7118.25
7110.75
7116.333333333333
7158.75
7175.958333333333
7183.583333333333
7105.375
7048.875
7128.958333333333
7193.083333333333
7226.0
7254.291666666667
7297.625
7243.625
7211.291666666667
7235.208333333333
7225.875
7258.708333333333
7260.708333333333
7184.375
7170.458333333333
7174.708333333333
7173.333333333333
7206.083333333333
7275.041666666667
7301.75
7302.666666666667
7323.5
7310.375
7302.583333333333
7343.833333333333
7372.5
7368.416666666667
7366.625
7364.291666666667
7318.458333333333
7181.583333333333
7253.916666666667
7201.333333333333
7243.125
7128.166666666667
7226.583333333333
7249.708333333333
7286.416666666667
7314.208333333333
7336.416666666667
7321.541666666667
7299.916666666667
7246.666666666667
7275.541666666667
7310.291666666667
7287.0
7210.958333333333
7232.958333333333
7270.0
7128.583333333333
7185.916666666667
7215.833333333333
7242.875
7322.791666666667
7334.125
7355.291666666667
7380.833333333333
7357.333333333333
7365.125
7385.041666666667
7392.708333333333
7420.375
7382.875
7387.5
7347.625
7303.875
7281.25
7299.458333333333
7306.708333333333
7336.708333333333
7346.666666666667
7264.708333333333
7240.5
7275.75
7307.791666666667
7336.791666666667
7371.25
7353.125
7326.25
7342.958333333333
7375.916666666667
7381.625
7388.25
7397.416666666667
7405.791666666667
7393.875
7393.125
7397.375
7353.416666666667
7362.416666666667
7369.791666666667
7237.958333333333
7287.041666666667
7310.958333333333
7317.208333333333
7348.416666666667
7368.75
7324.291666666667
7309.416666666667
7305.041666666667
7320.541666666667
7273.833333333333
7206.083333333333
7240.916666666667
7261.083333333333
7283.041666666667
7334.041666666667
7353.208333333333
7378.541666666667
7387.333333333333
7395.458333333333
7409.625
7406.583333333333
7411.75
7427.166666666667
7397.166666666667
7396.666666666667
7382.083333333333
7412.5
7446.166666666667
7425.458333333333
7435.708333333333
7447.083333333333
7427.708333333333
7420.958333333333
7452.458333333333
7485.583333333333
7460.041666666667
7487.291666666667
7479.583333333333
7364.708333333333
7362.458333333333
7400.791666666667
7420.583333333333
7451.958333333333
7492.333333333333
7525.75
7433.916666666667
7444.125
7523.333333333333
7543.333333333333
7519.0
7522.958333333333
7385.958333333333
7399.541666666667
7437.166666666667
7436.166666666667
7390.5
7436.208333333333
7559.666666666667
7538.166666666667
7473.708333333333
7373.375
7405.708333333333
7464.791666666667
7445.916666666667
7436.5
7438.541666666667
7355.75
7410.416666666667
7450.416666666667
7447.125
7476.541666666667
7467.916666666667
7432.291666666667
7419.708333333333
7440.916666666667
7461.5
7414.625
7372.166666666667
7296.583333333333
7324.541666666667
7324.916666666667
7375.583333333333
7377.666666666667
7315.625
7344.875
7412.666666666667
7393.166666666667
7417.333333333333
7447.0
7416.583333333333
7383.083333333333
7383.083333333333
7413.625
7390.416666666667
7250.75
7262.708333333333
7385.291666666667
7374.166666666667
7265.625
7269.75
7203.083333333333
7252.625
7284.708333333333
7307.041666666667
7358.25
7312.5
7323.458333333333
7307.625
7210.041666666667
7248.666666666667
7293.708333333333
7314.333333333333
7167.583333333333
7154.875
7198.875
7313.083333333333
7333.5
7326.916666666667
7301.083333333333
7327.583333333333
7309.708333333333
7378.0
7268.833333333333
7328.041666666667
7363.125
7402.666666666667
7414.958333333333
7423.291666666667
7475.625
7465.0
7368.833333333333
7364.708333333333
7398.875
7425.583333333333
7439.958333333333
7447.041666666667
7332.0
7367.041666666667
7283.625
7296.458333333333
7285.166666666667
7293.708333333333
7384.916666666667
7405.416666666667
7430.208333333333
7437.791666666667
7446.166666666667
7418.25
7412.541666666667
7405.375
7381.25
7368.083333333333
7358.083333333333
7324.791666666667
7343.208333333333
7376.458333333333
7332.083333333333
7317.708333333333
7365.958333333333
7379.125
7386.666666666667
7394.458333333333
7354.958333333333
7339.166666666667
7386.5
7329.416666666667
7336.208333333333
7322.333333333333
7335.875
7399.333333333333
7397.291666666667
7316.625
7324.416666666667
7367.416666666667
7351.833333333333
7185.625
7224.583333333333
7278.75
7306.291666666667
7168.916666666667
7127.625
7115.958333333333
7127.666666666667
7153.125
7220.541666666667
7263.625
7308.791666666667
7144.458333333333
7076.708333333333
7107.833333333333
7164.625
7213.458333333333
7225.083333333333
7273.291666666667
7310.125
7369.25
7414.333333333333
7449.916666666667
7453.416666666667
7439.833333333333
7387.791666666667
7310.75
7336.166666666667
7388.416666666667
7432.458333333333
7480.375
7491.166666666667
7479.5
7420.291666666667
7423.041666666667
7378.958333333333
7373.25
7392.458333333333
7315.791666666667
7312.0
7319.791666666667
7352.666666666667
7434.041666666667
7469.166666666667
7398.541666666667
7409.958333333333
7473.041666666667
7489.0
7450.041666666667
7333.791666666667
7343.291666666667
7336.666666666667
7319.583333333333
7316.208333333333
7334.25
7375.958333333333
7394.541666666667
7412.583333333333
7454.375
7467.333333333333
7461.791666666667
7369.708333333333
7224.291666666667
7238.375
7244.583333333333
7305.333333333333
7335.666666666667
7317.291666666667
7349.208333333333
7379.291666666667
7398.291666666667
7463.916666666667
7508.083333333333
7491.958333333333
7549.75
7558.75
7550.375
7479.333333333333
7443.625
7457.166666666667
7452.458333333333
7478.708333333333
7466.125
7464.666666666667
7490.416666666667
7546.708333333333
7559.5
7564.333333333333
7550.125
7441.708333333333
7440.708333333333
7464.125
7444.541666666667
7187.625
7116.333333333333
7453.791666666667
7323.958333333333
7313.958333333333
7329.166666666667
7324.416666666667
7359.166666666667
7348.541666666667
7376.541666666667
7323.083333333333
7266.875
7345.791666666667
7320.041666666667
7403.625
7421.375
7439.458333333333
7446.75
7379.541666666667
7238.833333333333
7298.25
7389.291666666667
7399.666666666667
7419.708333333333
7436.791666666667
7419.083333333333
7389.833333333333
7324.958333333333
7314.416666666667
7234.666666666667
7153.291666666667
7117.958333333333
7162.083333333333
7196.083333333333
7215.625
7263.666666666667
7269.208333333333
7275.958333333333
7282.166666666667
7277.708333333333
7267.041666666667
7287.75
7300.0
7324.416666666667
7340.375
7348.666666666667
7343.041666666667
7343.458333333333
7350.791666666667
7321.166666666667
7359.5
7289.25
7312.25
7350.958333333333
7359.541666666667
7297.541666666667
7252.333333333333
7262.166666666667
7270.625
7315.041666666667
7335.25
7360.083333333333
7380.583333333333
7416.583333333333
7455.458333333333
7451.5
7442.791666666667
7441.833333333333
7437.875
7426.625
7437.5
7449.083333333333
7451.375
7446.791666666667
7437.416666666667
7406.0
7382.75
7362.791666666667
7545.375
7966.7692307692305
7576.478260869565
7634.375
7577.875
7510.083333333333
7363.125
7349.083333333333
7364.958333333333
7370.75
7426.375
7441.958333333333
7436.208333333333
7446.625
7428.75
7465.375
7499.625
7504.125
7505.375
7520.958333333333
7530.208333333333
7522.25
7480.416666666667
7481.916666666667
7466.5
7461.625
7483.25
7490.208333333333
7514.5
7532.75
7412.291666666667
7404.333333333333
7262.375
7232.958333333333
7258.75
7254.458333333333
7248.0
7116.083333333333
6946.208333333333
7004.916666666667
7128.666666666667
7238.625
7297.166666666667
7291.791666666667
7405.875
7486.583333333333
7575.875
7627.333333333333
7583.458333333333
7544.458333333333
7498.333333333333
7473.875
7460.875
7441.208333333333
7451.208333333333
7335.25
7299.0
7318.541666666667
7338.625
7306.291666666667
7274.541666666667
7266.333333333333
7314.208333333333
7363.625
7415.416666666667
7393.416666666667
7411.583333333333
7465.958333333333
7463.291666666667
7431.625
7520.875
7579.125
7634.083333333333
7639.583333333333
7607.5
7530.458333333333
7422.0
7412.583333333333
7450.208333333333
7371.208333333333
7340.291666666667
7328.0
7294.083333333333
7270.708333333333
7311.0
7392.041666666667
7366.208333333333
7296.458333333333
7283.5
7252.458333333333
6968.291666666667
7201.541666666667
7192.083333333333
7236.333333333333
7226.5
7264.25
7123.25
7158.458333333333
7186.25
7294.0
7353.541666666667
7353.166666666667
7361.166666666667
7444.083333333333
7507.708333333333
7545.208333333333
7552.958333333333
7544.833333333333
7455.958333333333
7393.75
7360.625
7373.25
7410.541666666667
7418.291666666667
7387.625
7393.041666666667
7378.5
7310.041666666667
7165.541666666667
7133.625
7147.0
6982.958333333333
6997.458333333333
6975.666666666667
7015.958333333333
7087.458333333333
7142.833333333333
7189.166666666667
7232.541666666667
7282.791666666667
7339.291666666667
7415.25
7471.375
7560.25
7556.125
7497.083333333333
7499.625
7390.0
7009.0
6942.583333333333
6926.458333333333
7012.375
7044.25
7068.166666666667
7092.041666666667
7069.541666666667
7021.583333333333
6960.75
6943.875
6987.083333333333
7062.125
7116.916666666667
7136.333333333333
7126.666666666667
7076.916666666667
7118.5
7206.5
7298.416666666667
7353.208333333333
7393.458333333333
7416.833333333333
7447.958333333333
7449.833333333333
7368.291666666667
7310.916666666667
7320.375
7308.608695652174
7334.416666666667
7278.916666666667
7234.333333333333
7247.958333333333
7256.791666666667
7226.5
7143.529411764706
7107.222222222223
7143.333333333333
7083.75
7054.375
7039.5
7062.416666666667
7046.391304347826
7079.333333333333
7091.125
7115.25
7115.291666666667
7107.708333333333
7113.0
7160.333333333333
7209.083333333333
7271.0
7309.833333333333
7323.333333333333
7298.166666666667
7261.875
7229.291666666667
7202.625
7159.666666666667
7146.333333333333
7159.0
7317.791666666667
7291.958333333333
7294.166666666667
7268.25
7288.333333333333
7308.416666666667
7334.875
7346.208333333333
7334.916666666667
7272.041666666667
7246.0
7224.222222222223
7234.875
7264.708333333333
7263.916666666667
7286.875
7332.791666666667
7309.083333333333
7268.833333333333
7169.166666666667
7170.333333333333
7191.375
7186.541666666667
7175.875
6972.375
6996.916666666667
7031.416666666667
7101.25
7159.416666666667
7098.041666666667
7103.916666666667
7163.583333333333
7225.791666666667
7231.291666666667
7197.125
7178.791666666667
7142.625
7149.25
7159.041666666667
7046.416666666667
7161.916666666667
7171.625
7231.041666666667
7276.791666666667
7302.958333333333
7309.125
7323.291666666667
7321.0
7193.833333333333
7169.583333333333
7181.041666666667
7201.833333333333
7241.791666666667
7230.625
7250.916666666667
7238.958333333333
7222.25
7226.125
7296.0
7269.583333333333
7242.166666666667
7248.583333333333
7260.291666666667
7275.625
7296.541666666667
7307.166666666667
7329.083333333333
7351.75
7353.791666666667
7335.375
7317.375
7320.916666666667
7314.375
7278.625
7131.875
7114.416666666667
7171.916666666667
7220.0
7237.458333333333
7258.625
7274.458333333333
7297.125
7339.083333333333
7365.333333333333
7406.583333333333
7401.333333333333
7376.083333333333
7343.166666666667
7310.625
7354.458333333333
7379.75
7368.083333333333
7421.791666666667
7433.291666666667
7488.625
7502.041666666667
7505.666666666667
7484.416666666667
7456.166666666667
7424.25
7409.083333333333
7421.541666666667
7420.666666666667
7440.416666666667
7443.166666666667
7426.25
7439.541666666667
7398.708333333333
7410.416666666667
7437.458333333333
7481.416666666667
7510.666666666667
7473.541666666667
7421.583333333333
7325.0
7353.458333333333
7377.625
7381.833333333333
7416.708333333333
7434.458333333333
7404.375
7247.333333333333
6878.5
6927.458333333333
6806.916666666667
6933.916666666667
6991.791666666667
7079.708333333333
7156.666666666667
7284.5
7327.833333333333
7356.75
7368.166666666667
7403.541666666667
7369.25
7386.5
7389.666666666667
7394.916666666667
7423.583333333333
7458.166666666667
7403.791666666667
7398.25
7282.75
7300.208333333333
7355.333333333333
7322.75
7347.166666666667
7371.708333333333
7387.875
7392.75
7407.833333333333
7385.333333333333
7413.791666666667
7408.083333333333
7413.916666666667
7397.166666666667
7388.291666666667
7414.875
7453.416666666667
7489.375
7472.916666666667
7461.166666666667
7456.875
7449.916666666667
7461.875
7475.458333333333
7480.333333333333
7432.208333333333
7428.125
7422.291666666667
7420.166666666667
7311.333333333333
7272.625
7321.125
7354.916666666667
7287.458333333333
7245.833333333333
7277.708333333333
7337.625
7391.666666666667
7394.166666666667
7390.083333333333
7398.5
7416.0
7451.708333333333
7463.583333333333
7353.166666666667
7318.666666666667
7377.25
7408.416666666667
7454.708333333333
7447.833333333333
7472.291666666667
7503.375
7502.458333333333
7490.833333333333
7455.166666666667
7444.458333333333
7379.208333333333
7294.083333333333
7299.625
7317.875
7245.208333333333
7240.0
7267.5
7281.125
7331.375
7345.416666666667
7365.583333333333
7382.916666666667
7477.708333333333
7414.75
7463.541666666667
7436.916666666667
7416.833333333333
7404.125
7411.041666666667
7429.208333333333
7444.791666666667
7440.458333333333
7458.583333333333
7484.166666666667
7527.333333333333
7508.583333333333
7439.708333333333
7393.083333333333
7401.0
7394.333333333333
7383.875
7424.458333333333
7421.0
7446.25
7417.916666666667
7411.416666666667
7420.666666666667
7413.5
7392.666666666667
7446.958333333333
7476.833333333333
7493.416666666667
7485.291666666667
7490.291666666667
7522.375
7530.625
7529.791666666667
7524.458333333333
7441.041666666667
7440.666666666667
7484.708333333333
7505.416666666667
7518.166666666667
7487.041666666667
7491.75
7523.708333333333
7547.25
7570.458333333333
7468.041666666667
7493.791666666667
7474.25
7319.75
7367.916666666667
7387.916666666667
7343.166666666667
7372.541666666667
7401.833333333333
7426.333333333333
7428.541666666667
7460.25
7451.916666666667
7507.791666666667
7515.416666666667
7448.166666666667
7447.5
7449.375
7510.541666666667
7539.458333333333
7583.375
7597.083333333333
7551.166666666667
7521.333333333333
7512.541666666667
7606.75
7632.791666666667
7653.583333333333
7607.458333333333
7563.875
7524.166666666667
7491.958333333333
7422.958333333333
7403.25
7410.458333333333
7425.0
7412.0
7414.916666666667
7421.666666666667
7434.666666666667
7484.916666666667
7435.458333333333
7456.541666666667
7451.041666666667
7462.958333333333
7473.541666666667
7302.958333333333
7306.0
7398.5
7445.916666666667
7470.583333333333
7447.791666666667
7612.708333333333
7596.333333333333
7582.041666666667
7598.25
7596.958333333333
7381.75
7408.125
7454.541666666667
7488.916666666667
7521.625
7587.333333333333
7635.791666666667
7650.125
7656.166666666667
7655.208333333333
7651.5
7616.458333333333
7602.291666666667
7588.75
7597.75
7620.458333333333
7635.875
7587.291666666667
7593.416666666667
7547.583333333333
7548.916666666667
7545.625
7549.541666666667
7571.0
7652.583333333333
7747.541666666667
7736.125
7662.833333333333
7655.25
7706.166666666667
7727.666666666667
7721.708333333333
7727.125
7759.541666666667
7800.291666666667
7688.458333333333
7648.333333333333
7677.375
7680.375
7655.833333333333
7696.916666666667
7726.791666666667
7755.625
7733.458333333333
7680.375
7677.041666666667
7599.5
7592.125
7581.916666666667
7555.958333333333
7603.375
7686.25
7692.875
7741.666666666667
7756.666666666667
7789.208333333333
7778.166666666667
7752.333333333333
7707.291666666667
7674.875
7663.5
7702.291666666667
7777.25
7779.458333333333
7770.333333333333
7775.041666666667
7737.458333333333
7648.791666666667
7644.375
7705.625
7768.5
7760.416666666667
7723.875
7718.583333333333
7679.375
7658.208333333333
7679.416666666667
7667.583333333333
7722.25
7724.083333333333
7749.25
7771.75
7760.125
7745.458333333333
7697.958333333333
7673.916666666667
7641.958333333333
7639.666666666667
7710.875
7697.208333333333
7714.75
7757.583333333333
7814.875
7813.75
7798.625
7795.833333333333
7808.875
7781.0
7741.666666666667
7766.875
7787.625
7785.833333333333
7688.875
7735.166666666667
7730.25
7616.666666666667
7588.375
7632.125
7657.375
7716.25
7723.833333333333
7692.666666666667
7659.083333333333
7637.708333333333
7614.041666666667
7655.083333333333
7658.375
7654.125
7683.625
7718.166666666667
7774.333333333333
7799.833333333333
7763.416666666667
7758.708333333333
7751.125
7715.666666666667
7736.458333333333
7720.041666666667
7703.083333333333
7693.541666666667
7685.625
7727.208333333333
7774.708333333333
7807.041666666667
7828.541666666667
7830.541666666667
7771.291666666667
7763.875
7725.666666666667
7707.416666666667
7678.166666666667
7602.375
7630.791666666667
7685.291666666667
7704.333333333333
7709.75
7748.708333333333
7787.833333333333
7761.833333333333
7722.125
7719.25
7696.541666666667
7729.0
7748.083333333333
7794.375
7860.333333333333
7889.916666666667
7834.416666666667
7796.416666666667
7808.208333333333
7817.541666666667
7847.25
7856.291666666667
7833.083333333333
7814.333333333333
7749.541666666667
7661.166666666667
7607.166666666667
7559.125
7553.916666666667
7588.125
7657.0
7719.041666666667
7774.5
7811.0
7700.041666666667
7692.708333333333
7665.125
7679.166666666667
7662.041666666667
7688.166666666667
7697.25
7737.583333333333
7720.416666666667
7735.666666666667
7742.5
7768.625
7829.125
7863.333333333333
7852.666666666667
7744.625
7732.625
7659.25
7638.208333333333
7589.041666666667
7567.291666666667
7579.333333333333
7582.666666666667
7616.25
7663.875
7708.875
7734.875
7593.541666666667
7575.625
7615.25
7670.208333333333
7694.083333333333
7681.0
7710.541666666667
7722.666666666667
7753.0
7756.083333333333
7788.458333333333
7818.875
7847.541666666667
7819.25
7702.291666666667
7744.083333333333
7758.666666666667
7711.166666666667
7703.583333333333
7724.166666666667
7686.833333333333
7657.875
7672.875
7724.875
7772.875
7788.791666666667
7767.25
7773.708333333333
7777.75
7738.166666666667
7709.958333333333
7664.625
7665.333333333333
7667.625
7748.833333333333
7694.583333333333
7739.791666666667
7788.958333333333
7822.541666666667
7853.75
7875.958333333333
7871.458333333333
7816.166666666667
7746.458333333333
7705.625
7662.083333333333
7661.25
7674.166666666667
7691.708333333333
7721.208333333333
7693.166666666667
7722.625
7792.166666666667
7785.208333333333
7803.5
7830.291666666667
7860.125
7885.916666666667
7883.791666666667
7870.958333333333
7815.333333333333
7799.125
7766.791666666667
7778.958333333333
7778.583333333333
7773.25
7805.375
7837.708333333333
7841.208333333333
7768.583333333333
7750.875
7752.041666666667
7790.958333333333
7807.791666666667
7825.416666666667
7785.708333333333
7776.5
7794.0
7851.75
7853.833333333333
7889.625
7921.708333333333
7903.833333333333
7923.166666666667
7885.916666666667
7834.541666666667
7905.666666666667
7791.625
7827.083333333333
7796.0
7810.5
7820.5
7828.291666666667
7826.625
7864.291666666667
7868.125
7831.75
7812.833333333333
7767.375
7781.041666666667
7789.125
7797.708333333333
7787.041666666667
7832.916666666667
7907.333333333333
7902.958333333333
7865.5
7866.625
7936.166666666667
7979.208333333333
7981.541666666667
7957.333333333333
7934.791666666667
7910.5
7920.478260869565
7928.583333333333
7858.041666666667
7828.375
7863.375
7916.25
7945.958333333333
7957.25
7963.333333333333
8004.625
7991.0
7827.541666666667
7752.875
7765.958333333333
7767.75
7798.5
7799.916666666667
7821.833333333333
7846.875
7883.875
7907.0
7882.5
7951.083333333333
7987.166666666667
8000.166666666667
7931.0
7945.416666666667
7965.916666666667
7986.583333333333
7941.833333333333
7922.75
7897.541666666667
7918.875
7930.458333333333
7926.791666666667
7919.0
7944.041666666667
7948.625
7854.125
7816.125
7830.75
7892.25
7923.75
7907.833333333333
7891.25
7916.208333333333
7931.916666666667
7902.333333333333
7923.791666666667
7973.125
8004.958333333333
7970.125
7983.041666666667
7999.375
7961.375
7909.708333333333
7864.958333333333
7905.208333333333
7875.125
7881.125
7872.541666666667
7894.208333333333
7949.041666666667
7942.916666666667
7933.375
7908.041666666667
7847.583333333333
7783.375
7848.375
7881.166666666667
7878.916666666667
7892.875
7887.041666666667
7913.416666666667
7902.666666666667
7891.958333333333
7898.291666666667
7886.75
7952.166666666667
7950.875
8025.333333333333
7987.541666666667
7941.708333333333
7930.833333333333
7918.708333333333
7898.583333333333
7854.958333333333
7855.0
7864.916666666667
7880.541666666667
7835.666666666667
7842.041666666667
7903.666666666667
7944.875
7977.583333333333
7989.708333333333
7977.875
8039.708333333333
8032.208333333333
8033.041666666667
8040.75
8071.875
8101.666666666667
8068.041666666667
8073.375
8060.541666666667
8050.916666666667
8048.833333333333
8070.291666666667
8078.916666666667
8043.166666666667
7999.375
8026.458333333333
8019.125
8033.916666666667
7983.291666666667
7960.75
7998.666666666667
8021.25
8009.333333333333
8012.583333333333
8028.291666666667
7998.958333333333
8039.916666666667
8114.958333333333
8111.291666666667
8111.958333333333
8104.916666666667
8109.083333333333
8129.083333333333
8078.291666666667
8047.416666666667
8068.583333333333
7999.333333333333
8031.166666666667
8142.833333333333
8120.125
8113.583333333333
8093.208333333333
8064.916666666667
8047.666666666667
8016.166666666667
7997.916666666667
7958.625
7951.583333333333
7916.833333333333
7942.291666666667
7979.041666666667
7993.833333333333
7981.791666666667
8033.791666666667
8047.625
8056.833333333333
8075.333333333333
8075.458333333333
8106.916666666667
8117.875
8107.791666666667
8112.333333333333
8074.041666666667
8052.625
8078.041666666667
7985.083333333333
7925.708333333333
7921.75
7919.208333333333
7954.75
7973.916666666667
7905.208333333333
7895.125
7921.125
7953.458333333333
7933.875
7894.416666666667
7925.791666666667
7956.375
7973.583333333333
8006.458333333333
8009.875
8028.666666666667
8028.041666666667
8063.708333333333
8082.958333333333
8064.958333333333
8072.375
8016.0
7970.25
7991.875
8004.833333333333
8048.208333333333
8023.166666666667
8025.083333333333
8036.666666666667
8058.458333333333
8047.125
8034.0
8037.125
8008.25
7904.75
7980.916666666667
7987.708333333333
7999.375
8035.291666666667
8025.916666666667
8001.75
8031.25
8011.791666666667
7979.25
7978.333333333333
7995.625
8001.5
8029.666666666667
8065.5
8097.083333333333
8086.208333333333
8084.458333333333
8091.416666666667
8088.875
8028.041666666667
8031.458333333333
8051.333333333333
8079.416666666667
8091.875
8070.125
8043.333333333333
7987.875
7972.208333333333
7935.625
7928.125
7908.166666666667
7892.166666666667
7906.541666666667
7933.666666666667
7964.041666666667
7973.208333333333
7985.166666666667
8009.375
8012.708333333333
8002.166666666667
7987.208333333333
7986.833333333333
8015.708333333333
7950.875
7999.416666666667
8027.166666666667
8037.125
8034.666666666667
7854.583333333333
7766.333333333333
7845.791666666667
7958.625
7985.083333333333
7948.625
7870.916666666667
7809.541666666667
7803.083333333333
7821.5
7838.458333333333
7857.333333333333
7852.041666666667
7823.125
7856.458333333333
7826.333333333333
7778.958333333333
7770.875
7826.625
7791.625
7812.125
7824.458333333333
7856.75
7845.958333333333
7864.875
7920.958333333333
7959.125
7932.041666666667
7956.875
7949.5
7888.625
7866.833333333333
7830.208333333333
7786.208333333333
7753.583333333333
7726.833333333333
7733.875
7744.916666666667
7759.5
7764.291666666667
7815.0
7848.625
7845.25
7853.833333333333
7898.541666666667
7936.583333333333
7883.791666666667
7890.333333333333
7856.333333333333
7846.458333333333
7819.375
7834.208333333333
7894.708333333333
7821.583333333333
7487.166666666667
7586.583333333333
7764.583333333333
7834.875
7837.833333333333
7810.833333333333
7797.041666666667
7794.041666666667
7798.083333333333
7822.416666666667
7819.583333333333
7808.458333333333
7757.833333333333
7753.291666666667
7773.125
7762.541666666667
7731.75
7728.791666666667
7741.333333333333
7693.25
7657.583333333333
7683.458333333333
7743.041666666667
7758.0
7796.5
7861.791666666667
7930.416666666667
7933.875
7915.375
7904.375
7840.875
7815.708333333333
7834.458333333333
7851.208333333333
7864.75
7804.458333333333
7810.833333333333
7853.125
7901.25
7958.958333333333
7988.083333333333
7965.0
7964.291666666667
7931.291666666667
7924.083333333333
7870.791666666667
7844.791666666667
7830.5
7912.583333333333
7945.708333333333
7927.083333333333
7926.583333333333
7968.333333333333
7991.916666666667
8014.875
7962.416666666667
7929.583333333333
7914.916666666667
7933.833333333333
7957.958333333333
7945.625
7863.25
7877.583333333333
7907.083333333333
7943.625
7964.916666666667
7979.333333333333
7936.0
7960.5
7934.208333333333
7995.333333333333
8041.708333333333
8061.666666666667
8064.666666666667
7995.375
8049.75
8079.375
8093.916666666667
8032.625
8070.708333333333
8036.958333333333
8010.291666666667
7986.041666666667
7899.958333333333
7856.25
7897.666666666667
7914.833333333333
7964.625
7940.583333333333
7926.916666666667
7907.541666666667
7918.75
7917.375
7940.125
7934.583333333333
7897.958333333333
7855.583333333333
7870.208333333333
7872.583333333333
7898.875
7885.708333333333
7875.125
7863.916666666667
7834.666666666667
8010.166666666667
8050.541666666667
8086.666666666667
8052.041666666667
8025.041666666667
8020.75
7985.833333333333
7921.041666666667
7889.958333333333
7857.0
7911.666666666667
7880.125
7882.375
7898.25
7892.625
7909.0
7919.208333333333
7952.875
7936.625
7900.166666666667
7896.583333333333
7906.375
7916.833333333333
7921.791666666667
7928.833333333333
7945.208333333333
7995.041666666667
8028.541666666667
8062.375
8064.416666666667
8010.375
8001.25
7992.583333333333
8006.208333333333
7992.541666666667
7951.958333333333
7902.666666666667
7869.125
7856.5
7836.375
7837.333333333333
7858.75
7875.416666666667
7873.083333333333
7882.833333333333
7850.333333333333
7801.125
7811.5
7853.708333333333
7861.166666666667
7839.041666666667
7841.166666666667
7876.458333333333
7897.458333333333
7927.458333333333
7929.208333333333
7958.75
7917.916666666667
7890.75
7933.75
7947.125
7944.25
7968.791666666667
7952.083333333333
7893.291666666667
7850.291666666667
7811.875
7781.333333333333
7759.125
7789.541666666667
7827.916666666667
7875.208333333333
7887.875
7898.083333333333
7887.833333333333
7898.791666666667
7887.083333333333
7888.25
7887.083333333333
7883.916666666667
7909.833333333333
7918.416666666667
7958.791666666667
7988.083333333333
7976.708333333333
7961.5
7930.375
7926.583333333333
7926.166666666667
7935.458333333333
7976.875
7972.875
7854.875
7821.5
7831.375
7850.5
7873.75
7883.375
7895.208333333333
7898.208333333333
7937.5
8000.5
8001.416666666667
8025.625
8001.125
7987.5
8012.791666666667
8053.625
8079.791666666667
8092.166666666667
8067.833333333333
8060.958333333333
8040.416666666667
8042.833333333333
8070.291666666667
8090.291666666667
8115.416666666667
8114.041666666667
8071.958333333333
8069.041666666667
8055.75
8038.958333333333
7992.166666666667
7995.041666666667
8008.833333333333
8029.125
8038.583333333333
8019.25
8013.583333333333
8023.5
8035.875
8026.291666666667
8024.041666666667
8026.583333333333
8027.291666666667
8048.875
8061.666666666667
8052.708333333333
8028.708333333333
8016.666666666667
8003.041666666667
8000.958333333333
7987.916666666667
7995.75
8011.958333333333
8030.208333333333
8040.166666666667
7996.375
7979.5
8012.958333333333
8009.791666666667
7975.375
7938.0
7937.583333333333
7930.5
7919.416666666667
7967.416666666667
7967.583333333333
7957.041666666667
7997.083333333333
8025.916666666667
8050.041666666667
8047.541666666667
8054.541666666667
8049.375
8068.208333333333
8059.875
8086.541666666667
8073.333333333333
8096.416666666667
8101.083333333333
8121.916666666667
8138.083333333333
8153.375
8148.166666666667
8100.208333333333
8057.125
8084.041666666667
8059.458333333333
8016.291666666667
8002.541666666667
8020.791666666667
8038.416666666667
8036.375
7980.291666666667
7928.791666666667
7968.041666666667
7968.75
7984.833333333333
7985.375
8007.25
7992.0
7967.666666666667
7995.625
8028.75
8026.916666666667
8051.833333333333
8034.666666666667
8035.416666666667
8057.375
8060.416666666667
8062.583333333333
8040.625
8007.416666666667
8030.041666666667
8046.666666666667
8038.25
8033.458333333333
7980.666666666667
7998.458333333333
8016.666666666667
8035.916666666667
7994.458333333333
8003.541666666667
8029.083333333333
8032.833333333333
8046.291666666667
8043.0
8029.833333333333
8014.958333333333
8021.125
8009.125
7982.333333333333
8000.041666666667
8021.5
8028.625
8058.041666666667
8078.125
8087.083333333333
8060.791666666667
8047.5
8028.166666666667
8024.375
8029.416666666667
8054.5
8092.5
8105.875
8095.416666666667
8031.875
7991.583333333333
8017.958333333333
8048.166666666667
8073.083333333333
8044.291666666667
8045.833333333333
8059.291666666667
8051.791666666667
7975.333333333333
8043.583333333333
7972.041666666667
7978.083333333333
7970.583333333333
7980.333333333333
7994.291666666667
8004.791666666667
8015.75
8020.0
8025.5
8019.875
8004.291666666667
8037.125
8018.291666666667
8024.375
8008.333333333333
7981.791666666667
8049.125
8076.708333333333
8024.375
8042.583333333333
8084.25
8130.291666666667
8099.208333333333
8097.458333333333
8104.041666666667
8138.416666666667
8025.25
7985.875
8081.583333333333
8104.583333333333
8141.458333333333
8165.541666666667
8145.666666666667
8133.666666666667
8141.583333333333
8137.416666666667
8158.5
8159.583333333333
8135.083333333333
8161.291666666667
8189.041666666667
8137.708333333333
8078.583333333333
8113.583333333333
8133.875
8069.541666666667
8057.166666666667
8050.208333333333
8036.791666666667
8047.791666666667
8066.166666666667
8043.375
8072.833333333333
8103.916666666667
8095.041666666667
8079.708333333333
8110.041666666667
8141.5
8141.791666666667
8148.833333333333
8163.416666666667
8138.916666666667
8131.458333333333
8104.25
8086.458333333333
8083.625
8126.708333333333
8122.333333333333
8144.75
8134.833333333333
8061.208333333333
8069.0
8063.625
8001.208333333333
8034.75
8001.0
7996.833333333333
7994.958333333333
7994.416666666667
8014.583333333333
7991.25
7986.583333333333
7994.333333333333
8000.916666666667
7996.25
8069.625
8062.791666666667
8059.666666666667
8109.291666666667
8121.708333333333
8142.833333333333
8180.708333333333
8146.291666666667
8124.5
8114.75
8074.5
8134.041666666667
8134.25
8124.666666666667
8063.125
8041.666666666667
8030.666666666667
8031.875
8008.75
7943.541666666667
7937.958333333333
7943.166666666667
7944.75
7948.375
7956.541666666667
7955.375
7992.333333333333
8019.75
7997.583333333333
7998.791666666667
8015.0
8051.375
8079.208333333333
8102.25
8127.125
8128.166666666667
8078.583333333333
8079.541666666667
8057.541666666667
8037.375
8042.625
8020.25
7982.291666666667
7977.583333333333
7983.041666666667
7988.416666666667
7955.875
7911.5
7939.916666666667
7935.708333333333
7902.041666666667
7892.083333333333
7842.833333333333
7832.041666666667
7857.083333333333
7884.0
7871.583333333333
7882.083333333333
7894.125
7916.125
7939.875
7941.125
7960.166666666667
7962.166666666667
7942.166666666667
7891.125
7847.791666666667
7844.0
7856.875
7841.458333333333
7829.791666666667
7855.541666666667
7840.625
7790.25
7761.958333333333
7782.208333333333
7785.041666666667
7815.0
7809.083333333333
7807.125
7786.833333333333
7757.083333333333
7761.416666666667
7964.458333333333
8079.708333333333
8089.125
8052.708333333333
8062.25
8081.333333333333
8080.875
8099.25
8136.833333333333
8137.416666666667
8107.833333333333
8070.75
8096.041666666667
8117.583333333333
8128.958333333333
8118.625
8132.5
8147.875
8130.291666666667
8133.583333333333
8151.791666666667
8170.041666666667
8182.333333333333
8166.166666666667
8156.833333333333
8155.583333333333
8187.541666666667
8174.708333333333
8163.791666666667
8150.166666666667
8107.75
8099.791666666667
8122.333333333333
8087.666666666667
8044.541666666667
8052.791666666667
8069.75
8088.916666666667
8109.333333333333
8129.625
8114.0
8146.416666666667
8166.166666666667
8173.666666666667
8154.166666666667
8097.291666666667
8109.166666666667
8131.166666666667
8134.833333333333
8100.291666666667
8084.541666666667
8099.375
8096.5
8069.583333333333
8089.5
8124.333333333333
8149.125
8139.416666666667
8119.291666666667
8086.791666666667
8081.291666666667
8077.083333333333
8062.166666666667
8043.083333333333
8061.333333333333
8076.125
8084.708333333333
8091.333333333333
8083.416666666667
8101.416666666667
8077.791666666667
8089.791666666667
8090.75
8096.333333333333
8109.458333333333
8104.333333333333
8115.916666666667
8128.0
8140.0
8153.0
8150.291666666667
8123.25
8121.541666666667
8120.916666666667
8082.916666666667
8045.541666666667
8022.625
8010.041666666667
7968.583333333333
7904.25
7920.75
7959.416666666667
7959.041666666667
7967.25
7910.25
7909.75
7954.708333333333
7977.916666666667
8010.958333333333
8037.166666666667
8084.041666666667
8099.791666666667
8095.916666666667
8116.458333333333
8170.541666666667
8144.5
8112.875
8104.666666666667
8133.708333333333
8121.083333333333
8147.291666666667
8137.875
8108.083333333333
8088.75
8105.125
8066.666666666667
8054.541666666667
8082.333333333333
8069.583333333333
8127.416666666667
8104.833333333333
8074.125
8022.791666666667
7982.083333333333
8019.25
8042.791666666667
8061.416666666667
8065.583333333333
8101.208333333333
8088.416666666667
8054.75
8068.0
8094.208333333333
8057.916666666667
8061.166666666667
8076.291666666667
8090.666666666667
8085.625
8074.625
8081.0
8037.208333333333
8039.583333333333
8065.833333333333
8069.5
8069.5
8078.0
8100.833333333333
8082.875
8010.041666666667
7991.0
8037.75
8017.916666666667
8001.208333333333
8023.625
8007.583333333333
8018.458333333333
8014.541666666667
7996.708333333333
8022.416666666667
8050.666666666667
8031.75
8049.708333333333
8059.541666666667
8044.916666666667
8011.541666666667
7996.875
8007.833333333333
7982.916666666667
8049.458333333333
8075.791666666667
8038.416666666667
8009.083333333333
8039.458333333333
8068.666666666667
8045.791666666667
8011.208333333333
8019.458333333333
8019.625
8043.833333333333
7988.583333333333
7984.416666666667
8006.25
8018.458333333333
7989.166666666667
8020.833333333333
8038.541666666667
8036.375
8003.333333333333
8004.083333333333
8037.708333333333
8031.666666666667
8025.208333333333
8049.291666666667
8053.583333333333
8057.583333333333
8058.875
8077.25
8036.416666666667
8010.208333333333
8025.333333333333
8013.25
7969.458333333333
7945.916666666667
7948.875
7985.041666666667
8018.416666666667
8035.75
8026.166666666667
8027.75
8025.0
8029.291666666667
8023.333333333333
8055.833333333333
8086.25
8086.208333333333
8058.625
8055.083333333333
8091.833333333333
8084.333333333333
8116.208333333333
8131.833333333333
8155.0
8175.375
8156.0
8099.458333333333
8113.833333333333
8107.041666666667
8137.291666666667
8114.833333333333
8087.5
8139.125
8148.5
8139.875
8115.041666666667
8079.708333333333
8099.958333333333
8099.0
8099.541666666667
8070.541666666667
8126.875
8150.458333333333
8129.833333333333
8159.916666666667
8165.041666666667
8145.291666666667
8126.666666666667
8092.916666666667
8071.041666666667
8080.333333333333
8090.625
8117.875
8105.541666666667
8124.416666666667
8140.916666666667
8134.333333333333
8103.875
8028.75
8027.166666666667
8023.0
8029.166666666667
8048.0
8036.416666666667
8037.833333333333
8036.916666666667
8040.791666666667
8017.416666666667
8020.375
8024.75
8045.416666666667
8039.666666666667
8037.041666666667
8013.916666666667
8033.208333333333
8029.416666666667
7991.416666666667
7949.25
7945.75
7969.166666666667
7967.708333333333
7964.666666666667
7944.791666666667
7946.416666666667
8005.416666666667
8050.916666666667
8025.5
8054.875
8074.125
8098.5
8121.041666666667
8142.625
8126.875
8125.583333333333
8112.5
