8089.923387096775
8093.579301075269
8126.428571428572
8173.569892473119
8219.470833333333
8210.424731182795
8199.8375
8187.4744623655915
8172.137096774193
8199.065277777778
8205.31317204301
8148.077777777778
8182.158602150537
8165.595430107527
8020.610119047619
8008.543010752688
7916.666666666667
7907.376344086021
7883.563888888889
7862.745967741936
7828.10752688172
7845.879166666667
7870.528225806452
7839.863888888889
7820.014784946236
7855.782258064516
7860.349702380952
7784.548387096775
7627.011111111111
7711.263440860215
7502.604166666667
7567.8494623655915
7587.997311827957
7574.436111111111
7548.758064516129
7621.758333333333
7714.079301075269
7610.5161290322585
7517.10632183908
7357.466397849463
7614.0888888888885
7624.248655913979
7502.854166666667
7279.967741935484
7318.448924731183
7430.990277777778
7449.0470430107525
7457.802777777778
7520.958333333333
7533.541666666667
7566.1235119047615
7503.7970430107525
7515.655555555555
7294.325268817204
7259.294444444445
7305.8494623655915
7339.75
7382.370833333333
7447.513440860215
7389.095833333334
7304.489247311828
7375.981182795699
7284.587797619048
7354.708333333333
7379.898611111111
7423.438172043011
7313.020833333333
7362.182795698925
7472.839779005525
7366.722222222223
7404.271505376344
7330.5875
7178.670698924731
7215.424410540915
7214.066767830045
7187.217630853995
7251.0569444444445
7343.009408602151
7304.490277777778
7389.8696236559135
7392.3481182795695
7396.6875
7460.149193548387
7483.120343839541
7473.877688172043
7610.456989247312
7692.525862068966
7716.239247311828
7717.697222222222
7730.32123655914
7736.763888888889
7700.2768817204305
7751.333333333333
7774.968055555555
7832.009408602151
7889.435326842838
7925.0053763440865
7912.209677419355
7978.101190476191
8053.6612903225805
8002.620833333333
8005.430107526881
8017.673611111111
7923.779569892473
7839.5887096774195
7771.683333333333
7891.193548387097
7981.469444444445
7929.018944519621
7933.965053763441
7875.672619047619
7904.8387096774195
8041.609722222222
8001.529569892473
8047.634722222222
8024.387096774193
8035.163978494624
8064.393055555555
8108.951612903225
8064.540277777778
8033.104838709677
7903.259408602151
7984.290178571428
8131.038978494624
8095.769444444444
8048.185483870968
8076.480555555556
8034.967741935484
8025.580645161291
8075.523611111111
8096.772849462365
8031.868055555556
