3405.456989247312
3426.6612903225805
3443.8628912071536
3441.7855113636365
3439.0493066255776
3431.7240875912407
3427.24808575804
3422.3549295774646
3424.280726256983
3437.005376344086
3438.57719054242
3439.685483870968
3431.9139784946237
3415.627976190476
3404.3951612903224
3399.8406072106263
3391.4368279569894
3386.536253776435
3377.1720430107525
3378.883152173913
3378.2305555555554
3380.6263440860216
3370.842837273992
3377.875
3400.2526881720432
3404.4910714285716
3379.4114285714286
3345.3742857142856
3374.8776881720432
3354.826666666667
3401.3544827586206
3405.9268292682927
3379.9166666666665
3374.9771505376343
3376.5375
3442.401617250674
3434.8584905660377
3413.477172312224
3382.768115942029
3375.8875
3393.3346774193546
3435.1097222222224
3397.579242636746
3353.4556451612902
3374.3930555555557
3375.2325268817203
3364.7277777777776
3353.537634408602
3395.2110215053763
3408.933035714286
3376.0994623655915
3373.8597222222224
3319.744623655914
3323.0875
3332.7204301075267
3344.1505376344085
3367.6180555555557
3398.8010752688174
3392.7740029542097
3372.3346774193546
3364.2271505376343
3333.8809523809523
3355.2432795698924
3357.7791666666667
3366.146505376344
3335.6037463976945
3346.310719131615
3356.4825268817203
3322.601388888889
3318.9489247311826
3303.8875
3276.403247631935
3315.1559139784945
3319.4553571428573
3299.592741935484
3310.0319444444444
3314.472899728997
3291.3875
3318.8179310344826
3308.9794520547944
3306.4139344262294
3342.5167286245355
3341.806770098731
3351.103139013453
3351.3897849462364
3337.145114942529
3336.1384408602153
3335.759388038943
3343.212365591398
3343.4694444444444
3346.3249097472926
3352.4583333333335
3353.4835526315787
3362.858870967742
3367.676388888889
3381.097165991903
3389.8225806451615
3402.7746268656715
3408.9274193548385
3394.3569444444443
3386.380376344086
3383.6722222222224
3375.6923076923076
3360.9973118279568
3362.475
3379.0631720430106
3390.6176890156917
3392.6344086021504
3367.8131720430106
3371.118670886076
3360.6129032258063
3374.441223832528
3369.1653225806454
3368.4444444444443
3370.68115942029
3364.8691460055097
3370.446397188049
3368.1263440860216
3371.6069444444443
3370.5241935483873
3421.1875
3020.660714285714
