3402.8333333333335
3402.0833333333335
3415.5
3418.125
3398.125
3383.6666666666665
3395.375
3409.0833333333335
3412.125
3408.5
3402.9583333333335
3402.5833333333335
3404.9166666666665
3404.625
3413.0416666666665
3403.0
3393.5833333333335
3401.5833333333335
3406.9166666666665
3421.1666666666665
3418.5
3412.0833333333335
3408.7916666666665
3400.5
3399.3333333333335
3408.2916666666665
3407.3333333333335
3405.0
3406.5
3411.2916666666665
3391.75
3395.5
3385.5
3398.1666666666665
3415.1666666666665
3420.4583333333335
3426.2916666666665
3432.5
3422.75
3420.4583333333335
3423.1666666666665
3427.4166666666665
3422.7083333333335
3417.125
3426.7083333333335
3420.875
3436.0833333333335
3438.5416666666665
3430.2916666666665
3424.8333333333335
3429.2083333333335
3428.2916666666665
3435.375
3449.4166666666665
3440.75
3448.25
3442.125
3431.375
3439.25
3437.375
3436.9583333333335
3423.5833333333335
3425.2916666666665
3420.75
3429.8333333333335
3439.3333333333335
3442.8333333333335
3436.3333333333335
3437.0416666666665
3440.6666666666665
3451.4583333333335
3443.0833333333335
3436.75
3448.0
3459.1666666666665
3457.0
3451.5
3452.0
3446.4583333333335
3448.4166666666665
3456.9166666666665
3457.125
3443.3333333333335
3447.7916666666665
3448.3333333333335
3445.8333333333335
3440.5416666666665
3437.1666666666665
3435.7083333333335
3449.7391304347825
3432.3333333333335
3437.125
3435.5833333333335
3442.2916666666665
3443.2916666666665
3443.4166666666665
3455.2083333333335
3452.9166666666665
3448.0833333333335
3444.125
3441.0416666666665
3437.3333333333335
3448.375
3442.4583333333335
3442.6666666666665
3442.4583333333335
3440.625
3443.0833333333335
3437.8333333333335
3451.4166666666665
3440.4583333333335
3445.5833333333335
3439.4583333333335
3440.0
3441.375
3442.75
3442.25
3433.0833333333335
3428.25
3432.5
3449.913043478261
3413.5454545454545
3463.9565217391305
3468.1
3454.3333333333335
3458.904761904762
3437.0
3417.9565217391305
3442.75
3457.4285714285716
3443.0
3439.9
3445.318181818182
3436.05
3414.65
3449.0454545454545
3456.1739130434785
3469.65
3414.0
3433.0
3431.0
3414.25
3408.714285714286
3461.6521739130435
3443.7368421052633
3442.217391304348
3417.5714285714284
3433.4545454545455
3447.6363636363635
3403.3809523809523
3429.125
3433.25
3445.086956521739
3408.6666666666665
3425.2631578947367
3444.4285714285716
3472.7272727272725
3428.1304347826085
3431.909090909091
3426.0
3446.0416666666665
3435.75
3435.625
3432.7083333333335
3444.3333333333335
3432.1666666666665
3429.25
3431.4166666666665
3425.7083333333335
3431.2916666666665
3426.0416666666665
3427.5833333333335
3434.695652173913
3422.5
3416.95
3419.375
3429.7391304347825
3417.7727272727275
3413.3333333333335
3450.4
3441.1
3411.6
3434.1
3432.2272727272725
3424.3333333333335
3425.3333333333335
3419.625
3421.7916666666665
3430.6666666666665
3426.2916666666665
3431.3333333333335
3429.5416666666665
3429.5
3424.0833333333335
3419.375
3424.2916666666665
3424.6666666666665
3424.4583333333335
3422.2083333333335
3431.7
3419.2
3445.6363636363635
3406.235294117647
3441.277777777778
3450.6190476190477
3444.318181818182
3416.75
3436.875
3407.4
3381.3333333333335
3425.0
3423.25
3427.2083333333335
3427.875
3414.5
3410.0
3410.1666666666665
3415.25
3416.4583333333335
3418.1666666666665
3416.9166666666665
3417.7916666666665
3430.0833333333335
3420.6521739130435
3420.5
3423.7916666666665
3426.4583333333335
3426.2916666666665
3425.1666666666665
3424.0
3419.2916666666665
3423.2916666666665
3424.125
3427.4166666666665
3422.0434782608695
3432.25
3430.9166666666665
3427.0
3423.3333333333335
3424.6666666666665
3425.5
3429.5
3428.2916666666665
3420.125
3417.8695652173915
3426.0416666666665
3429.0
3425.125
3424.1666666666665
3424.0
3423.2083333333335
3427.2916666666665
3431.2083333333335
3420.5652173913045
3416.9166666666665
3417.6666666666665
3418.625
3417.2083333333335
3425.0416666666665
3426.8333333333335
3422.9583333333335
3423.3333333333335
3428.125
3427.4166666666665
3429.9583333333335
3430.3333333333335
3420.625
3426.6666666666665
3413.0454545454545
3430.4166666666665
3428.8333333333335
3426.7916666666665
3427.75
3424.875
3421.0
3423.5416666666665
3423.875
3431.6666666666665
3434.875
3436.375
3430.2083333333335
3424.4583333333335
3436.2083333333335
3432.5833333333335
3422.2916666666665
3420.9166666666665
3438.7083333333335
3446.4583333333335
3447.9166666666665
3452.75
3450.875
3451.3333333333335
3448.4583333333335
3455.1666666666665
3450.375
3445.7083333333335
3444.375
3444.8333333333335
3439.125
3441.7916666666665
3443.0416666666665
3449.75
3437.6666666666665
3422.0833333333335
3439.9166666666665
3426.75
3425.6666666666665
3422.4166666666665
3436.4166666666665
3436.875
3439.7916666666665
3435.9583333333335
3433.7083333333335
3434.5833333333335
3442.4166666666665
3445.5833333333335
3443.0833333333335
3431.5416666666665
3430.875
3437.7916666666665
3443.1666666666665
3443.7083333333335
3444.625
3447.4166666666665
3446.5416666666665
3455.4583333333335
3453.2916666666665
3439.875
3432.5833333333335
3434.75
3443.217391304348
3446.5833333333335
3453.5416666666665
3441.3333333333335
3442.9583333333335
3448.375
3443.0833333333335
3432.5416666666665
3434.1666666666665
3448.0416666666665
3447.8333333333335
3444.7916666666665
3442.5
3441.0416666666665
3445.1666666666665
3442.5
3459.6666666666665
3449.0416666666665
3437.125
3438.125
3443.5416666666665
3449.5416666666665
3435.25
3431.125
3429.1666666666665
3427.5833333333335
3422.9583333333335
3427.8333333333335
3435.75
3436.2916666666665
3423.875
3428.9166666666665
3432.25
3422.9583333333335
3437.2916666666665
3431.375
3431.9166666666665
3427.4166666666665
3438.9583333333335
3436.3333333333335
3439.4166666666665
3442.2083333333335
3429.1666666666665
3441.2916666666665
3440.8333333333335
3437.4166666666665
3436.1666666666665
3436.5
3438.9583333333335
3440.125
3449.5833333333335
3445.2083333333335
3428.5
3411.2083333333335
3418.0833333333335
3422.875
3416.75
3420.1666666666665
3415.6666666666665
3423.9166666666665
3428.625
3436.4166666666665
3431.75
3423.0
3433.5416666666665
3431.4166666666665
3429.2083333333335
3425.25
3414.2083333333335
3431.0833333333335
3420.4583333333335
3427.125
3430.75
3428.2916666666665
3413.3333333333335
3402.5416666666665
3400.75
3423.8333333333335
3416.125
3407.9166666666665
3398.875
3395.625
3376.75
3387.3333333333335
3405.7916666666665
3414.0
3421.125
3427.375
3419.2083333333335
3422.9166666666665
3409.75
3402.625
3401.5
3401.875
3409.625
3413.7083333333335
3405.4166666666665
3395.4166666666665
3408.3333333333335
3403.75
3399.375
3402.6666666666665
3406.5416666666665
3411.0416666666665
3419.875
3420.75
3418.125
3412.375
3406.2916666666665
3402.4166666666665
3389.9583333333335
3399.125
3390.5
3396.2916666666665
3405.1666666666665
3402.25
3395.5
3395.25
3402.2083333333335
3407.875
3407.6666666666665
3402.75
3405.2083333333335
3395.5416666666665
3390.125
3395.2916666666665
3392.3333333333335
3396.7083333333335
3401.1666666666665
3403.0833333333335
3408.8260869565215
3416.222222222222
3423.0
3455.304347826087
3443.0
3452.0555555555557
3426.5555555555557
3381.470588235294
3384.5
3370.875
3376.7916666666665
3377.7916666666665
3371.0416666666665
3379.0833333333335
3378.4166666666665
3379.2083333333335
3388.25
3394.6666666666665
3390.75
3384.9166666666665
3386.2916666666665
3393.7916666666665
3388.75
3390.0
3393.125
3400.5
3396.0
3391.7916666666665
3395.0833333333335
3380.9583333333335
3379.5833333333335
3385.2083333333335
3397.3333333333335
3409.2083333333335
3378.7083333333335
3382.2083333333335
3386.4166666666665
3388.625
3389.0833333333335
3384.1666666666665
3407.0416666666665
3400.0833333333335
3422.125
3392.5416666666665
3384.5
3384.75
3388.0833333333335
3400.5
3401.4166666666665
3379.375
3378.4166666666665
3398.5
3386.875
3389.6666666666665
3391.3333333333335
3381.5652173913045
3381.6666666666665
3392.9166666666665
3395.5416666666665
3388.7916666666665
3387.5833333333335
3387.0555555555557
3380.8571428571427
3380.4583333333335
3384.2083333333335
3383.8333333333335
3383.9583333333335
3369.6666666666665
3383.7916666666665
3386.3333333333335
3387.625
3390.2916666666665
3385.2916666666665
3382.6666666666665
3382.625
3380.6315789473683
3383.1666666666665
3377.3333333333335
3365.5416666666665
3368.25
3373.5
3382.4583333333335
3374.0833333333335
3374.2916666666665
3384.5416666666665
3382.6666666666665
3381.375
3375.375
3375.1666666666665
3374.375
3369.2916666666665
3369.4583333333335
3377.0833333333335
3383.375
3388.5
3381.5
3380.0416666666665
3379.5833333333335
3377.4583333333335
3365.0
3373.9583333333335
3382.9583333333335
3382.2916666666665
3382.25
3377.2083333333335
3374.5833333333335
3375.6666666666665
3382.5833333333335
3378.0416666666665
3375.3333333333335
3351.125
3350.0833333333335
3358.5454545454545
3372.375
3384.3333333333335
3391.2727272727275
3389.125
3374.9166666666665
3373.2083333333335
3382.4166666666665
3386.9583333333335
3387.4166666666665
3395.6666666666665
3390.2916666666665
3383.3333333333335
3378.2
3377.4166666666665
3374.875
3379.1666666666665
3377.0416666666665
3383.125
3381.4166666666665
3376.2083333333335
3380.3333333333335
3381.7916666666665
3386.375
3373.6666666666665
3387.9583333333335
3384.25
3389.875
3380.875
3394.5833333333335
3398.7916666666665
3396.75
3388.1666666666665
3384.0833333333335
3382.0
3375.7083333333335
3367.375
3372.375
3376.1666666666665
3390.9583333333335
3378.0416666666665
3356.9166666666665
3358.0416666666665
3356.0833333333335
3369.7916666666665
3376.5416666666665
3376.625
3381.7083333333335
3372.5
3374.0
3379.875
3374.4583333333335
3375.125
3366.6666666666665
3378.7916666666665
3389.7916666666665
3389.7916666666665
3388.5833333333335
3393.625
3397.4583333333335
3389.7083333333335
3380.625
3377.2916666666665
3380.3333333333335
3387.0833333333335
3388.875
3397.1666666666665
3379.875
3376.4166666666665
3385.3333333333335
3387.7083333333335
3395.25
3385.5
3388.875
3388.5
3391.1666666666665
3385.9583333333335
3380.3333333333335
3371.9583333333335
3372.0416666666665
3351.4583333333335
3355.7083333333335
3371.0833333333335
3372.875
3372.0416666666665
3365.1666666666665
3351.625
3337.7916666666665
3357.0416666666665
3359.0833333333335
3372.7916666666665
3375.875
3375.5
3385.625
3377.0833333333335
3372.125
3382.75
3385.2916666666665
3382.875
3396.125
3393.3333333333335
3376.0833333333335
3371.5416666666665
3372.125
3366.6666666666665
3370.0416666666665
3363.9166666666665
3388.217391304348
3371.625
3373.2916666666665
3369.9166666666665
3361.5
3357.2083333333335
3360.375
3351.0416666666665
3356.9166666666665
3362.25
3356.375
3364.4583333333335
3362.7916666666665
3374.0833333333335
3375.4166666666665
3352.5833333333335
3352.9166666666665
3364.875
3372.4583333333335
3375.0833333333335
3386.9583333333335
3397.5833333333335
3378.375
3362.6666666666665
3364.5833333333335
3374.5833333333335
3387.375
3380.6666666666665
3377.25
3377.6666666666665
3391.1666666666665
3384.5
3380.9583333333335
3387.4583333333335
3394.125
3388.9166666666665
3390.875
3384.2916666666665
3389.25
3389.9166666666665
3393.9166666666665
3396.5
3393.625
3393.1666666666665
3400.25
3404.125
3406.625
3409.4166666666665
3400.9583333333335
3401.7083333333335
3404.875
3409.7916666666665
3409.0416666666665
3407.75
3398.5
3389.2083333333335
3396.875
3395.7916666666665
3390.875
3394.25
3402.7916666666665
3398.2083333333335
3390.5833333333335
3399.125
3395.2916666666665
3409.1666666666665
3412.375
3399.5416666666665
3400.8333333333335
3399.9166666666665
3403.5833333333335
3393.0833333333335
3404.1666666666665
3399.8333333333335
3401.75
3404.8333333333335
3396.75
3407.4583333333335
3406.2916666666665
3414.5
3419.2083333333335
3416.7916666666665
3420.625
3414.625
3421.3333333333335
3429.9583333333335
3427.375
3419.7916666666665
3412.7083333333335
3352.6666666666665
3370.9166666666665
3375.6666666666665
3392.7083333333335
3402.2916666666665
3410.125
3411.0833333333335
3409.0
3406.25
3391.875
3385.1666666666665
3398.1666666666665
3382.4166666666665
3379.6666666666665
3381.478260869565
3383.0416666666665
3384.2916666666665
3400.0416666666665
3399.8260869565215
3399.0833333333335
3399.625
3389.375
3388.1666666666665
3381.75
3370.25
3367.3333333333335
3358.714285714286
3355.277777777778
3362.625
3367.9166666666665
3357.6666666666665
3339.8333333333335
3366.8333333333335
3367.782608695652
3392.5
3388.75
3392.9583333333335
3406.391304347826
3390.4583333333335
3357.25
3359.7916666666665
3371.153846153846
3366.7916666666665
3343.7916666666665
3354.75
3353.7916666666665
3332.0
3323.1666666666665
3288.7916666666665
3375.2631578947367
3389.05
3331.7916666666665
3324.75
3336.0
3334.25
3339.625
3336.2916666666665
3328.125
3344.9583333333335
3347.75
3349.0416666666665
3341.7916666666665
3342.7083333333335
3336.7083333333335
3342.1666666666665
3351.0416666666665
3352.8333333333335
3354.0
3364.1666666666665
3372.125
3357.875
3349.375
3341.4583333333335
3347.0833333333335
3363.5833333333335
3375.25
3374.5
3381.3333333333335
3387.375
3386.375
3383.1666666666665
3405.0416666666665
3401.6666666666665
3398.4583333333335
3400.0833333333335
3389.0416666666665
3388.9583333333335
3397.0
3390.75
3376.0416666666665
3365.3333333333335
3367.2083333333335
3362.5
3358.3333333333335
3363.5
3368.75
3377.0
3371.0833333333335
3377.1666666666665
3366.875
3355.3333333333335
3351.5833333333335
3360.2083333333335
3367.4736842105262
3362.705882352941
3364.0
3321.5
3347.6666666666665
3349.5833333333335
3359.5
3362.5416666666665
3335.4166666666665
3327.2083333333335
3350.090909090909
3380.0
3386.7083333333335
3388.1666666666665
3385.8333333333335
3328.9166666666665
3331.375
3343.875
3351.875
3367.6666666666665
3345.0
3331.625
3303.4583333333335
3324.875
3349.7916666666665
3347.3333333333335
3396.375
3393.5833333333335
3398.25
3406.3333333333335
3402.875
3405.3333333333335
3396.0
3415.0833333333335
3411.9583333333335
3402.625
3425.625
3429.25
3423.9166666666665
3379.4583333333335
3364.4166666666665
3379.75
3394.0416666666665
3396.2083333333335
3399.4545454545455
3377.8
3403.1363636363635
3396.684210526316
3387.0
3392.2916666666665
3384.5416666666665
3394.6666666666665
3407.5
3414.7083333333335
3410.25
3408.4166666666665
3415.75
3406.0416666666665
3404.2916666666665
3398.0833333333335
3394.4166666666665
3403.0
3400.0
3422.8333333333335
3379.9166666666665
3382.0
3391.75
3390.625
3390.0416666666665
3381.375
3353.2083333333335
3358.7083333333335
3361.9166666666665
3366.0833333333335
3353.7083333333335
3342.25
3357.25
3368.5833333333335
3371.5833333333335
3359.2916666666665
3351.3333333333335
3349.2916666666665
3373.5833333333335
3389.7916666666665
3404.0416666666665
3410.8333333333335
3413.0833333333335
3405.3333333333335
3410.0416666666665
3356.0833333333335
3350.75
3362.125
3364.0
3385.125
3396.0
3374.5
3362.2916666666665
3361.2083333333335
3351.0416666666665
3363.0
3374.4583333333335
3367.2083333333335
3369.375
3373.2916666666665
3395.4583333333335
3393.6666666666665
3379.5416666666665
3382.875
3362.4583333333335
3370.7916666666665
3368.9583333333335
3374.4166666666665
3374.5833333333335
3371.7083333333335
3374.5833333333335
3391.7916666666665
3391.5
3369.375
3376.6666666666665
3376.2916666666665
3376.0416666666665
3370.7916666666665
3370.0416666666665
3382.7083333333335
3392.5833333333335
3427.4166666666665
3450.9166666666665
3437.75
3433.25
3434.625
3425.0
3422.5833333333335
3424.375
3436.2916666666665
3442.4583333333335
3438.125
3432.0833333333335
3436.1666666666665
3442.0
3456.9583333333335
3455.4166666666665
3457.9583333333335
3452.4583333333335
3454.7916666666665
3450.75
3456.0833333333335
3447.75
3444.4166666666665
3438.1666666666665
3443.375
3446.0416666666665
3437.9583333333335
3454.875
3441.625
3440.0416666666665
3439.75
3440.2272727272725
3445.7272727272725
3427.75
3430.0833333333335
3426.0
3430.5
3440.5416666666665
3457.9166666666665
3455.0416666666665
3447.5
3444.2083333333335
3454.4583333333335
3447.125
3445.25
3449.7916666666665
3451.125
3454.3333333333335
3461.5416666666665
3461.625
3467.0833333333335
3449.9583333333335
3460.7916666666665
3445.7916666666665
3428.125
3433.9583333333335
3413.7916666666665
3409.3333333333335
3400.9166666666665
3393.0416666666665
3406.625
3388.125
3353.4583333333335
3335.4583333333335
3340.8333333333335
3377.9583333333335
3401.2083333333335
3411.2916666666665
3423.875
3426.4166666666665
3418.5416666666665
3430.7916666666665
3416.2083333333335
3421.5833333333335
3421.1666666666665
3428.2083333333335
3408.5833333333335
3416.75
3412.4166666666665
3423.0416666666665
3416.0416666666665
3434.375
3435.4583333333335
3435.875
3438.375
3432.3478260869565
3439.25
3435.2083333333335
3435.9166666666665
3406.0
3379.705882352941
3376.0833333333335
3384.0
3406.3809523809523
3360.875
3361.625
3361.2916666666665
3360.75
3382.0416666666665
3368.9583333333335
3316.6666666666665
3341.5
3358.5
3359.6666666666665
3335.7083333333335
3342.125
3366.7916666666665
3371.2083333333335
3388.7083333333335
3401.3333333333335
3395.7083333333335
3406.125
3413.1666666666665
3413.375
3418.0
3399.0
3393.2916666666665
3402.3333333333335
3406.9583333333335
3368.5833333333335
3345.9583333333335
3362.0416666666665
3364.75
3380.0416666666665
3390.4166666666665
3393.375
3406.2916666666665
3407.25
3390.125
3374.5
3374.3333333333335
3377.0
3383.625
3380.4166666666665
3383.1666666666665
3383.3333333333335
3379.0
3381.5416666666665
3386.5
3380.9166666666665
3390.0416666666665
3403.5416666666665
3354.5833333333335
3384.75
3391.0833333333335
3380.125
3393.875
3405.3333333333335
3403.3333333333335
3413.1666666666665
3434.0416666666665
3435.2916666666665
3426.0416666666665
3428.5
3404.625
3363.6666666666665
3384.0833333333335
3395.5833333333335
3413.3333333333335
3419.625
3421.125
3402.2916666666665
3407.7083333333335
3421.8333333333335
3421.25
3423.125
3434.4583333333335
3466.9166666666665
3470.6666666666665
3479.4583333333335
3471.9166666666665
3420.4166666666665
3391.5
3416.25
3432.4583333333335
3435.125
3444.0
3446.0
3461.3333333333335
3464.0833333333335
3461.3333333333335
3469.9583333333335
3451.9166666666665
3434.5
3444.1666666666665
3446.875
3432.2083333333335
3420.6666666666665
3420.1666666666665
3414.5416666666665
3380.125
3390.0833333333335
3411.2916666666665
3393.0833333333335
3396.4583333333335
3416.3333333333335
3435.5416666666665
3455.0
3437.9583333333335
3449.125
3387.125
3384.0
3383.785714285714
3386.8333333333335
3370.0
3336.2916666666665
3347.25
3353.4166666666665
3350.2916666666665
3358.75
3386.5416666666665
3394.9166666666665
3381.7083333333335
3382.7083333333335
3423.6666666666665
3441.1666666666665
3386.2916666666665
3338.2916666666665
3327.625
3330.7083333333335
3331.5416666666665
3340.9166666666665
3341.1666666666665
3351.25
3348.7916666666665
3359.25
3346.5416666666665
3341.6666666666665
3350.625
3332.7916666666665
3337.3333333333335
3338.5416666666665
3352.2916666666665
3358.3333333333335
3365.4583333333335
3351.25
3350.0833333333335
3351.5416666666665
3351.5416666666665
3371.5
3358.2083333333335
3365.9583333333335
3358.4583333333335
3369.4583333333335
3374.75
3378.5
3386.125
3396.625
3385.3333333333335
3396.9166666666665
3400.125
3368.75
3319.1666666666665
3329.0
3354.5416666666665
3362.4166666666665
3369.625
3372.25
3373.75
3377.8333333333335
3370.5833333333335
3367.4166666666665
3364.75
3376.7916666666665
3370.75
3378.9583333333335
3365.625
3373.2916666666665
3377.0833333333335
3374.25
3390.0
3381.6666666666665
3391.75
3389.375
3382.9166666666665
3387.125
3389.1666666666665
3390.5833333333335
3387.0
3365.5416666666665
3379.75
3385.8333333333335
3381.875
3390.625
3373.75
3384.625
3373.0
3345.4583333333335
3349.9166666666665
3328.5833333333335
3351.1666666666665
3353.8333333333335
3352.125
3354.5833333333335
3366.375
3374.125
3364.1666666666665
3372.25
3378.9166666666665
3382.3333333333335
3390.125
3383.0416666666665
3408.0833333333335
3391.625
3391.3333333333335
3383.25
3399.0416666666665
3399.375
3390.5
3382.625
3388.7083333333335
3379.25
3391.25
3391.0
3395.4166666666665
3386.6666666666665
3380.125
3389.7083333333335
3388.375
3378.0
3392.0833333333335
3367.6666666666665
3362.0833333333335
3349.875
3369.5416666666665
3374.8333333333335
3383.5833333333335
3370.5833333333335
3379.8333333333335
3371.375
3363.625
3362.875
3338.875
3295.5416666666665
3314.5
3307.3333333333335
3317.125
3329.3333333333335
3340.0416666666665
3345.625
3334.5416666666665
3324.4583333333335
3322.9166666666665
3338.0
3356.0416666666665
3357.0
3350.25
3358.3333333333335
3353.625
3338.5833333333335
3347.375
3347.4166666666665
3316.9166666666665
3330.1666666666665
3337.125
3350.1666666666665
3361.2916666666665
3363.5833333333335
3350.4583333333335
3347.9166666666665
3347.5
3354.875
3354.25
3369.25
3379.375
3382.5
3393.0
3397.25
3380.3333333333335
3369.5416666666665
3380.3333333333335
3383.3333333333335
3387.3333333333335
3389.75
3394.3333333333335
3388.7083333333335
3370.4583333333335
3361.7083333333335
3358.125
3392.8333333333335
3435.0833333333335
3444.625
3448.4583333333335
3432.9166666666665
3409.5
3400.4583333333335
3383.0416666666665
3371.5
3374.0
3373.75
3387.7916666666665
3390.5
3394.0416666666665
3404.125
3412.8333333333335
3413.4166666666665
3390.8333333333335
3386.8333333333335
3385.7083333333335
3395.9583333333335
3409.25
3416.875
3416.875
3398.2083333333335
3419.125
3430.5416666666665
3417.0
3422.1666666666665
3422.25
3412.8333333333335
3420.25
3425.1666666666665
3419.4166666666665
3416.2083333333335
3423.5416666666665
3420.1666666666665
3409.6666666666665
3390.125
3382.5
3385.0833333333335
3398.25
3399.5
3401.2916666666665
3405.875
3407.0416666666665
3405.4583333333335
3396.4583333333335
3401.2083333333335
3387.0416666666665
3408.0833333333335
3406.2916666666665
3395.9166666666665
3396.4166666666665
3389.8333333333335
3400.4166666666665
3404.4583333333335
3405.4583333333335
3404.7916666666665
3391.625
3391.4583333333335
3397.9166666666665
3398.1666666666665
3400.3333333333335
3364.7916666666665
3368.2916666666665
3335.0
3304.4166666666665
3303.0833333333335
3314.2916666666665
3335.5
3350.0416666666665
3366.3333333333335
3367.125
3376.5833333333335
3386.0
3385.375
3385.7916666666665
3380.0833333333335
3368.7916666666665
3376.4166666666665
3386.9166666666665
3391.4583333333335
3409.125
3426.9583333333335
3414.0416666666665
3393.0833333333335
3415.0
3406.375
3399.5833333333335
3387.3333333333335
3380.4166666666665
3376.625
3370.2083333333335
3325.625
3315.9166666666665
3342.0833333333335
3358.2916666666665
3360.0416666666665
3366.2083333333335
3364.0833333333335
3369.6666666666665
3361.9166666666665
3349.375
3353.25
3350.4583333333335
3357.8333333333335
3369.7916666666665
3381.5
3380.125
3352.5
3359.5833333333335
3357.25
3350.9583333333335
3347.9166666666665
3355.2916666666665
3341.875
3330.0
3345.0833333333335
3353.9166666666665
3355.5833333333335
3349.0416666666665
3354.0
3350.6666666666665
3355.3333333333335
3326.6666666666665
3300.0833333333335
3293.4583333333335
3276.875
3275.7916666666665
3275.5
3272.5833333333335
3284.2916666666665
3291.75
3299.0833333333335
3292.0416666666665
3261.5416666666665
3295.6666666666665
3306.0416666666665
3303.5833333333335
3317.2916666666665
3333.3333333333335
3343.0416666666665
3318.125
3322.9166666666665
3324.25
3328.7083333333335
3329.5416666666665
3328.5
3298.5416666666665
3295.125
3290.25
3308.25
3333.7916666666665
3341.0833333333335
3343.4583333333335
3340.2916666666665
3322.6666666666665
3324.0416666666665
3333.9583333333335
3340.375
3338.5
3349.1666666666665
3351.7083333333335
3322.4583333333335
3284.6666666666665
3304.0416666666665
3300.25
3306.75
3287.7916666666665
3345.2083333333335
3335.1666666666665
3339.0
3335.9583333333335
3342.625
3337.375
3329.9583333333335
3332.125
3318.4166666666665
3331.375
3318.6666666666665
3317.375
3319.8333333333335
3313.0
3292.9166666666665
3311.7083333333335
3318.2916666666665
3323.0416666666665
3332.625
3333.25
3343.2916666666665
3351.0416666666665
3345.0
3345.5833333333335
3343.7083333333335
3349.5
3358.7083333333335
3355.3333333333335
3358.875
3340.5
3332.5416666666665
3320.4583333333335
3322.25
3324.6666666666665
3326.25
3322.7916666666665
3315.25
3326.625
3330.4583333333335
3339.1666666666665
3341.375
3343.5416666666665
3344.4583333333335
3339.4166666666665
3346.5833333333335
3345.5833333333335
3361.5
3357.875
3357.4166666666665
3358.7083333333335
3357.25
3355.5833333333335
3356.0833333333335
3353.0
3355.3333333333335
3362.25
3330.5833333333335
3332.875
3336.9166666666665
3350.4583333333335
3356.9583333333335
3350.8333333333335
3340.7083333333335
3348.1666666666665
3342.7083333333335
3346.2916666666665
3322.875
3315.2083333333335
3322.0416666666665
3331.1666666666665
3341.625
3349.1666666666665
3355.5833333333335
3356.5416666666665
3360.75
3356.5416666666665
3369.7083333333335
3382.0
3380.5416666666665
3378.7083333333335
3374.375
3371.6666666666665
3378.75
3375.0416666666665
3380.2916666666665
3389.125
3395.5833333333335
3395.3333333333335
3394.125
3393.7916666666665
3388.375
3395.75
3394.375
3390.5
3397.625
3374.1666666666665
3397.7916666666665
3404.3333333333335
3407.5416666666665
3409.625
3402.5
3397.7916666666665
3386.1666666666665
3387.375
3397.625
3396.7916666666665
3389.3333333333335
3406.9166666666665
3382.4583333333335
3379.6666666666665
3408.5416666666665
3388.4583333333335
3386.2083333333335
3408.75
3422.125
3411.9166666666665
3404.5833333333335
3396.375
3396.25
3412.25
3411.6666666666665
3411.625
3398.9583333333335
3390.4583333333335
3396.9583333333335
3393.7916666666665
3393.1666666666665
3404.5833333333335
3408.7916666666665
3403.5
3407.4
3405.9166666666665
3392.25
3389.5833333333335
3387.1666666666665
3366.8
3371.3846153846152
3371.625
3387.4583333333335
3404.2083333333335
3400.5
3394.5
3389.2083333333335
3389.1666666666665
3396.5416666666665
3406.125
3397.375
3394.1666666666665
3392.0833333333335
3396.375
3384.125
3371.0416666666665
3385.5
3394.4166666666665
3377.25
3336.5
3352.25
3368.0416666666665
3377.3333333333335
3372.5833333333335
3374.875
3370.875
3363.6666666666665
3371.9166666666665
3375.4583333333335
3399.9583333333335
3390.9583333333335
3384.9166666666665
3346.0
3345.4166666666665
3361.25
3368.5416666666665
3371.75
3366.9583333333335
3374.0
3373.375
3369.4583333333335
3377.7083333333335
3379.9583333333335
3370.1666666666665
3385.8333333333335
3382.4166666666665
3389.875
3385.0
3378.0833333333335
3370.8333333333335
3355.5833333333335
3367.5833333333335
3363.125
3373.5416666666665
3386.7083333333335
3401.4166666666665
3384.375
3375.0833333333335
3335.5
3329.0
3343.7083333333335
3354.9583333333335
3375.0416666666665
3374.2083333333335
3377.0833333333335
3370.3333333333335
3367.4583333333335
3360.125
3369.5
3366.625
3364.4166666666665
3361.0833333333335
3367.5
3361.125
3367.2916666666665
3370.4583333333335
3349.875
3345.875
3349.2916666666665
3352.3333333333335
3355.0416666666665
3365.9583333333335
3348.5416666666665
3324.2916666666665
3329.4166666666665
3338.3333333333335
3350.5833333333335
3348.4166666666665
3367.0
3370.125
3359.25
3343.125
3355.875
3352.75
3340.8333333333335
3297.3333333333335
3305.5833333333335
3327.6666666666665
3344.3333333333335
3313.5833333333335
3299.5416666666665
3298.6666666666665
3309.4583333333335
3313.75
3317.9166666666665
3328.5
3344.0416666666665
3298.75
3276.5416666666665
3296.9166666666665
3318.625
3328.625
3337.75
3340.7916666666665
3350.625
3362.4166666666665
3376.875
3386.2083333333335
3385.4583333333335
3369.5833333333335
3369.875
3351.375
3356.875
3363.7083333333335
3360.9166666666665
3374.9166666666665
3369.2916666666665
3363.0833333333335
3367.1666666666665
3368.5
3356.0833333333335
3351.875
3359.5
3352.4166666666665
3335.375
3355.2916666666665
3367.9166666666665
3377.9166666666665
3380.0416666666665
3380.8333333333335
3371.4166666666665
3375.75
3368.625
3372.8333333333335
3334.375
3354.2083333333335
3342.9583333333335
3338.2083333333335
3342.625
3353.375
3381.3333333333335
3369.625
3377.7916666666665
3378.7083333333335
3386.0
3393.25
3357.3333333333335
3329.875
3307.4166666666665
3324.5833333333335
3328.375
3329.0
3337.0
3342.7916666666665
3350.0833333333335
3367.3333333333335
3375.6666666666665
3374.6666666666665
3387.3333333333335
3387.5833333333335
3392.25
3382.9583333333335
3375.2083333333335
3374.125
3370.4166666666665
3376.125
3390.5833333333335
3387.75
3380.0
3386.8333333333335
3390.3333333333335
3378.7083333333335
3382.5833333333335
3398.125
3381.375
3362.125
3360.0
3355.8333333333335
3359.375
3354.75
3352.4583333333335
3331.7916666666665
3327.1666666666665
3332.9583333333335
3335.4583333333335
3351.6666666666665
3341.0833333333335
3356.25
3361.6666666666665
3333.0
3347.0416666666665
3360.2916666666665
3368.4583333333335
3372.75
3375.2083333333335
3372.5833333333335
3341.4583333333335
3294.0833333333335
3314.4583333333335
3342.3333333333335
3347.3333333333335
3344.5
3361.0833333333335
3369.0
3347.8333333333335
3335.3
3317.8333333333335
3304.7916666666665
3297.1666666666665
3293.7916666666665
3305.9583333333335
3311.4583333333335
3320.0833333333335
3320.625
3329.9166666666665
3330.7916666666665
3338.875
3337.0833333333335
3331.6666666666665
3327.777777777778
3337.375
3335.5833333333335
3344.0
3339.375
3346.125
3344.823529411765
3361.0
3345.375
3347.2916666666665
3340.5833333333335
3340.125
3351.9583333333335
3339.75
3322.6666666666665
3310.4583333333335
3309.875
3314.2916666666665
3332.2083333333335
3329.375
3341.0833333333335
3349.6666666666665
3359.5
3364.75
3358.2083333333335
3366.1666666666665
3367.7916666666665
3362.5416666666665
3361.125
3365.5
3370.75
3375.875
3379.75
3366.875
3351.2916666666665
3352.875
3350.75
3364.4166666666665
3358.25
3334.3333333333335
3344.8333333333335
3351.0833333333335
3342.1666666666665
3334.875
3329.7916666666665
3329.8333333333335
3335.375
3351.375
3344.75
3342.2083333333335
3346.2916666666665
3346.0
3356.875
3367.0
3369.8333333333335
3374.0833333333335
3378.9583333333335
3376.75
3406.2916666666665
3382.0833333333335
3356.0833333333335
3359.375
3366.5
3374.75
3361.625
3368.0416666666665
3377.9166666666665
3360.5
3330.4583333333335
3292.8333333333335
3291.5833333333335
3300.7083333333335
3293.0833333333335
3303.7083333333335
3255.9583333333335
3218.4583333333335
3240.7916666666665
3275.7083333333335
3305.8333333333335
3308.125
3307.2083333333335
3330.0
3347.7083333333335
3365.7916666666665
3373.7083333333335
3375.0
3365.625
3335.5
3336.4583333333335
3339.75
3322.2916666666665
3315.625
3303.2916666666665
3303.2083333333335
3308.5
3314.7083333333335
3292.5416666666665
3289.7916666666665
3290.0833333333335
3299.125
3312.9166666666665
3308.75
3322.4166666666665
3320.2083333333335
3330.3333333333335
3328.25
3317.2916666666665
3336.7083333333335
3355.75
3349.5416666666665
3368.9583333333335
3361.9166666666665
3350.5833333333335
3309.0833333333335
3303.3333333333335
3318.2083333333335
3317.0416666666665
3306.0416666666665
3319.0416666666665
3320.375
3300.4166666666665
3304.0833333333335
3323.375
3304.8333333333335
3289.4583333333335
3276.4166666666665
3268.5833333333335
3258.8333333333335
3251.5
3258.5
3282.2916666666665
3278.7083333333335
3283.8333333333335
3220.0833333333335
3223.8333333333335
3249.6666666666665
3277.125
3300.5
3286.9166666666665
3313.9166666666665
3329.9583333333335
3335.4583333333335
3341.3333333333335
3360.5416666666665
3386.5833333333335
3359.8333333333335
3348.5416666666665
3339.9583333333335
3345.5
3344.7916666666665
3340.25
3330.75
3320.25
3312.7083333333335
3294.1666666666665
3264.4166666666665
3237.7916666666665
3206.5
3193.2916666666665
3199.0416666666665
3213.8333333333335
3230.2916666666665
3263.315789473684
3270.3333333333335
3282.4583333333335
3297.5833333333335
3299.3333333333335
3314.625
3339.8333333333335
3349.7083333333335
3385.375
3388.6666666666665
3374.75
3365.4166666666665
3350.0416666666665
3245.0
3216.4583333333335
3220.0
3237.0833333333335
3252.9166666666665
3265.25
3261.8333333333335
3258.1666666666665
3249.625
3238.6666666666665
3237.1666666666665
3259.1666666666665
3269.9166666666665
3276.3333333333335
3288.5833333333335
3287.5
3270.0
3286.375
3291.5833333333335
3317.7083333333335
3327.7083333333335
3342.8333333333335
3362.0
3369.0416666666665
3375.3333333333335
3364.5833333333335
3341.4583333333335
3330.375
3332.0
3354.875
3340.625
3333.0833333333335
3340.0
3338.2916666666665
3323.1666666666665
3313.0833333333335
3322.125
3312.0416666666665
3297.7916666666665
3286.9166666666665
3278.1666666666665
3269.8333333333335
3285.2916666666665
3290.9166666666665
3292.875
3307.4583333333335
3303.7916666666665
3312.75
3315.125
3313.875
3320.0833333333335
3331.8333333333335
3337.9583333333335
3344.4166666666665
3340.0833333333335
3342.625
3338.5
3338.125
3328.375
3322.625
3326.9583333333335
3315.0833333333335
3300.1666666666665
3320.0
3331.875
3328.8333333333335
3326.9166666666665
3332.4166666666665
3325.9583333333335
3333.7083333333335
3304.7916666666665
3292.875
3307.75
3302.2916666666665
3307.9166666666665
3323.3333333333335
3323.4583333333335
3319.9166666666665
3334.7083333333335
3319.7083333333335
3291.8333333333335
3287.625
3296.0
3300.625
3290.9166666666665
3280.1666666666665
3278.7083333333335
3273.4583333333335
3285.375
3292.875
3276.375
3276.2916666666665
3286.7083333333335
3296.7916666666665
3303.0416666666665
3304.25
3305.125
3295.3333333333335
3300.4166666666665
3295.0
3257.4583333333335
3259.9166666666665
3292.8333333333335
3302.9166666666665
3309.375
3318.625
3327.2916666666665
3332.875
3321.375
3314.0
3319.6666666666665
3297.7916666666665
3290.875
3305.0416666666665
3301.7916666666665
3329.7083333333335
3303.7083333333335
3290.5833333333335
3296.2083333333335
3306.75
3342.375
3338.5833333333335
3330.875
3327.1666666666665
3316.4166666666665
3295.8333333333335
3303.375
3319.7083333333335
3328.0416666666665
3319.7916666666665
3305.4583333333335
3301.9583333333335
3300.3333333333335
3299.5833333333335
3298.0833333333335
3264.1666666666665
3252.3333333333335
3261.2916666666665
3281.4444444444443
3305.625
3311.6666666666665
3307.5416666666665
3319.375
3317.625
3321.9583333333335
3320.4583333333335
3331.0
3325.6666666666665
3321.25
3311.0833333333335
3306.0833333333335
3311.375
3316.1666666666665
3327.5416666666665
3333.9583333333335
3348.7083333333335
3351.4166666666665
3355.2916666666665
3364.9166666666665
3344.1666666666665
3322.875
3314.0833333333335
3313.4166666666665
3315.7083333333335
3319.125
3319.1666666666665
3316.75
3323.5833333333335
3322.4166666666665
3325.75
3328.5
3342.2083333333335
3343.875
3334.7083333333335
3321.4583333333335
3298.2083333333335
3303.5416666666665
3312.3333333333335
3311.2083333333335
3321.9583333333335
3339.25
3317.4166666666665
3279.7916666666665
3182.9583333333335
3181.75
3149.9583333333335
3194.4166666666665
3213.9166666666665
3239.2916666666665
3262.9166666666665
3291.9583333333335
3306.375
3323.25
3322.8333333333335
3326.0416666666665
3328.0833333333335
3314.0833333333335
3310.6666666666665
3322.0
3330.5416666666665
3332.7916666666665
3318.1666666666665
3318.0833333333335
3307.2916666666665
3291.5416666666665
3306.4166666666665
3293.6666666666665
3294.9583333333335
3306.8333333333335
3316.5416666666665
3320.625
3319.8333333333335
3320.0833333333335
3335.2916666666665
3321.9583333333335
3321.625
3319.2083333333335
3318.8333333333335
3328.5416666666665
3339.0416666666665
3358.5384615384614
3332.3125
3314.4583333333335
3316.125
3322.7083333333335
3326.2083333333335
3333.5416666666665
3334.4166666666665
3320.2083333333335
3313.9166666666665
3315.25
3313.5416666666665
3285.4166666666665
3265.3
3292.5416666666665
3294.375
3273.5416666666665
3278.4583333333335
3293.75
3290.875
3314.625
3318.2083333333335
3301.125
3300.75
3308.625
3319.4166666666665
3335.4166666666665
3318.25
3307.5
3315.7916666666665
3307.375
3306.4166666666665
3314.75
3327.2916666666665
3332.4166666666665
3330.7916666666665
3333.8333333333335
3318.1666666666665
3318.5416666666665
3309.625
3268.0
3297.3333333333335
3288.5
3285.4583333333335
3278.9166666666665
3281.5416666666665
3290.2916666666665
3294.875
3303.5833333333335
3302.0833333333335
3306.4166666666665
3320.3333333333335
3331.2083333333335
3333.625
3180.0
3323.6666666666665
3333.0833333333335
3344.2083333333335
3341.5
3346.5789473684213
3357.125
3348.0833333333335
3343.0
3321.5384615384614
3333.5416666666665
3343.7083333333335
3350.5
3349.25
3346.2916666666665
3357.2916666666665
3361.8333333333335
3374.25
3353.7083333333335
3349.7916666666665
3343.5
3311.5416666666665
3314.2083333333335
3316.818181818182
3293.5555555555557
3293.3333333333335
3301.3333333333335
3313.125
3331.2083333333335
3339.2916666666665
3348.75
3349.2380952380954
3356.7083333333335
3344.125
3334.5833333333335
3329.2083333333335
3338.9166666666665
3339.9166666666665
3356.625
3372.2916666666665
3374.375
3351.2083333333335
3354.9583333333335
3357.1666666666665
3378.125
3374.7916666666665
3368.0416666666665
3362.8333333333335
3344.5
3331.625
3322.5833333333335
3318.25
3330.0833333333335
3333.6666666666665
3345.4166666666665
3355.35
3357.5
3351.875
3361.6666666666665
3363.625
3372.0
3361.8333333333335
3349.8333333333335
3349.7083333333335
3349.0
3350.0
3348.4166666666665
3341.5
3346.5833333333335
3351.625
3354.15
3377.3478260869565
3370.5833333333335
3344.7083333333335
3349.5833333333335
3345.8333333333335
3349.0833333333335
3352.25
3335.9166666666665
3369.625
3373.8333333333335
3360.6666666666665
3365.125
3366.7083333333335
3367.0
3360.7083333333335
3358.0
3369.2916666666665
3381.2083333333335
3392.25
3397.0833333333335
3360.5416666666665
3312.4583333333335
3327.5833333333335
3319.75
3314.4166666666665
3333.375
3351.5
3368.0833333333335
3358.625
3341.2083333333335
3329.7916666666665
3318.75
3322.9583333333335
3339.875
3339.1666666666665
3340.5833333333335
3348.375
3308.6666666666665
3316.9166666666665
3333.125
3346.125
3355.0416666666665
3343.0833333333335
3342.6666666666665
3363.3333333333335
3357.2916666666665
3330.7916666666665
3332.0833333333335
3327.7916666666665
3335.125
3345.875
3355.875
3328.9166666666665
3335.5833333333335
3340.4166666666665
3336.2083333333335
3340.75
3353.0
3345.875
3331.7916666666665
3321.7916666666665
3309.7083333333335
3311.25
3308.9583333333335
3347.25
3352.4166666666665
3358.2916666666665
3351.4583333333335
3348.5
3341.4583333333335
3335.7083333333335
3353.4583333333335
3370.0833333333335
3350.8333333333335
3347.6666666666665
3338.625
3331.2083333333335
3339.0833333333335
3334.3333333333335
3324.6666666666665
3341.8333333333335
3347.125
3345.9166666666665
3342.2083333333335
3326.4583333333335
3328.3333333333335
3326.5
3325.0
3321.1666666666665
3305.125
3312.9583333333335
3318.7916666666665
3315.2083333333335
3329.6666666666665
3341.8333333333335
3360.7916666666665
3358.5
3359.0
3363.2083333333335
3360.6666666666665
3356.6666666666665
3360.2916666666665
3367.0416666666665
3362.2608695652175
3333.2916666666665
3348.3333333333335
3347.7083333333335
3317.2083333333335
3326.5416666666665
3327.75
3332.7916666666665
3330.5833333333335
3319.9166666666665
3315.125
3299.25
3285.7083333333335
3291.6666666666665
3298.25
3316.75
3313.9166666666665
3331.25
3344.0416666666665
3348.375
3355.1666666666665
3345.5833333333335
3349.5416666666665
3346.875
3346.5416666666665
3350.4583333333335
3356.9583333333335
3350.7083333333335
3363.7083333333335
3347.75
3348.7916666666665
3353.75
3356.125
3366.6666666666665
3364.3333333333335
3355.3333333333335
3346.4166666666665
3331.1666666666665
3331.1666666666665
3311.4583333333335
3286.5833333333335
3305.2083333333335
3314.8333333333335
3325.6666666666665
3332.3333333333335
3346.0
3356.5
3357.8333333333335
3345.3333333333335
3346.7916666666665
3348.1666666666665
3351.0
3356.0
3372.8333333333335
3380.5416666666665
3383.375
3369.4166666666665
3374.125
3360.5416666666665
3370.9583333333335
3370.7083333333335
3381.1666666666665
3370.4583333333335
3358.9583333333335
3343.4166666666665
3316.0833333333335
3294.4166666666665
3282.25
3292.4166666666665
3297.7083333333335
3319.2083333333335
3331.875
3358.25
3362.875
3327.8333333333335
3329.75
3331.3333333333335
3325.0
3326.9166666666665
3336.1666666666665
3340.4166666666665
3339.0833333333335
3342.3333333333335
3352.5416666666665
3347.0833333333335
3355.8333333333335
3365.6666666666665
3369.4583333333335
3362.9583333333335
3340.1666666666665
3342.7083333333335
3323.4583333333335
3321.2916666666665
3320.6153846153848
3380.4166666666665
3368.2083333333335
3351.1666666666665
3343.4583333333335
3351.2916666666665
3344.7916666666665
3341.6666666666665
3343.0
3334.0
3326.9583333333335
3330.4166666666665
3336.2916666666665
3351.9166666666665
3361.3333333333335
3367.0833333333335
3367.0833333333335
3367.0
3361.0833333333335
3343.4583333333335
3331.1666666666665
3320.5
3333.75
3361.5416666666665
3350.9166666666665
3349.3333333333335
3361.3333333333335
3364.6666666666665
3371.0
3377.1666666666665
3377.4166666666665
3356.7916666666665
3352.1666666666665
3341.9166666666665
3333.5833333333335
3334.5416666666665
3335.625
3331.875
3339.3333333333335
3335.0833333333335
3342.6666666666665
3367.5833333333335
3370.125
3359.0
3365.125
3376.6666666666665
3389.9166666666665
3369.0833333333335
3368.6666666666665
3350.4583333333335
3352.625
3352.0
3350.8333333333335
3344.25
3341.1666666666665
3353.4583333333335
3372.4166666666665
3374.25
3348.9583333333335
3352.6666666666665
3345.125
3360.25
3366.1666666666665
3379.25
3377.6666666666665
3387.9583333333335
3391.7083333333335
3396.0416666666665
3373.9583333333335
3368.25
3394.875
3391.1666666666665
3353.9583333333335
3359.2083333333335
3356.5416666666665
3352.9583333333335
3349.1666666666665
3352.375
3355.625
3367.5833333333335
3375.1666666666665
3376.1666666666665
3380.2083333333335
3339.8333333333335
3338.625
3337.0416666666665
3337.5
3336.0416666666665
3346.5833333333335
3375.4583333333335
3370.25
3365.0833333333335
3363.7916666666665
3370.3333333333335
3387.2916666666665
3376.2916666666665
3380.4583333333335
3387.0833333333335
3381.0416666666665
3370.3333333333335
3362.2916666666665
3357.4166666666665
3358.9166666666665
3358.2083333333335
3369.2083333333335
3379.0
3386.0
3387.2083333333335
3387.8333333333335
3385.875
3356.7083333333335
3341.875
3337.6666666666665
3346.125
3339.5833333333335
3335.5
3346.7916666666665
3365.4166666666665
3401.25
3372.375
3373.9583333333335
3383.9166666666665
3390.2916666666665
3388.4583333333335
3386.0416666666665
3395.0416666666665
3398.9583333333335
3379.8333333333335
3368.375
3356.3333333333335
3366.375
3377.9166666666665
3379.7083333333335
3379.8333333333335
3391.9166666666665
3396.125
3400.625
3389.608695652174
3374.875
3374.0
3409.4166666666665
3375.2727272727275
3356.875
3362.2916666666665
3361.0833333333335
3364.5416666666665
3379.0833333333335
3380.0833333333335
3402.9583333333335
3397.7083333333335
3394.7083333333335
3386.9166666666665
3394.0
3379.0
3367.375
3379.0416666666665
3389.0416666666665
3395.0833333333335
3391.5
3394.4166666666665
3392.9166666666665
3401.0
3396.7916666666665
3395.2083333333335
3400.7916666666665
3396.0833333333335
3385.4583333333335
3384.875
3385.5833333333335
3372.0416666666665
3372.7916666666665
3382.1666666666665
3385.0416666666665
3388.2083333333335
3395.5
3396.75
3392.3333333333335
3393.0833333333335
3396.4166666666665
3403.5
3396.875
3387.2083333333335
3385.4166666666665
3381.25
3384.375
3382.4583333333335
3392.7391304347825
3412.75
3436.6666666666665
3385.625
3393.6666666666665
3397.375
3402.5
3396.5833333333335
3396.0416666666665
3397.3333333333335
3406.125
3400.0
3393.5833333333335
3396.4583333333335
3402.4583333333335
3406.7916666666665
3425.875
3399.9166666666665
3416.75
3450.478260869565
3422.5833333333335
3412.125
3414.125
3401.9166666666665
3399.2083333333335
3397.125
3396.875
3400.9583333333335
3399.9583333333335
3411.0833333333335
3412.5
3408.25
3416.2916666666665
3409.2083333333335
3407.5416666666665
3399.5
3406.5833333333335
3411.0416666666665
3408.3333333333335
3405.75
3406.9583333333335
3417.4583333333335
3425.3333333333335
3403.8333333333335
3410.375
3412.0416666666665
3403.9583333333335
3408.3333333333335
3426.25
3415.5
3417.9166666666665
3419.5416666666665
3411.0833333333335
3406.0416666666665
3408.9166666666665
3400.125
3391.3333333333335
3384.4583333333335
3361.1666666666665
3374.4583333333335
3378.875
3390.2916666666665
3378.3333333333335
3373.75
3382.3333333333335
3406.7916666666665
3420.2083333333335
3420.875
3407.7083333333335
3419.3333333333335
3420.375
3412.7916666666665
3412.4583333333335
3402.7916666666665
3391.3333333333335
3394.7083333333335
3374.2083333333335
3377.2916666666665
3371.5
3393.5416666666665
3383.7083333333335
3393.3333333333335
3398.0833333333335
3405.625
3380.7916666666665
3372.875
3373.5833333333335
3374.2083333333335
3381.0833333333335
3380.25
3381.2916666666665
3384.7916666666665
3392.6666666666665
3388.8333333333335
3380.9166666666665
3386.5416666666665
3397.5416666666665
3396.5
3394.7916666666665
3389.8333333333335
3397.7916666666665
3387.6666666666665
3397.625
3401.6666666666665
3391.6666666666665
3400.3333333333335
3383.375
3386.8333333333335
3388.7083333333335
3391.0
3382.5833333333335
3385.25
3375.0416666666665
3380.7916666666665
3370.9583333333335
3358.5833333333335
3366.5833333333335
3378.7916666666665
3382.3333333333335
3381.75
3378.8333333333335
3380.5833333333335
3389.625
3386.5
3389.9583333333335
3395.7916666666665
3401.2083333333335
3402.5416666666665
3402.1666666666665
3398.4583333333335
3402.6666666666665
3391.9583333333335
3390.6666666666665
3399.4166666666665
3398.7083333333335
3396.25
3397.2083333333335
3384.2916666666665
3382.6666666666665
3362.0833333333335
3349.4583333333335
3353.6666666666665
3357.5
3375.5
3374.4166666666665
3367.75
3388.4
3335.7916666666665
3334.3333333333335
3351.6666666666665
3346.4583333333335
3352.125
3361.7083333333335
3367.25
3361.5416666666665
3366.2916666666665
3381.5
3385.8333333333335
3377.6666666666665
3375.0
3364.875
3350.4583333333335
3362.5
3370.5833333333335
3365.125
3343.125
3343.5833333333335
3337.0416666666665
3341.1666666666665
3344.125
3351.1666666666665
3354.7083333333335
3362.5833333333335
3367.4583333333335
3383.625
3379.625
3377.9583333333335
3394.0416666666665
3383.1666666666665
3370.3333333333335
3369.1666666666665
3379.0
3381.7083333333335
3391.2916666666665
3374.9583333333335
3324.1666666666665
3313.8333333333335
3347.9166666666665
3358.7916666666665
3365.2916666666665
3353.8333333333335
3354.5416666666665
3344.2916666666665
3350.7916666666665
3358.1666666666665
3373.7083333333335
3365.7916666666665
3357.1666666666665
3367.2083333333335
3375.0
3374.3333333333335
3368.6666666666665
3364.7916666666665
3356.9166666666665
3356.375
3362.5416666666665
3362.75
3367.75
3368.75
3367.2083333333335
3381.5833333333335
3382.9583333333335
3379.1666666666665
3371.75
3364.7083333333335
3352.0833333333335
3358.0416666666665
3363.75
3371.5416666666665
3380.1666666666665
3364.875
3363.7916666666665
3372.0833333333335
3368.125
3375.7916666666665
3396.9166666666665
3400.4166666666665
3392.25
3387.5833333333335
3381.8333333333335
3372.9583333333335
3387.5416666666665
3378.625
3387.1666666666665
3391.0
3385.1666666666665
3395.3333333333335
3398.875
3408.9166666666665
3402.625
3386.9583333333335
3381.0
3373.3333333333335
3373.0833333333335
3373.4583333333335
3381.6666666666665
3387.75
3382.0
3370.0
3359.3333333333335
3372.375
3380.076923076923
3368.625
3379.5833333333335
3381.9583333333335
3385.4583333333335
3398.8333333333335
3396.25
3401.6666666666665
3413.375
3416.25
3422.625
3426.4166666666665
3414.5
3408.75
3406.4583333333335
3410.5833333333335
3392.3333333333335
3359.0416666666665
3358.5416666666665
3371.875
3376.625
3391.5833333333335
3395.8333333333335
3385.7083333333335
3384.2916666666665
3391.6666666666665
3396.5416666666665
3392.7916666666665
3401.8333333333335
3402.9166666666665
3379.7916666666665
3382.5833333333335
3389.75
3384.875
3399.4166666666665
3407.5416666666665
3404.6666666666665
3401.0833333333335
3397.4166666666665
3408.0833333333335
3417.3333333333335
3411.1666666666665
3400.5833333333335
3401.3333333333335
3390.4166666666665
3379.5833333333335
3390.8333333333335
3392.1666666666665
3382.8333333333335
3343.4583333333335
3350.0416666666665
3357.125
3367.25
3356.25
3360.2083333333335
3357.625
3344.4166666666665
3348.7083333333335
3357.25
3362.125
3364.375
3375.375
3375.7083333333335
3372.7083333333335
3371.375
3382.7916666666665
3392.4166666666665
3392.0833333333335
3383.6666666666665
3385.625
3396.7916666666665
3387.5833333333335
3388.0416666666665
3388.9583333333335
3370.9166666666665
3358.2083333333335
3351.5833333333335
3350.375
3349.25
3359.9166666666665
3357.2083333333335
3350.6666666666665
3353.0416666666665
3352.5833333333335
3357.1666666666665
3355.2916666666665
3357.5833333333335
3360.25
3363.9583333333335
3378.25
3386.875
3389.2083333333335
3390.9166666666665
3395.875
3402.5416666666665
3391.0
3374.875
3389.0833333333335
3390.0
3397.0
3378.4117647058824
3368.1666666666665
3360.75
3354.5833333333335
3356.125
3361.8333333333335
3358.7916666666665
3348.75
3339.125
3340.2916666666665
3341.0833333333335
3328.2083333333335
3333.625
3333.5416666666665
3338.625
3361.2916666666665
3359.9583333333335
3348.5833333333335
3355.625
3378.0833333333335
3381.4583333333335
3390.4583333333335
3386.4583333333335
3373.7916666666665
3384.2083333333335
3389.125
3382.0
3381.5
3376.7083333333335
3358.375
3356.875
3351.9583333333335
3356.125
3361.7916666666665
3372.875
3366.0
3356.125
3346.375
3348.5416666666665
3361.684210526316
3361.0625
3369.875
3368.0416666666665
3382.0833333333335
3389.2083333333335
3385.5416666666665
3384.3333333333335
3386.625
3387.375
3394.625
3391.2083333333335
3394.5
3386.7083333333335
3382.8333333333335
3383.2916666666665
3383.25
3375.625
3370.3333333333335
3374.3333333333335
3364.5
3351.5714285714284
3357.0833333333335
3351.75
3351.5833333333335
3354.0416666666665
3364.7083333333335
3370.1666666666665
3382.9166666666665
3383.9583333333335
3392.4166666666665
3398.4583333333335
3388.1666666666665
3381.75
3387.0416666666665
3391.7916666666665
3379.5833333333335
3379.0416666666665
3368.5833333333335
3371.2916666666665
3372.5833333333335
3372.9583333333335
3368.0
3362.9166666666665
3367.9166666666665
3360.875
3356.9583333333335
3344.9166666666665
3336.4583333333335
3348.3333333333335
3349.5
3352.2916666666665
3352.1666666666665
3351.75
3359.7916666666665
3365.2083333333335
3381.625
3385.5833333333335
3379.0833333333335
3366.5833333333335
3367.4166666666665
3372.375
3378.0
3366.8333333333335
3367.9583333333335
3378.4583333333335
3385.0416666666665
3383.3333333333335
3389.0833333333335
3374.5
3380.5833333333335
3376.0833333333335
3374.5416666666665
3364.875
3366.3333333333335
3356.2083333333335
3361.2083333333335
3361.0416666666665
3363.1666666666665
3353.5416666666665
3345.375
3357.1666666666665
3361.8333333333335
3362.4583333333335
3358.4166666666665
3358.375
3357.875
3365.25
3366.3333333333335
3364.5416666666665
3364.375
3369.7916666666665
3363.7083333333335
3370.4583333333335
3380.4166666666665
3381.8333333333335
3375.7916666666665
3373.4583333333335
3362.0416666666665
3366.9166666666665
3367.375
3380.375
3379.75
3374.7916666666665
3368.2083333333335
3381.0
3373.125
3366.5
3368.9166666666665
3378.0
3385.0476190476193
3384.705882352941
3379.4166666666665
3366.2083333333335
3368.6666666666665
3343.3125
3345.875
3347.375
3344.2083333333335
3358.375
3365.3333333333335
3369.75
3365.1666666666665
3360.75
3368.4166666666665
3368.0416666666665
3363.0
3358.3333333333335
3363.9166666666665
3367.9166666666665
3376.4166666666665
3383.0
3374.75
3366.1666666666665
3364.9583333333335
3367.0
3365.2083333333335
3360.9583333333335
3358.2083333333335
3362.625
3358.625
3343.7916666666665
3382.3333333333335
3372.6666666666665
3367.9583333333335
3370.5833333333335
3371.125
3361.3333333333335
3374.5
3379.3333333333335
3382.8333333333335
3380.7083333333335
3368.625
3368.5833333333335
3369.5
3385.9166666666665
3371.625
3373.2083333333335
3379.4166666666665
3369.5
3364.0833333333335
3372.1666666666665
3381.0416666666665
3365.625
3366.230769230769
3356.9375
3372.4583333333335
3359.9166666666665
3350.5
3348.0833333333335
3366.230769230769
3364.125
3375.5
3379.5789473684213
3370.7916666666665
3369.0416666666665
3374.8333333333335
3364.5833333333335
3361.25
3369.7083333333335
3370.4166666666665
3380.5
3372.0
3374.6666666666665
3386.9166666666665
3379.7916666666665
3379.0416666666665
3370.7916666666665
3366.0833333333335
3362.9166666666665
3363.25
3358.9166666666665
3359.875
3361.0833333333335
3363.25
3360.0
3364.875
3366.9166666666665
3368.0
3374.0
3372.2916666666665
3365.9583333333335
3360.9583333333335
3363.4583333333335
3361.9166666666665
3364.625
3371.3333333333335
3383.2916666666665
3384.5416666666665
3389.625
3392.7083333333335
3389.9583333333335
3382.5416666666665
3375.375
3380.125
3377.0
3363.7083333333335
3357.4166666666665
3358.7083333333335
3359.7916666666665
3368.4583333333335
3364.1666666666665
3364.6666666666665
3356.9583333333335
3351.0416666666665
3359.5416666666665
3360.1666666666665
3367.5416666666665
3364.25
3366.0833333333335
3370.125
3374.7916666666665
3373.4166666666665
3382.1666666666665
3382.75
3375.9583333333335
3380.0
3392.3333333333335
3390.6666666666665
3375.5833333333335
3374.7916666666665
3372.375
3374.625
3366.0416666666665
3360.8333333333335
3352.75
3358.4166666666665
3355.8333333333335
3357.6666666666665
3348.3333333333335
3360.4166666666665
3365.2916666666665
3369.3333333333335
3364.7083333333335
3370.5
3364.25
3365.625
3370.0833333333335
3370.2083333333335
3375.125
3376.3333333333335
3379.625
3376.0
3378.1666666666665
3381.7083333333335
3378.9166666666665
3379.7083333333335
3522.0
3554.3571428571427
3449.75
3342.6666666666665
3246.5
3477.875
3599.0
3033.0
3028.0
3018.0
3013.9444444444443
3014.5555555555557
3015.866666666667
