10324.791666666666
10357.791666666666
10283.583333333334
10276.833333333334
10233.375
10181.666666666666
10223.791666666666
10261.875
10295.083333333334
10259.375
10289.541666666666
10204.666666666666
10233.958333333334
10247.333333333334
10302.041666666666
10338.541666666666
10301.166666666666
10323.666666666666
10343.083333333334
10350.625
10348.041666666666
10333.375
10275.333333333334
10249.708333333334
10291.625
10330.958333333334
10320.583333333334
10322.041666666666
10405.708333333334
10411.541666666666
10315.708333333334
10260.458333333334
10244.083333333334
10223.416666666666
10279.75
10312.916666666666
10380.416666666666
10405.708333333334
10402.708333333334
10369.791666666666
10398.625
10397.041666666666
10406.291666666666
10382.47619047619
10301.416666666666
10298.041666666666
10298.291666666666
10305.625
10285.583333333334
10220.041666666666
10201.791666666666
10250.25
10326.708333333334
10313.375
10306.041666666666
10293.333333333334
10222.541666666666
10199.291666666666
10220.875
10219.208333333334
10241.166666666666
10214.541666666666
10238.25
10271.375
10295.666666666666
10239.083333333334
10269.25
10263.5
10296.708333333334
10302.125
10348.208333333334
10343.291666666666
10352.75
10326.958333333334
10357.166666666666
10298.416666666666
10259.708333333334
10269.458333333334
10272.25
10274.208333333334
10307.958333333334
10338.458333333334
10332.833333333334
10279.625
10268.541666666666
10302.5
10333.75
10326.916666666666
10320.666666666666
10330.0
10334.625
10328.083333333334
10336.583333333334
10311.5
10275.083333333334
10256.083333333334
10290.541666666666
10266.041666666666
10292.333333333334
10331.125
10297.458333333334
10278.75
10272.0
10247.583333333334
10259.791666666666
10266.916666666666
10271.541666666666
10271.416666666666
10296.25
10273.333333333334
10199.958333333334
10243.666666666666
10209.875
10248.541666666666
10297.208333333334
10351.75
10344.5
10308.541666666666
10284.125
10315.166666666666
10350.916666666666
10394.208333333334
10354.125
10350.666666666666
10365.333333333334
10370.416666666666
10358.791666666666
10344.958333333334
10346.125
10320.708333333334
10288.958333333334
10289.583333333334
10352.75
10368.291666666666
10388.666666666666
10387.708333333334
10375.208333333334
10335.583333333334
10321.875
10321.833333333334
10328.041666666666
10353.416666666666
10377.041666666666
10359.166666666666
10346.333333333334
10333.916666666666
10369.791666666666
10369.136363636364
10397.916666666666
10355.521739130434
10345.526315789473
10331.0
10314.666666666666
10293.333333333334
10320.125
10338.25
10310.958333333334
10309.25
10303.625
10306.416666666666
10311.666666666666
10326.208333333334
10325.75
10292.0
10285.916666666666
10252.375
10258.958333333334
10307.041666666666
10309.541666666666
10323.583333333334
10288.083333333334
10277.541666666666
10285.791666666666
10340.625
10376.166666666666
10398.583333333334
10467.541666666666
10452.0
10426.041666666666
10385.75
10368.833333333334
10410.5
10410.5
10412.458333333334
10420.833333333334
10362.333333333334
10387.291666666666
10402.208333333334
10413.0
10394.375
10429.833333333334
10431.25
10456.0
10444.416666666666
10444.958333333334
10414.416666666666
10474.75
10488.875
10469.625
10446.5
10448.5
10457.666666666666
10498.555555555555
10468.625
10451.708333333334
10454.375
10431.75
10392.875
10426.333333333334
10413.666666666666
10418.375
10418.583333333334
10414.75
10410.041666666666
10420.333333333334
10423.125
10428.541666666666
10439.666666666666
10451.25
10445.25
10456.916666666666
10442.875
10404.208333333334
10449.833333333334
10428.75
10395.541666666666
10429.708333333334
10462.25
10497.541666666666
10500.333333333334
10523.041666666666
10560.666666666666
10513.375
10516.041666666666
10453.458333333334
10414.916666666666
10417.625
10396.708333333334
10411.208333333334
10441.208333333334
10429.291666666666
10420.125
10448.75
10426.208333333334
10436.666666666666
10454.333333333334
10427.875
10379.5
10333.208333333334
10365.041666666666
10368.375
10412.583333333334
10390.666666666666
10456.5
10458.958333333334
10476.125
10480.875
10500.708333333334
10517.375
10510.5
10547.291666666666
10530.833333333334
10484.375
10435.375
10445.916666666666
10430.875
10442.291666666666
10448.625
10452.75
10466.833333333334
10461.875
10479.375
10476.375
10504.958333333334
10502.041666666666
10506.708333333334
10536.041666666666
10492.541666666666
10473.541666666666
10510.916666666666
10505.708333333334
10528.166666666666
10539.458333333334
10488.291666666666
10486.25
10505.333333333334
10540.166666666666
10487.75
10500.208333333334
10537.416666666666
10545.041666666666
10516.666666666666
10537.458333333334
10553.375
10536.791666666666
10562.75
10582.625
10595.583333333334
10600.0
10652.5
10585.083333333334
10575.0
10545.708333333334
10526.0
10524.083333333334
10523.416666666666
10623.0
10569.875
10528.791666666666
10559.541666666666
10590.916666666666
10619.083333333334
10568.25
10576.291666666666
10565.625
10525.625
10528.166666666666
10530.521739130434
10552.5
10531.75
10575.333333333334
10567.541666666666
10571.666666666666
10584.166666666666
10564.291666666666
10495.583333333334
10446.5
10446.708333333334
10456.333333333334
10493.208333333334
10483.25
10458.25
10394.375
10410.166666666666
10373.791666666666
10399.166666666666
10474.59090909091
10464.947368421053
10444.375
10380.9375
10380.416666666666
10309.375
10312.1
10427.0
10410.708333333334
10452.083333333334
10452.791666666666
10458.708333333334
10455.375
10485.666666666666
10481.083333333334
10466.166666666666
10510.375
10495.625
10475.666666666666
10461.291666666666
10464.5
10460.708333333334
10474.833333333334
10473.833333333334
10494.0
10491.833333333334
10531.541666666666
10499.782608695652
10472.375
10508.208333333334
10513.708333333334
10493.541666666666
10514.791666666666
10538.541666666666
10480.541666666666
10466.333333333334
10396.875
10410.208333333334
10370.208333333334
10420.958333333334
10331.583333333334
10294.125
10342.375
10303.291666666666
10333.75
10378.458333333334
10360.541666666666
10365.875
10381.375
10402.291666666666
10387.083333333334
10365.375
10395.75
10376.958333333334
10379.166666666666
10400.625
10418.875
10421.625
10417.625
10368.916666666666
10356.333333333334
10342.666666666666
10400.458333333334
10409.541666666666
10414.041666666666
10412.583333333334
10428.666666666666
10465.083333333334
10438.791666666666
10407.833333333334
10397.458333333334
10350.416666666666
10354.291666666666
10324.375
10351.583333333334
10411.333333333334
10403.208333333334
10447.916666666666
10493.5
10384.5
10263.791666666666
10217.916666666666
10247.25
10255.958333333334
10270.333333333334
10359.416666666666
10442.083333333334
10407.708333333334
10353.875
10336.333333333334
10332.75
10325.416666666666
10292.291666666666
10267.625
10280.416666666666
10323.458333333334
10290.875
10251.041666666666
10226.041666666666
10272.0
10281.791666666666
10230.083333333334
10195.291666666666
10167.666666666666
10167.583333333334
10213.208333333334
10157.083333333334
10157.083333333334
10208.333333333334
10186.125
10179.291666666666
10151.708333333334
10189.708333333334
10247.375
10236.25
10280.458333333334
10286.583333333334
10287.25
10266.958333333334
10250.25
10218.958333333334
10223.541666666666
10215.166666666666
10186.791666666666
10206.91304347826
10203.166666666666
10232.041666666666
10200.625
10206.708333333334
10142.041666666666
10100.625
10119.458333333334
10174.708333333334
10184.208333333334
10192.625
10180.333333333334
10116.25
10122.0
10100.958333333334
10132.458333333334
10139.458333333334
10117.583333333334
10151.041666666666
10134.208333333334
10097.625
10119.75
10107.541666666666
10145.541666666666
10151.083333333334
10091.458333333334
10103.625
10066.125
10011.833333333334
10026.375
9950.625
9844.166666666666
9962.5
10001.291666666666
9990.5
9993.458333333334
10032.75
10012.666666666666
10032.541666666666
10008.291666666666
9979.708333333334
9995.375
10028.708333333334
10027.416666666666
10050.458333333334
10044.625
10044.833333333334
10023.916666666666
10017.041666666666
9999.583333333334
10030.5
10064.666666666666
10055.125
10052.625
10067.916666666666
10036.291666666666
10050.375
10056.75
9991.208333333334
9976.583333333334
9974.083333333334
9993.458333333334
10015.166666666666
10039.208333333334
10021.333333333334
10058.833333333334
10051.833333333334
10027.5
10050.25
10026.875
10040.833333333334
10040.083333333334
10077.583333333334
10060.208333333334
10044.75
10005.041666666666
10043.625
10077.0
10094.791666666666
10139.458333333334
10164.708333333334
10151.0
10101.25
10158.208333333334
10012.333333333334
10025.916666666666
10061.791666666666
10133.75
10122.291666666666
10086.958333333334
10047.708333333334
10062.875
10108.791666666666
10094.5
10117.791666666666
10111.291666666666
10115.708333333334
10110.541666666666
10108.208333333334
10118.25
10149.5
10122.833333333334
10088.083333333334
10095.875
10075.0
10097.125
10114.333333333334
10044.375
10067.833333333334
10124.25
10107.583333333334
10118.833333333334
10116.291666666666
10061.041666666666
10039.083333333334
10051.583333333334
10046.916666666666
10057.5
10041.958333333334
10027.041666666666
10089.083333333334
10095.708333333334
10103.458333333334
10118.083333333334
10089.0
10110.375
10135.916666666666
10152.25
10137.291666666666
10166.0
10131.458333333334
10069.125
10115.708333333334
10116.916666666666
10180.125
10204.708333333334
10207.666666666666
10183.291666666666
10172.791666666666
10179.125
10135.958333333334
10108.375
10153.25
10160.333333333334
10154.583333333334
10125.833333333334
10122.666666666666
10125.333333333334
10167.208333333334
10184.416666666666
10158.041666666666
9881.458333333334
9882.291666666666
9941.208333333334
10004.583333333334
10066.416666666666
10108.083333333334
10143.833333333334
10117.75
10124.416666666666
10156.541666666666
10177.541666666666
10162.625
10137.375
10145.875
10114.958333333334
10128.5
10180.958333333334
10133.125
10153.666666666666
10151.708333333334
10152.416666666666
10122.583333333334
10134.875
10141.875
10100.416666666666
10112.25
10148.875
10152.041666666666
10159.041666666666
10175.583333333334
10167.5
10203.458333333334
10204.125
10161.291666666666
10132.0
10102.375
10145.083333333334
10068.458333333334
10087.625
10107.125
10113.333333333334
10135.25
10106.541666666666
9999.416666666666
10010.916666666666
10082.625
10116.458333333334
10148.916666666666
10101.416666666666
10137.708333333334
10096.916666666666
10060.208333333334
10037.833333333334
10008.0
9977.666666666666
9953.75
9971.958333333334
10014.75
10028.117647058823
10048.291666666666
10066.208333333334
10114.75
10053.875
9988.041666666666
10033.125
10072.833333333334
10089.708333333334
10100.916666666666
10006.875
9987.833333333334
10008.041666666666
9991.5
10034.625
10019.125
9991.125
10039.541666666666
10037.666666666666
10012.5
9976.833333333334
10031.416666666666
9969.125
9908.625
9881.208333333334
9932.25
9965.666666666666
10004.5
10027.25
10031.333333333334
9933.291666666666
9948.833333333334
9980.916666666666
9985.833333333334
10035.333333333334
10018.5
10034.0
10060.166666666666
10011.75
10011.458333333334
10035.75
9970.875
9983.625
10015.375
10003.208333333334
9904.25
9885.25
9926.666666666666
9940.375
9889.875
9847.458333333334
9921.083333333334
9962.75
9953.375
9941.791666666666
9933.652173913044
9898.416666666666
9879.041666666666
9816.0
9871.625
9910.625
9956.583333333334
9966.125
9967.0
9903.916666666666
9929.583333333334
9949.291666666666
9957.291666666666
9956.458333333334
9963.833333333334
9964.041666666666
9944.583333333334
9936.875
9875.375
9803.625
9851.208333333334
9792.833333333334
9816.583333333334
9846.083333333334
9864.583333333334
9891.416666666666
9895.125
9875.684210526315
9888.625
9914.5
9930.208333333334
9951.083333333334
9911.458333333334
9845.625
9859.052631578947
9892.65
9954.958333333334
9954.541666666666
9969.583333333334
9928.75
9946.041666666666
9999.875
10026.625
9993.791666666666
9988.208333333334
9948.708333333334
9995.166666666666
9993.791666666666
9985.916666666666
9998.416666666666
9910.166666666666
9914.958333333334
9921.708333333334
9918.166666666666
9934.708333333334
9911.041666666666
9916.166666666666
9955.75
9932.75
9952.333333333334
9954.416666666666
9925.0
9953.416666666666
9996.416666666666
10011.166666666666
10041.708333333334
9955.583333333334
9963.583333333334
9945.875
9897.416666666666
9892.25
9943.875
9917.125
9943.833333333334
9987.416666666666
10028.833333333334
10000.125
10007.958333333334
9966.833333333334
9927.791666666666
9957.875
9981.25
9919.708333333334
9966.791666666666
9981.375
9665.619047619048
9661.916666666666
9761.416666666666
9868.666666666666
9931.875
9952.958333333334
9966.208333333334
9998.833333333334
10008.958333333334
9992.583333333334
9945.958333333334
9927.291666666666
9816.375
9866.875
9879.25
9839.416666666666
9805.541666666666
9919.208333333334
9959.666666666666
10001.0
10030.375
9848.416666666666
9833.625
9791.375
9787.916666666666
9743.791666666666
9770.416666666666
9792.875
9796.458333333334
9766.833333333334
9841.291666666666
9819.75
9878.416666666666
9889.416666666666
9912.583333333334
9837.458333333334
9845.666666666666
9837.5
9848.291666666666
9874.625
9667.625
9679.166666666666
9713.125
9655.791666666666
9605.666666666666
9623.625
9620.458333333334
9529.125
9442.833333333334
9454.083333333334
9553.916666666666
9549.666666666666
9611.125
9498.416666666666
9536.125
9561.833333333334
9637.875
9651.083333333334
9657.833333333334
9672.458333333334
9694.541666666666
9599.25
9608.583333333334
9602.416666666666
9591.583333333334
9574.416666666666
9675.875
9723.041666666666
9732.75
9712.333333333334
9697.958333333334
9611.5
9566.458333333334
9522.333333333334
9563.083333333334
9631.458333333334
9690.875
9721.625
9760.791666666666
9772.125
9799.375
9780.833333333334
9743.583333333334
9772.0
9806.75
9838.291666666666
9812.916666666666
9785.166666666666
9779.666666666666
9780.333333333334
9796.75
9765.083333333334
9775.666666666666
9770.875
9772.375
9779.333333333334
9839.375
9838.708333333334
9804.125
9752.0
9718.666666666666
9648.166666666666
9643.625
9705.291666666666
9706.875
9726.875
9802.416666666666
9565.208333333334
9647.333333333334
9745.333333333334
9668.333333333334
9714.625
9529.666666666666
9521.708333333334
9616.208333333334
9653.541666666666
9606.5
9623.333333333334
9584.75
9370.541666666666
9394.208333333334
9472.125
9533.458333333334
9598.708333333334
9570.791666666666
9397.541666666666
9237.333333333334
9296.416666666666
9384.833333333334
9498.5
9531.916666666666
9580.166666666666
9605.875
9635.083333333334
9630.75
9640.541666666666
9650.208333333334
9702.041666666666
9738.041666666666
9627.777777777777
9701.458333333334
9715.375
9703.5
9495.25
9497.0
9586.666666666666
9617.25
9636.958333333334
9682.541666666666
9717.208333333334
9723.041666666666
9684.708333333334
9675.625
9630.833333333334
9615.833333333334
9647.916666666666
9684.041666666666
9694.416666666666
9726.416666666666
9735.791666666666
9733.041666666666
9705.0
9714.583333333334
9640.625
9650.875
9686.0
9700.541666666666
9710.208333333334
9651.291666666666
9418.458333333334
9489.041666666666
9620.75
9687.083333333334
9665.541666666666
9703.625
9676.0
9690.083333333334
9694.666666666666
9698.416666666666
9629.25
9606.368421052632
9484.0
9484.0
9724.25
9743.666666666666
9754.875
9747.375
9706.958333333334
9755.208333333334
9768.166666666666
9762.208333333334
9747.666666666666
9759.0
9795.625
9807.166666666666
9832.75
9824.0
9801.916666666666
9788.125
9815.375
9801.833333333334
9833.333333333334
9830.833333333334
9832.833333333334
9610.458333333334
9555.0
9637.958333333334
9603.416666666666
9550.791666666666
9566.166666666666
9649.25
9659.75
9551.875
9680.5
9698.25
9750.333333333334
9814.916666666666
9832.333333333334
9810.541666666666
9828.083333333334
9596.791666666666
9402.833333333334
9428.083333333334
9505.541666666666
9533.291666666666
9467.958333333334
9468.416666666666
9551.130434782608
9620.541666666666
9535.875
9533.5
9587.416666666666
9577.416666666666
9501.375
9489.083333333334
9529.0
9560.291666666666
9575.75
9546.166666666666
9475.541666666666
9520.833333333334
9567.75
9643.666666666666
9718.958333333334
9740.416666666666
9727.083333333334
9762.916666666666
9741.375
9820.958333333334
9382.791666666666
9508.291666666666
9472.458333333334
9568.958333333334
9689.875
9760.75
9708.541666666666
9558.583333333334
9532.208333333334
9597.083333333334
9678.1875
9733.0
9760.708333333334
9788.5
9697.0
9755.5
9714.791666666666
9666.0
9676.875
9766.416666666666
9734.0
9763.833333333334
9717.916666666666
9739.041666666666
9791.42857142857
9718.0
9755.208333333334
9740.166666666666
9717.708333333334
9812.666666666666
9746.583333333334
9785.708333333334
9806.875
9765.75
9816.958333333334
9658.541666666666
9675.916666666666
9863.333333333334
9844.625
9785.458333333334
9845.375
9846.958333333334
9836.166666666666
9846.0
9856.583333333334
9857.5
9900.208333333334
9849.958333333334
9839.041666666666
9879.5
9898.75
9981.75
10013.625
9993.208333333334
9939.041666666666
9913.333333333334
9897.708333333334
9871.833333333334
9856.416666666666
9872.375
9937.541666666666
9973.625
9980.833333333334
9930.416666666666
9907.333333333334
9900.791666666666
9860.125
9808.5
9818.291666666666
9761.083333333334
9749.583333333334
9767.5
9793.166666666666
9855.958333333334
9919.125
9900.416666666666
9931.625
9898.291666666666
9936.666666666666
9925.25
9870.666666666666
9849.416666666666
9845.904761904761
9842.75
9772.5
9831.208333333334
9846.375
9878.833333333334
9784.833333333334
9692.75
9557.125
9597.833333333334
9419.833333333334
9426.958333333334
9535.75
9533.458333333334
9507.75
9521.875
9399.583333333334
9249.75
9325.125
9513.0
9601.833333333334
9674.333333333334
9714.708333333334
9702.833333333334
9724.5
9749.416666666666
9776.708333333334
9775.625
9729.5
9776.375
9712.833333333334
9581.25
9629.083333333334
9686.357142857143
9718.916666666666
9745.583333333334
9756.125
9803.583333333334
9878.0
9882.583333333334
9873.333333333334
9815.333333333334
9771.666666666666
9580.25
9522.458333333334
9506.583333333334
9590.583333333334
9599.958333333334
9600.416666666666
9574.708333333334
9588.416666666666
9587.416666666666
9565.875
9085.333333333334
8476.272727272728
8756.166666666666
8902.625
8880.041666666666
8751.583333333334
9038.708333333334
9152.291666666666
9190.625
9299.791666666666
9423.5
9427.041666666666
9500.666666666666
9532.125
9564.666666666666
9616.833333333334
9617.25
9608.708333333334
9625.791666666666
9654.333333333334
9619.875
9625.916666666666
9650.541666666666
9602.75
9662.583333333334
9634.166666666666
9652.041666666666
9676.0
9529.5
9411.75
9548.666666666666
9553.875
9548.5
9587.75
9598.625
9661.791666666666
9720.5
9739.375
9803.625
9830.583333333334
9825.0
9837.375
9874.875
9868.833333333334
9763.833333333334
9711.791666666666
9721.0
9690.708333333334
9632.333333333334
9533.791666666666
9583.166666666666
9630.5
9658.666666666666
9732.041666666666
9750.666666666666
9777.125
9724.208333333334
9620.666666666666
9671.708333333334
9723.875
9745.833333333334
9710.375
9712.25
9736.958333333334
9778.875
9751.041666666666
9654.583333333334
9675.5
9671.208333333334
9687.958333333334
9729.666666666666
9652.0
9668.333333333334
9640.083333333334
9625.375
9607.25
9557.833333333334
9620.458333333334
9638.833333333334
9710.0
9752.25
9735.583333333334
9754.666666666666
9686.625
9478.0
9509.375
9528.416666666666
9560.583333333334
9540.916666666666
9547.666666666666
9504.958333333334
9534.0
9558.291666666666
9523.458333333334
9535.083333333334
9605.75
9695.958333333334
9727.208333333334
9693.5
9739.666666666666
9659.583333333334
9424.0
9504.041666666666
9567.875
9612.791666666666
9632.458333333334
9656.708333333334
9686.75
9740.791666666666
9744.708333333334
9757.083333333334
9763.833333333334
9722.291666666666
9743.833333333334
9742.083333333334
9712.0
9661.083333333334
9659.083333333334
9571.041666666666
9380.833333333334
9485.458333333334
9515.416666666666
9464.25
9392.416666666666
9488.541666666666
9530.375
9566.291666666666
9590.625
9524.625
9168.916666666666
9118.416666666666
9289.458333333334
9359.916666666666
9307.708333333334
9119.375
9112.375
9095.708333333334
9120.583333333334
9289.458333333334
9343.75
9405.125
9396.333333333334
9235.208333333334
9305.166666666666
9306.583333333334
9382.291666666666
9336.5
9329.125
9366.083333333334
9372.333333333334
9373.0
9363.5
9366.958333333334
9372.541666666666
9385.125
9374.25
9387.416666666666
9438.375
9383.625
9383.166666666666
9376.958333333334
9410.25
9460.041666666666
9476.125
9458.47619047619
9437.25
9413.083333333334
9457.5
9501.791666666666
9536.0
9535.041666666666
9543.458333333334
9506.958333333334
9516.625
9553.208333333334
9546.958333333334
9601.333333333334
9634.416666666666
9621.875
9551.125
9447.083333333334
9257.041666666666
9338.041666666666
9472.125
9524.583333333334
9562.083333333334
9608.625
9661.583333333334
9642.791666666666
9584.333333333334
9613.958333333334
9659.708333333334
9643.541666666666
9653.125
9627.708333333334
9576.791666666666
9614.666666666666
9628.208333333334
9616.083333333334
9648.583333333334
9667.666666666666
9705.791666666666
9666.458333333334
9603.541666666666
9652.125
9657.125
9666.625
9552.166666666666
9496.583333333334
9551.333333333334
9592.5
9602.166666666666
9619.916666666666
9540.375
9415.625
9455.875
9405.375
9470.541666666666
9442.958333333334
9324.375
9358.166666666666
9427.916666666666
9474.625
9525.458333333334
9522.0
9507.375
9546.958333333334
9558.916666666666
9575.333333333334
9617.333333333334
9666.083333333334
9668.083333333334
9623.166666666666
9654.0
9650.041666666666
9648.458333333334
9638.541666666666
9652.375
9559.708333333334
9559.125
9587.875
9617.583333333334
9635.833333333334
9669.166666666666
9670.958333333334
9665.75
9720.916666666666
9737.208333333334
9714.541666666666
9733.75
9517.0
9498.916666666666
9460.875
9533.0
9583.833333333334
9655.0
9636.291666666666
9524.208333333334
9533.625
9558.0
9546.333333333334
9342.041666666666
9296.458333333334
9376.583333333334
9371.791666666666
9443.541666666666
9446.083333333334
9490.791666666666
9511.791666666666
9442.083333333334
9445.208333333334
9442.708333333334
9484.291666666666
9526.541666666666
9588.791666666666
9645.333333333334
9600.083333333334
9559.833333333334
9615.458333333334
9582.333333333334
9601.375
9574.958333333334
9567.5
9571.333333333334
9600.916666666666
9555.75
9537.041666666666
9447.416666666666
9456.458333333334
9490.666666666666
9568.708333333334
9591.333333333334
9639.041666666666
9657.25
9645.75
9623.916666666666
9590.0
9610.083333333334
9630.666666666666
9645.416666666666
9659.625
9636.583333333334
9630.708333333334
9655.083333333334
9682.125
9669.166666666666
9660.125
9656.958333333334
9637.333333333334
9666.125
9665.833333333334
9660.666666666666
9656.416666666666
9676.333333333334
9654.5
9623.416666666666
9551.375
9496.416666666666
9442.416666666666
9577.458333333334
9631.083333333334
9669.666666666666
9703.875
9724.458333333334
9666.666666666666
9616.208333333334
9599.708333333334
9620.875
9662.666666666666
9699.291666666666
9714.583333333334
9701.708333333334
9662.0
9669.833333333334
9696.916666666666
9667.458333333334
9668.208333333334
9608.833333333334
9618.666666666666
9613.291666666666
9668.208333333334
9625.0
9613.041666666666
9612.416666666666
9643.75
9634.041666666666
9527.25
9563.0
9587.916666666666
9644.25
9637.625
9664.166666666666
9665.458333333334
9665.708333333334
9643.458333333334
9622.166666666666
9611.083333333334
9623.125
9643.0
9625.875
9637.916666666666
9623.625
9678.333333333334
9736.0
9718.791666666666
9713.541666666666
9678.083333333334
9694.5
9699.291666666666
9717.291666666666
9726.333333333334
9657.5
9551.0
9433.166666666666
9294.25
9246.5
9153.958333333334
9228.958333333334
9290.041666666666
9296.708333333334
9371.666666666666
9437.083333333334
9473.5
9470.958333333334
9470.541666666666
9512.958333333334
9567.708333333334
9510.416666666666
9533.25
9584.833333333334
9600.083333333334
9632.083333333334
9684.625
9667.791666666666
9606.5
9638.791666666666
9627.291666666666
9661.458333333334
9604.041666666666
9570.333333333334
9553.375
9576.583333333334
9353.625
9357.666666666666
9376.833333333334
9409.291666666666
9455.25
9465.041666666666
9481.708333333334
9520.458333333334
9482.5
9444.583333333334
9432.75
9373.916666666666
9476.625
9536.708333333334
9577.583333333334
9623.541666666666
9532.25
9503.916666666666
9512.666666666666
9506.125
9485.791666666666
9522.416666666666
9453.375
9356.625
9355.875
9349.125
9386.791666666666
9384.208333333334
9396.666666666666
9349.916666666666
9322.875
9281.083333333334
9150.5
9148.416666666666
9054.458333333334
9023.666666666666
8982.625
8994.083333333334
9075.208333333334
9099.375
9110.083333333334
9048.958333333334
8935.458333333334
9045.291666666666
9138.041666666666
9147.208333333334
9203.708333333334
9263.833333333334
9195.75
9147.208333333334
9209.291666666666
9186.25
9151.875
9189.041666666666
9144.0
9159.958333333334
9182.583333333334
9201.416666666666
9233.166666666666
9314.208333333334
9379.333333333334
9377.125
9445.625
9420.5
9375.583333333334
9434.166666666666
9443.541666666666
9469.291666666666
9469.708333333334
9469.875
9440.708333333334
9260.833333333334
9368.5
9275.541666666666
9325.041666666666
9156.708333333334
9240.333333333334
9317.625
9369.166666666666
9383.333333333334
9390.958333333334
9406.375
9366.208333333334
9339.583333333334
9339.166666666666
9370.375
9372.416666666666
9287.0
9305.75
9334.75
9165.625
9251.166666666666
9290.291666666666
9337.625
9433.333333333334
9416.958333333334
9447.666666666666
9490.708333333334
9468.958333333334
9483.791666666666
9500.041666666666
9479.208333333334
9537.541666666666
9496.708333333334
9476.208333333334
9425.208333333334
9385.0
9364.0
9367.958333333334
9380.041666666666
9403.125
9433.208333333334
9316.333333333334
9312.708333333334
9350.291666666666
9401.875
9456.541666666666
9502.875
9433.958333333334
9431.916666666666
9446.833333333334
9523.583333333334
9490.125
9489.5
9505.041666666666
9527.333333333334
9516.75
9537.708333333334
9527.125
9473.375
9474.166666666666
9458.791666666666
9278.125
9363.125
9417.166666666666
9464.583333333334
9492.125
9527.166666666666
9421.791666666666
9399.375
9384.0
9401.125
9359.708333333334
9282.0
9332.958333333334
9349.791666666666
9351.166666666666
9406.708333333334
9429.0
9483.125
9520.916666666666
9505.916666666666
9523.041666666666
9543.875
9545.666666666666
9562.625
9536.333333333334
9490.875
9466.291666666666
9493.458333333334
9564.5
9566.416666666666
9547.708333333334
9549.541666666666
9585.958333333334
9575.25
9610.916666666666
9635.625
9507.041666666666
9594.833333333334
9613.708333333334
9444.666666666666
9382.041666666666
9441.958333333334
9513.791666666666
9577.416666666666
9597.125
9617.083333333334
9545.666666666666
9557.208333333334
9632.75
9668.583333333334
9621.208333333334
9651.5
9504.333333333334
9468.333333333334
9539.0
9575.416666666666
9575.458333333334
9628.916666666666
9702.916666666666
9664.375
9675.916666666666
9578.25
9595.166666666666
9626.0
9624.083333333334
9642.541666666666
9605.208333333334
9466.583333333334
9476.875
9527.541666666666
9564.916666666666
9556.083333333334
9568.791666666666
9559.083333333334
9579.708333333334
9566.125
9571.333333333334
9497.166666666666
9462.375
9321.416666666666
9449.5
9451.416666666666
9456.833333333334
9444.083333333334
9480.291666666666
9497.833333333334
9528.333333333334
9544.833333333334
9558.041666666666
9531.333333333334
9548.041666666666
9573.416666666666
9550.708333333334
9564.041666666666
9499.666666666666
9423.541666666666
9443.5
9504.333333333334
9533.916666666666
9391.25
9323.875
9364.916666666666
9420.75
9451.5
9415.5
9400.875
9289.416666666666
9282.875
9366.666666666666
9398.458333333334
9492.041666666666
9498.375
9457.0
9270.0
9480.0
9447.916666666666
9454.833333333334
9474.125
9491.375
9527.458333333334
9569.375
9489.541666666666
9542.791666666666
9511.333333333334
9604.875
9599.791666666666
9566.0
9596.416666666666
9509.416666666666
9339.208333333334
9406.791666666666
9499.208333333334
9525.791666666666
9568.333333333334
9581.0
9475.166666666666
9468.583333333334
9337.458333333334
9369.041666666666
9326.458333333334
9364.708333333334
9490.0
9490.458333333334
9507.25
9509.5
9569.25
9512.083333333334
9465.791666666666
9451.916666666666
9432.041666666666
9431.666666666666
9449.375
9402.583333333334
9432.625
9431.75
9388.833333333334
9384.083333333334
9451.541666666666
9444.416666666666
9510.083333333334
9515.666666666666
9489.875
9419.166666666666
9392.25
9328.5
9420.291666666666
9434.833333333334
9462.666666666666
9525.625
9457.708333333334
9372.083333333334
9362.5
9425.791666666666
9406.791666666666
9191.708333333334
9242.166666666666
9307.416666666666
9329.125
9091.125
9130.625
9126.458333333334
9176.291666666666
9236.958333333334
9245.0
9271.5
9320.583333333334
9140.833333333334
9043.916666666666
9050.166666666666
9104.916666666666
9163.375
9192.541666666666
9281.208333333334
9364.708333333334
9419.75
9494.25
9533.166666666666
9508.583333333334
9518.541666666666
9418.625
9371.541666666666
9380.59090909091
9418.0
9437.75
9493.541666666666
9487.625
9476.166666666666
9457.0
9469.5
9395.791666666666
9388.541666666666
9403.125
9271.958333333334
9272.583333333334
9260.083333333334
9360.208333333334
9407.666666666666
9436.875
9478.25
9524.541666666666
9499.5
9510.041666666666
9451.333333333334
9294.333333333334
9305.041666666666
9280.166666666666
9247.5
9309.25
9354.375
9392.125
9429.833333333334
9432.666666666666
9468.833333333334
9508.708333333334
9513.291666666666
9415.916666666666
9241.708333333334
9224.625
9246.791666666666
9319.333333333334
9333.958333333334
9287.5
9334.041666666666
9376.666666666666
9390.833333333334
9465.291666666666
9502.166666666666
9474.875
9564.375
9563.636363636364
9558.333333333334
9463.083333333334
9411.0
9437.958333333334
9428.0
9477.583333333334
9473.0
9491.0
9534.416666666666
9595.75
9614.75
9590.708333333334
9570.416666666666
9416.0
9455.458333333334
9489.791666666666
9478.583333333334
9497.75
9469.041666666666
9459.0
9343.5
9331.458333333334
9333.125
9343.958333333334
9378.75
9408.458333333334
9450.375
9383.416666666666
9335.25
9422.666666666666
9454.166666666666
9523.75
9537.333333333334
9556.375
9569.416666666666
9486.5
9293.875
9352.916666666666
9479.875
9522.458333333334
9545.291666666666
9576.291666666666
9538.166666666666
9531.125
9409.0
9410.708333333334
9339.291666666666
9213.291666666666
9178.25
9240.291666666666
9260.708333333334
9289.416666666666
9341.5
9362.0
9341.0
9367.916666666666
9376.333333333334
9367.916666666666
9384.875
9426.583333333334
9448.25
9465.5
9461.666666666666
9464.041666666666
9466.166666666666
9477.541666666666
9444.833333333334
9443.25
9361.666666666666
9450.125
9495.291666666666
9508.625
9437.875
9344.458333333334
9357.5
9353.333333333334
9407.375
9433.25
9480.916666666666
9504.916666666666
9556.916666666666
9594.25
9615.791666666666
9608.291666666666
9594.333333333334
9607.458333333334
9589.083333333334
9604.875
9628.541666666666
9645.208333333334
9649.208333333334
9602.458333333334
9569.625
9558.666666666666
9529.541666666666
9550.777777777777
9563.833333333334
9531.583333333334
9495.833333333334
9503.333333333334
9515.916666666666
9580.25
9591.458333333334
9593.708333333334
9633.041666666666
9596.916666666666
9635.375
9684.166666666666
9687.708333333334
9694.75
9732.708333333334
9748.041666666666
9710.625
9605.5
9646.416666666666
9643.583333333334
9663.958333333334
9675.625
9686.958333333334
9737.416666666666
9762.916666666666
9567.5
9553.25
9398.166666666666
9389.791666666666
9416.708333333334
9411.5
9421.125
9210.166666666666
8986.791666666666
9064.75
9205.416666666666
9321.875
9429.125
9434.166666666666
9567.416666666666
9678.0
9775.208333333334
9787.75
9725.041666666666
9687.125
9659.583333333334
9633.458333333334
9592.416666666666
9559.583333333334
9511.416666666666
9404.833333333334
9368.208333333334
9415.333333333334
9415.208333333334
9400.083333333334
9329.958333333334
9348.458333333334
9403.625
9430.375
9465.291666666666
9450.791666666666
9484.541666666666
9530.583333333334
9526.666666666666
9485.0
9613.916666666666
9664.041666666666
9737.083333333334
9762.375
9687.875
9573.791666666666
9432.916666666666
9452.208333333334
9519.25
9435.291666666666
9440.625
9473.958333333334
9377.708333333334
9334.583333333334
9403.583333333334
9484.5
9426.708333333334
9347.25
9369.375
9339.0
9266.666666666666
9232.75
9216.458333333334
9251.25
9247.25
9300.708333333334
9136.125
9176.75
9207.875
9335.5
9397.416666666666
9366.125
9466.833333333334
9556.208333333334
9625.291666666666
9681.875
9684.708333333334
9579.666666666666
9480.041666666666
9486.875
9494.791666666666
9474.208333333334
9504.75
9523.666666666666
9523.416666666666
9462.25
9422.583333333334
9328.5
9225.916666666666
9210.333333333334
9090.166666666666
9059.791666666666
9060.375
9072.708333333334
9121.458333333334
9163.541666666666
9195.041666666666
9286.708333333334
9347.708333333334
9360.875
9437.583333333334
9550.25
9638.583333333334
9712.5
9701.583333333334
9648.666666666666
9646.291666666666
9473.708333333334
9032.833333333334
8923.125
8917.5
9049.333333333334
9054.125
9080.708333333334
9102.333333333334
9083.75
9084.541666666666
9037.25
9030.583333333334
9069.458333333334
9171.333333333334
9211.041666666666
9212.041666666666
9211.708333333334
9155.333333333334
9209.125
9356.166666666666
9440.0
9500.125
9572.125
9628.708333333334
9658.083333333334
9657.208333333334
9579.125
9475.5
9438.166666666666
9442.833333333334
9507.666666666666
9431.25
9362.0
9388.0
9427.541666666666
9413.583333333334
9320.833333333334
9299.0
9319.875
9271.333333333334
9238.291666666666
9255.666666666666
9232.041666666666
9200.083333333334
9190.541666666666
9149.291666666666
9185.875
9240.375
9278.791666666666
9295.875
9398.458333333334
9476.416666666666
9517.708333333334
9511.416666666666
9526.958333333334
9459.583333333334
9379.208333333334
9358.25
9390.666666666666
9345.25
9341.833333333334
9366.0
9385.625
9350.0
9352.958333333334
9325.541666666666
9310.708333333334
9351.291666666666
9359.333333333334
9397.625
9379.791666666666
9316.583333333334
9222.916666666666
9218.541666666666
9241.416666666666
9285.333333333334
9307.083333333334
9375.458333333334
9396.208333333334
9324.25
9269.0
9154.791666666666
9174.583333333334
9163.5
9218.833333333334
9187.625
8925.666666666666
8922.25
8978.708333333334
9046.166666666666
9085.083333333334
9007.291666666666
9041.25
9094.875
9151.583333333334
9141.041666666666
9163.791666666666
9168.833333333334
9129.791666666666
9169.416666666666
9146.0
9037.583333333334
9117.208333333334
9128.25
9203.291666666666
9244.375
9297.041666666666
9307.208333333334
9319.458333333334
9305.958333333334
9150.958333333334
9139.583333333334
9135.0
9172.833333333334
9189.8
9208.291666666666
9182.291666666666
9214.291666666666
9283.541666666666
9249.125
9210.833333333334
9217.041666666666
9205.833333333334
9222.916666666666
9257.375
9308.416666666666
9331.25
9354.458333333334
9340.416666666666
9367.166666666666
9312.333333333334
9302.25
9296.791666666666
9261.25
9097.75
9093.416666666666
9128.333333333334
9189.291666666666
9190.125
9223.541666666666
9263.416666666666
9284.5
9327.166666666666
9345.916666666666
9407.708333333334
9396.916666666666
9387.75
9333.5
9287.25
9363.25
9391.625
9365.0
9420.75
9449.0
9509.5625
9546.76923076923
9552.153846153846
9580.545454545454
9522.291666666666
9493.0
9480.083333333334
9501.291666666666
9518.375
9552.666666666666
9558.25
9543.416666666666
9550.291666666666
9505.708333333334
9537.166666666666
9568.0
9612.208333333334
9676.541666666666
9618.208333333334
9559.125
9436.0
9451.875
9504.291666666666
9518.375
9567.291666666666
9606.666666666666
9548.166666666666
9374.458333333334
8898.25
8979.208333333334
8811.666666666666
8971.708333333334
9042.5
9180.791666666666
9283.0
9411.666666666666
9477.958333333334
9522.0
9541.541666666666
9563.416666666666
9503.083333333334
9540.791666666666
9536.208333333334
9552.666666666666
9562.958333333334
9599.166666666666
9527.625
9531.041666666666
9393.75
9418.75
9509.041666666666
9481.0
9471.125
9534.333333333334
9549.958333333334
9555.333333333334
9571.0
9555.916666666666
9578.208333333334
9604.541666666666
9598.041666666666
9587.666666666666
9555.875
9616.25
9652.458333333334
9677.083333333334
9663.833333333334
9621.208333333334
9627.5
9634.958333333334
9629.5
9661.916666666666
9683.541666666666
9618.875
9617.541666666666
9569.0
9619.041666666666
9467.333333333334
9411.416666666666
9511.0
9510.4
9411.083333333334
9384.625
9422.0
9525.458333333334
9565.25
9580.458333333334
9579.041666666666
9584.708333333334
9590.625
9648.166666666666
9640.25
9416.75
9471.75
9527.458333333334
9538.291666666666
9595.458333333334
9620.125
9667.583333333334
9689.291666666666
9708.875
9721.125
9695.833333333334
9689.583333333334
9566.583333333334
9477.208333333334
9535.333333333334
9523.833333333334
9411.458333333334
9384.208333333334
9457.583333333334
9465.083333333334
9539.208333333334
9543.583333333334
9556.208333333334
9619.25
9713.458333333334
9645.375
9721.0
9662.416666666666
9641.0
9623.5
9630.416666666666
9659.291666666666
9664.708333333334
9660.583333333334
9712.25
9720.375
9725.333333333334
9680.333333333334
9605.25
9584.25
9550.25
9498.833333333334
9487.041666666666
9548.5
9565.333333333334
9585.291666666666
9572.875
9577.583333333334
9557.458333333334
9567.708333333334
9551.291666666666
9603.25
9635.291666666666
9629.833333333334
9650.375
9692.291666666666
9718.625
9707.333333333334
9702.666666666666
9661.25
9577.208333333334
9558.125
9596.458333333334
9624.791666666666
9582.458333333334
9572.0
9643.916666666666
9693.083333333334
9696.958333333334
9707.0
9564.25
9626.208333333334
9579.5
9366.958333333334
9418.166666666666
9493.416666666666
9444.375
9463.083333333334
9510.291666666666
9550.25
9583.916666666666
9613.791666666666
9611.041666666666
9704.041666666666
9720.041666666666
9650.291666666666
9659.666666666666
9612.666666666666
9663.041666666666
9695.541666666666
9777.291666666666
9820.333333333334
9784.708333333334
9789.083333333334
9812.458333333334
9816.833333333334
9846.25
9833.583333333334
9783.458333333334
9770.333333333334
9728.583333333334
9687.833333333334
9638.458333333334
9605.25
9636.666666666666
9681.083333333334
9641.875
9657.291666666666
9664.166666666666
9711.166666666666
9767.916666666666
9653.708333333334
9682.333333333334
9700.0
9753.208333333334
9803.833333333334
9609.375
9619.958333333334
9702.791666666666
9756.916666666666
9780.833333333334
9820.625
9842.0
9814.75
9745.333333333334
9736.083333333334
9813.833333333334
9563.583333333334
9599.458333333334
9698.333333333334
9694.708333333334
9747.0
9796.875
9858.916666666666
9885.833333333334
9905.791666666666
9914.25
9900.958333333334
9867.666666666666
9850.791666666666
9819.375
9743.75
9748.75
9784.541666666666
9754.5
9733.75
9695.25
9721.333333333334
9674.791666666666
9687.083333333334
9728.5
9834.333333333334
9958.166666666666
10001.416666666666
9971.291666666666
9915.541666666666
9932.583333333334
9963.083333333334
9925.208333333334
9923.875
9955.541666666666
10008.791666666666
9875.75
9823.791666666666
9870.875
9937.875
9934.541666666666
9922.416666666666
9904.958333333334
9970.75
9959.5
9903.083333333334
9886.25
9813.541666666666
9845.25
9888.208333333334
9855.25
9861.791666666666
9888.416666666666
9878.75
9926.875
9944.083333333334
9977.458333333334
9961.75
9957.875
9864.125
9821.375
9799.125
9870.416666666666
9965.416666666666
9967.791666666666
9980.75
9976.958333333334
9915.416666666666
9805.208333333334
9784.166666666666
9816.291666666666
9888.291666666666
9880.333333333334
9855.125
9864.0
9797.083333333334
9737.0
9746.666666666666
9718.833333333334
9786.791666666666
9797.333333333334
9811.083333333334
9824.5
9826.333333333334
9787.916666666666
9743.583333333334
9722.875
9693.583333333334
9730.041666666666
9834.166666666666
9808.708333333334
9816.708333333334
9876.625
9929.916666666666
9909.833333333334
9878.708333333334
9885.125
9907.333333333334
9929.291666666666
9870.375
9851.875
9872.666666666666
9871.458333333334
9820.708333333334
9845.458333333334
9803.75
9710.166666666666
9612.5
9695.166666666666
9727.375
9803.458333333334
9805.75
9752.208333333334
9709.625
9654.083333333334
9640.791666666666
9709.5
9733.875
9753.041666666666
9760.375
9816.75
9871.166666666666
9896.0
9870.333333333334
9861.458333333334
9852.625
9801.125
9847.583333333334
9819.083333333334
9794.041666666666
9788.791666666666
9783.041666666666
9832.833333333334
9912.0
9956.125
9983.333333333334
9992.291666666666
9927.125
9910.416666666666
9882.125
9875.541666666666
9829.791666666666
9743.291666666666
9758.541666666666
9828.791666666666
9863.833333333334
9904.041666666666
9959.375
10036.125
10001.625
9943.583333333334
9951.541666666666
9907.333333333334
9958.791666666666
9969.208333333334
10026.291666666666
10095.5
10124.5
10067.958333333334
10059.625
10062.166666666666
10060.791666666666
10083.916666666666
10127.083333333334
10115.083333333334
10073.208333333334
9971.083333333334
9852.666666666666
9848.333333333334
9793.75
9778.333333333334
9838.791666666666
9911.541666666666
10013.166666666666
10065.291666666666
10114.416666666666
9996.291666666666
9972.666666666666
9907.5
9899.166666666666
9887.625
9926.416666666666
9943.666666666666
9977.291666666666
9979.625
9996.166666666666
10003.5
10027.75
10045.541666666666
10049.125
10074.375
10347.625
10304.541666666666
10088.0
10066.222222222223
9919.9
9923.333333333334
10046.0
10106.583333333334
10145.0
10153.208333333334
10157.1
10020.42857142857
10082.083333333334
10086.208333333334
10115.25
10144.958333333334
10140.958333333334
10148.208333333334
10147.875
10179.875
10203.166666666666
10236.791666666666
10179.083333333334
10039.0
10096.416666666666
10141.583333333334
10071.125
10056.625
10077.958333333334
9991.625
9984.875
10028.875
10080.458333333334
10147.708333333334
10149.625
10123.625
10146.291666666666
10168.375
10107.833333333334
10108.458333333334
10043.916666666666
10009.708333333334
10047.75
10114.5
10039.291666666666
10109.333333333334
10144.958333333334
10130.916666666666
10200.166666666666
10261.75
10238.0
10183.75
10101.291666666666
10025.5
9967.166666666666
9976.375
9968.458333333334
10002.666666666666
10027.416666666666
10038.083333333334
10045.0
10130.91304347826
10122.166666666666
10138.083333333334
10172.375
10232.333333333334
10234.833333333334
10210.958333333334
10211.041666666666
10178.083333333334
10139.5
10094.052631578947
10091.916666666666
10091.958333333334
10059.458333333334
10079.833333333334
10131.875
10165.791666666666
10096.083333333334
10074.916666666666
10075.875
10093.125
10116.5
10133.166666666666
10082.0
10091.0
10155.375
10178.458333333334
10187.791666666666
10260.458333333334
10275.083333333334
10238.375
10332.083333333334
10256.708333333334
10183.833333333334
10219.666666666666
10127.875
10161.291666666666
10103.333333333334
10115.291666666666
10146.083333333334
10120.416666666666
10117.666666666666
10210.75
10238.375
10188.333333333334
10139.541666666666
10052.958333333334
10080.416666666666
10095.833333333334
10077.041666666666
10060.583333333334
10136.666666666666
10194.958333333334
10151.083333333334
10108.75
10149.75
10232.333333333334
10311.333333333334
10338.333333333334
10352.916666666666
10285.958333333334
10252.291666666666
10260.791666666666
10286.541666666666
10237.0
10241.708333333334
10221.875
10284.458333333334
10277.833333333334
10318.333333333334
10357.416666666666
10399.541666666666
10378.375
10183.125
10158.166666666666
10200.208333333334
10146.916666666666
10175.791666666666
10193.416666666666
10237.304347826086
10308.458333333334
10348.5
10375.866666666667
10314.0
10373.958333333334
10429.666666666666
10382.833333333334
10356.916666666666
10372.833333333334
10410.166666666666
10328.958333333334
10233.0
10242.041666666666
10196.166666666666
10234.625
10290.875
10313.541666666666
10294.25
10285.666666666666
10223.75
10167.416666666666
10128.125
10178.875
10190.208333333334
10192.583333333334
10147.458333333334
10081.5
10134.375
10141.583333333334
10226.958333333334
10267.0
10327.625
10291.041666666666
10259.541666666666
10293.291666666666
10300.583333333334
10241.875
10215.083333333334
10193.416666666666
10214.083333333334
10228.166666666666
10231.333333333334
10243.291666666666
10306.333333333334
10345.5
10332.541666666666
10305.375
10302.833333333334
10221.208333333334
10227.041666666666
10298.166666666666
10283.666666666666
10190.833333333334
10182.958333333334
10168.0
10206.541666666666
10226.833333333334
10311.333333333334
10224.5
10201.875
10268.791666666666
10271.708333333334
10331.083333333334
10249.791666666666
10212.708333333334
10203.791666666666
10181.5
10147.666666666666
10103.416666666666
10159.375
10240.208333333334
10232.583333333334
10232.958333333334
10206.25
10234.375
10322.625
10277.208333333334
10282.375
10280.75
10338.625
10305.5
10320.625
10329.916666666666
10360.958333333334
10398.541666666666
10354.375
10355.916666666666
10305.25
10298.791666666666
10314.375
10344.458333333334
10375.416666666666
10331.458333333334
10233.333333333334
10226.291666666666
10224.166666666666
10230.5
10242.75
10218.541666666666
10241.041666666666
10224.125
10294.541666666666
10322.416666666666
10303.333333333334
10261.833333333334
10292.666666666666
10319.958333333334
10342.5
10369.833333333334
10394.291666666666
10369.75
10346.916666666666
10259.125
10202.958333333334
10238.958333333334
10179.916666666666
10245.166666666666
10366.833333333334
10302.75
10292.291666666666
10298.083333333334
10271.0
10259.125
10214.208333333334
10186.583333333334
10179.333333333334
10121.958333333334
10044.458333333334
10068.333333333334
10116.958333333334
10132.5
10126.291666666666
10195.791666666666
10167.125
10193.375
10198.375
10212.833333333334
10300.25
10330.916666666666
10340.083333333334
10351.791666666666
10307.083333333334
10257.625
10229.083333333334
10101.5
10032.708333333334
10053.375
10073.875
10092.583333333334
10062.75
10013.75
10046.333333333334
10115.916666666666
10110.208333333334
10078.041666666666
10046.208333333334
10094.958333333334
10105.083333333334
10123.875
10149.291666666666
10166.625
10218.583333333334
10184.041666666666
10200.291666666666
10241.375
10274.541666666666
10296.625
10248.291666666666
10187.375
10174.666666666666
10230.875
10235.625
10204.875
10221.791666666666
10222.458333333334
10252.25
10272.208333333334
10216.416666666666
10195.583333333334
10189.833333333334
10045.333333333334
10113.041666666666
10130.791666666666
10131.208333333334
10120.833333333334
10140.291666666666
10132.833333333334
10157.083333333334
10152.166666666666
10167.666666666666
10206.541666666666
10238.416666666666
10227.333333333334
10251.958333333334
10294.083333333334
10326.083333333334
10313.833333333334
10358.291666666666
10409.125
10394.958333333334
10308.666666666666
10299.666666666666
10315.958333333334
10341.958333333334
10348.125
10353.291666666666
10318.375
10249.166666666666
10232.708333333334
10185.166666666666
10174.583333333334
10201.0
10208.875
10229.083333333334
10243.041666666666
10265.833333333334
10257.666666666666
10282.625
10308.083333333334
10303.666666666666
10325.166666666666
10323.958333333334
10325.083333333334
10350.125
10264.875
10320.958333333334
10361.625
10359.666666666666
10365.583333333334
10131.208333333334
9961.291666666666
10066.666666666666
10210.416666666666
10273.375
10253.916666666666
10152.583333333334
10077.083333333334
10076.791666666666
10098.958333333334
10104.083333333334
10140.75
10157.666666666666
10102.875
10109.333333333334
10050.0
10032.25
10014.833333333334
10089.583333333334
10037.916666666666
10049.375
10079.416666666666
10144.0
10161.583333333334
10180.541666666666
10239.375
10284.041666666666
10267.625
10296.875
10301.333333333334
10284.333333333334
10214.208333333334
10148.666666666666
10085.0
10022.125
9983.208333333334
10025.291666666666
10048.375
10060.125
10046.166666666666
10070.458333333334
10121.708333333334
10155.166666666666
10184.375
10252.916666666666
10293.708333333334
10214.083333333334
10203.916666666666
10147.857142857143
10277.416666666666
10127.583333333334
9640.083333333334
9755.375
10035.625
10144.375
10121.666666666666
10082.375
9989.041666666666
9991.25
10036.083333333334
10064.791666666666
10012.5
10004.125
10015.041666666666
10032.916666666666
10086.666666666666
10082.791666666666
10013.458333333334
10024.208333333334
10049.666666666666
9968.958333333334
9891.666666666666
9952.041666666666
10007.375
10018.875
10077.958333333334
10165.291666666666
10191.625
10174.75
10170.791666666666
10156.708333333334
10091.083333333334
10094.333333333334
10095.208333333334
10098.304347826086
10113.875
10044.041666666666
10098.916666666666
10115.75
10177.708333333334
10221.708333333334
10253.041666666666
10251.333333333334
10243.958333333334
10211.875
10179.666666666666
10128.0
10325.375
10286.208333333334
10245.75
10241.875
10220.75
10209.5
10208.458333333334
10174.125
10240.166666666666
10240.875
10249.375
10173.666666666666
10233.625
10207.125
10295.041666666666
10335.958333333334
10410.0
10454.25
10350.333333333334
10447.791666666666
10486.875
10498.5
10422.416666666666
10478.708333333334
10448.0
10419.0
10380.208333333334
10286.458333333334
10253.75
10266.0
10315.25
10361.041666666666
10291.166666666666
10264.25
10276.916666666666
10299.583333333334
10284.625
10354.833333333334
10383.791666666666
10390.708333333334
10378.208333333334
10409.291666666666
10420.541666666666
10444.791666666666
10374.083333333334
10356.041666666666
10420.75
10466.333333333334
10444.583333333334
10450.375
10480.708333333334
10425.958333333334
10385.083333333334
10377.791666666666
10383.625
10341.958333333334
10334.166666666666
10340.125
10354.75
10299.0
10311.583333333334
10332.25
10332.541666666666
10365.333333333334
10385.833333333334
10428.25
10369.541666666666
10289.083333333334
10272.291666666666
10305.0
10327.875
10350.458333333334
10393.666666666666
10305.541666666666
10390.5
10420.25
10454.916666666666
10472.333333333334
10438.458333333334
10402.0
10383.541666666666
10413.208333333334
10407.875
10410.291666666666
10386.916666666666
10356.625
10321.625
10273.125
10271.416666666666
10299.416666666666
10306.0
10302.541666666666
10276.375
10259.958333333334
10316.333333333334
10276.25
10316.291666666666
10353.833333333334
10355.75
10366.291666666666
10341.791666666666
10338.666666666666
10343.375
10329.0
10382.208333333334
10317.791666666666
10267.833333333334
10285.083333333334
10291.875
10268.083333333334
10322.041666666666
10308.25
10249.833333333334
10199.875
10118.416666666666
10075.333333333334
10164.166666666666
10224.958333333334
10264.208333333334
10295.625
10290.5
10288.125
10266.625
10297.333333333334
10282.083333333334
10307.25
10294.041666666666
10312.0
10345.208333333334
10370.5
10398.5
10413.375
10398.125
10377.333333333334
10378.291666666666
10374.333333333334
10352.5
10381.333333333334
10437.75
10425.916666666666
10284.083333333334
10256.466666666667
10293.0
10308.333333333334
10285.666666666666
10284.75
10314.75
10337.916666666666
10370.5
10396.708333333334
10358.5
10363.333333333334
10307.041666666666
10310.416666666666
10322.125
10367.833333333334
10388.916666666666
10385.416666666666
10350.583333333334
10332.833333333334
10299.791666666666
10259.833333333334
10181.708333333334
10251.083333333334
10254.208333333334
10277.75
10293.083333333334
10264.916666666666
10257.916666666666
10265.125
10279.166666666666
10257.541666666666
10242.708333333334
10290.666666666666
10300.958333333334
10307.75
10358.291666666666
10324.5
10300.541666666666
10328.916666666666
10272.541666666666
10252.791666666666
10234.875
10219.166666666666
10258.5
10271.5
10309.458333333334
10309.583333333334
10279.125
10328.166666666666
10355.541666666666
10350.583333333334
10277.791666666666
10222.166666666666
10224.125
10245.333333333334
10280.166666666666
10279.458333333334
10292.25
10289.625
10311.25
10375.541666666666
10388.416666666666
10396.166666666666
10398.666666666666
10355.083333333334
10344.5
10405.875
10411.75
10435.708333333334
10445.5
10462.5
10471.75
10499.0
10543.75
10484.041666666666
10446.791666666666
10502.541666666666
10456.958333333334
10370.791666666666
10333.708333333334
10347.208333333334
10368.166666666666
10366.375
10280.125
10266.5
10347.708333333334
10377.25
10376.458333333334
10348.958333333334
10349.833333333334
10354.333333333334
10343.125
10383.833333333334
10370.0
10373.958333333334
10403.666666666666
10370.458333333334
10384.666666666666
10391.208333333334
10391.041666666666
10437.583333333334
10417.625
10357.833333333334
10382.125
10403.666666666666
10378.75
10417.333333333334
10358.5
10366.75
10384.416666666666
10416.416666666666
10332.041666666666
10359.375
10407.083333333334
10424.458333333334
10449.166666666666
10449.583333333334
10418.875
10414.916666666666
10408.875
10362.291666666666
10349.333333333334
10381.041666666666
10405.916666666666
10381.166666666666
10402.625
10437.125
10452.083333333334
10432.375
10427.458333333334
10425.541666666666
10398.125
10394.666666666666
10394.708333333334
10433.0
10465.791666666666
10469.5
10426.133333333333
10307.615384615385
10344.208333333334
10387.041666666666
10372.083333333334
10330.125
10375.291666666666
10434.583333333334
10322.125
10363.25
10263.916666666666
10279.416666666666
10301.833333333334
10436.208333333334
10423.083333333334
10431.916666666666
10472.0
10512.541666666666
10464.541666666666
10412.125
10412.083333333334
10404.791666666666
10397.708333333334
10417.375
10383.708333333334
10344.75
10393.541666666666
10405.375
10394.916666666666
10416.666666666666
10412.833333333334
10487.541666666666
10443.458333333334
10443.166666666666
10483.666666666666
10498.875
10412.833333333334
10386.916666666666
10439.416666666666
10442.958333333334
10466.708333333334
10495.541666666666
10482.666666666666
10449.125
10435.25
10421.583333333334
10469.083333333334
10464.375
10449.041666666666
10471.541666666666
10515.5
10443.583333333334
10373.375
10435.875
10435.416666666666
10387.458333333334
10334.416666666666
10356.916666666666
10393.25
10392.666666666666
10394.708333333334
10362.208333333334
10395.25
10363.791666666666
10435.791666666666
10453.041666666666
10439.5
10446.958333333334
10430.875
10416.416666666666
10431.416666666666
10425.708333333334
10477.125
10428.666666666666
10408.5
10396.625
10390.5
10396.25
10431.125
10438.833333333334
10365.958333333334
10385.541666666666
10330.333333333334
10244.541666666666
10296.375
10271.708333333334
10299.416666666666
10302.083333333334
10307.791666666666
10275.75
10345.458333333334
10275.416666666666
10232.958333333334
10222.5
10311.791666666666
10332.708333333334
10317.791666666666
10340.75
10377.625
10385.625
10420.666666666666
10448.083333333334
10462.208333333334
10444.958333333334
10466.208333333334
10472.291666666666
10488.083333333334
10452.666666666666
10425.041666666666
10353.333333333334
10340.125
10299.125
10339.791666666666
10298.5
10216.0
10241.708333333334
10276.458333333334
10244.625
10246.416666666666
10261.791666666666
10260.5
10326.708333333334
10424.125
10340.083333333334
10236.166666666666
10327.083333333334
10354.958333333334
10411.375
10420.0
10431.291666666666
10429.958333333334
10403.583333333334
10297.529411764706
10320.541666666666
10313.041666666666
10346.375
10357.166666666666
10327.666666666666
10345.5
10336.416666666666
10337.166666666666
10361.416666666666
10362.041666666666
10352.166666666666
10391.625
10393.041666666666
10397.375
10416.041666666666
10425.416666666666
10359.416666666666
10355.416666666666
10389.291666666666
10405.416666666666
10369.75
10350.083333333334
10328.375
10362.375
10357.041666666666
10370.541666666666
10409.625
10404.541666666666
10415.041666666666
10408.708333333334
10373.125
10380.125
10411.625
10420.583333333334
10426.666666666666
10395.5
10348.041666666666
10351.916666666666
10355.833333333334
10345.083333333334
10260.458333333334
10282.708333333334
10320.791666666666
10379.375
10410.208333333334
10463.125
10483.875
10488.625
10473.583333333334
10424.083333333334
10446.958333333334
10440.125
10413.333333333334
10385.791666666666
10396.833333333334
10368.791666666666
10356.125
10356.208333333334
10313.125
10279.5
10357.666666666666
10352.0
10366.083333333334
10362.291666666666
10346.416666666666
10319.708333333334
10324.458333333334
10313.416666666666
10242.416666666666
10275.958333333334
10271.166666666666
10297.916666666666
10263.416666666666
10332.208333333334
10351.666666666666
10384.333333333334
10348.875
10339.083333333334
10323.791666666666
10321.625
10289.166666666666
10291.25
10282.958333333334
10312.333333333334
10364.25
10365.333333333334
10344.791666666666
10307.25
10304.75
10312.25
10284.958333333334
10259.083333333334
10192.666666666666
10198.166666666666
10197.458333333334
10086.041666666666
10078.916666666666
10120.75
10140.791666666666
10137.291666666666
10059.666666666666
10052.166666666666
10112.958333333334
10153.0
10181.333333333334
10209.666666666666
10233.25
10284.541666666666
10283.041666666666
10328.25
10382.5
10328.333333333334
10324.5
10331.291666666666
10342.291666666666
10339.791666666666
10358.083333333334
10337.333333333334
10327.916666666666
10330.458333333334
10366.625
10344.791666666666
10329.0
10356.875
10352.458333333334
10387.625
10389.875
10364.458333333334
10292.375
10252.125
10290.875
10316.666666666666
10360.125
10350.791666666666
10477.625
10482.375
10456.25
10460.791666666666
10478.041666666666
10462.625
10478.875
10546.791666666666
10531.416666666666
10530.791666666666
10501.666666666666
10484.291666666666
10463.125
10432.208333333334
10446.666666666666
10424.25
10451.166666666666
10444.041666666666
10471.708333333334
10451.833333333334
10378.041666666666
10360.375
10464.125
10475.375
10476.5
10481.291666666666
10423.708333333334
10437.125
10452.375
10455.208333333334
10483.916666666666
10518.208333333334
10506.833333333334
10499.833333333334
10521.416666666666
10537.791666666666
10503.916666666666
10482.333333333334
10467.833333333334
10408.708333333334
10383.583333333334
10434.958333333334
10444.458333333334
10418.333333333334
10446.541666666666
10481.583333333334
10447.791666666666
10405.125
10430.375
10439.958333333334
10467.291666666666
10471.958333333334
10491.541666666666
10522.333333333334
10511.833333333334
10480.208333333334
10529.291666666666
10559.833333333334
10562.916666666666
10550.875
10533.5
10581.25
10561.708333333334
10540.333333333334
10571.458333333334
10569.791666666666
10576.125
10614.583333333334
10589.875
10593.625
10557.916666666666
10559.041666666666
10519.666666666666
10476.708333333334
10443.208333333334
10452.208333333334
10489.041666666666
10526.0
10568.083333333334
10545.458333333334
10547.125
10600.666666666666
10568.5
10563.75
10633.444444444445
10472.0
10529.833333333334
10511.75
10480.125
10421.541666666666
10440.25
10449.833333333334
10470.375
10431.833333333334
10379.208333333334
10452.708333333334
10444.541666666666
10405.541666666666
10381.083333333334
10368.041666666666
10390.541666666666
10397.625
10392.041666666666
10357.166666666666
10400.625
10445.25
10415.291666666666
10489.041666666666
10534.666666666666
10458.708333333334
10461.5
10457.791666666666
10422.125
10529.25
10525.25
10546.458333333334
10549.25
10569.333333333334
10580.875
10599.166666666666
10562.375
10495.375
10485.375
10445.708333333334
10434.083333333334
10469.666666666666
10454.458333333334
10476.833333333334
10502.375
10508.5
10517.875
10496.458333333334
10487.708333333334
10517.75
10528.833333333334
10535.041666666666
10525.416666666666
10538.0
10495.708333333334
10421.416666666666
10390.583333333334
10411.083333333334
10437.75
10407.708333333334
10445.875
10465.666666666666
10465.0
10484.5
10489.0
10427.75
10448.333333333334
10467.25
10489.583333333334
10504.916666666666
10516.666666666666
10520.125
10567.5
10524.541666666666
