10297.981182795698
10295.838056680162
10300.700892857143
10287.461021505376
10352.383426966293
10332.197580645161
10431.856940509915
10446.68817204301
10451.717741935483
10535.170833333334
10523.816958277255
10454.723837209302
10404.502688172042
10370.387096774193
10236.392857142857
10160.102288021535
10018.518055555556
10052.646505376344
10095.306944444445
10128.094086021505
10112.513440860215
10092.91111111111
10012.309362279511
9952.621696801112
9905.624657534247
9961.24059139785
9929.90015128593
9842.209677419354
9613.309722222222
9742.705563093623
9563.013888888889
9664.927297668039
9690.8281938326
9687.572222222223
9592.154777927322
9721.891737891738
9889.932795698925
9740.61943319838
9681.924198250728
9380.198113207547
9674.108333333334
9685.477150537634
9625.455555555556
9383.819892473119
9437.433198380566
9593.580555555556
9541.439516129032
9556.226388888888
9561.439516129032
9638.663978494624
9638.327380952382
9528.798387096775
9530.270833333334
9244.786290322581
9299.493055555555
9389.77688172043
9443.763440860215
9490.2125
9574.647849462366
9511.940277777778
9453.781710914454
9452.139784946237
9333.34375
9363.900269541778
9387.116666666667
9462.564690026955
9409.090277777777
9492.836021505376
9613.7336523126
9508.502777777778
9479.823924731183
9405.255555555555
9248.315860215054
9363.022849462366
9345.63244047619
9174.440860215054
9227.29709035222
9332.17689015692
9412.241666666667
9549.439516129032
9557.611570247935
9610.206944444444
9606.877688172042
9642.484722222222
9716.349462365592
9816.575268817205
9902.133620689656
9826.774193548386
9800.944444444445
9883.114247311827
9985.444444444445
10102.572139303482
10111.625
10099.229691876752
10157.514784946237
10253.137691237831
10260.187845303868
10254.11559139785
10275.733630952382
10280.853494623656
10162.258333333333
10179.431451612903
10255.270833333334
10213.708333333334
10141.569892473119
10019.983844911147
10147.345149253732
10320.25
10365.518817204302
10360.34677419355
10284.221726190477
10338.426807760141
10309.478645066274
10288.755376344086
10397.880555555555
10390.611559139785
10389.734285714285
10434.833333333334
10420.989247311827
10353.108333333334
10340.365384615385
10360.763912310287
10394.963709677419
10323.606944444444
10234.744623655914
10400.0
10457.513440860215
10518.173387096775
10493.197718631178
10467.758064516129
10484.630555555555
