10770.459677419354
10587.568
10428.159226190477
10501.448924731183
10876.013888888889
10995.674731182795
11026.977777777778
11025.15994623656
11024.263440860215
10993.252220248667
10995.804081632654
10971.125211505921
10924.998148148148
10707.140949554896
10633.879496402878
10769.010752688173
10810.2048
10859.237659963437
10826.424332344213
10848.122311827958
10873.811802232854
10873.766666666666
10852.131297709924
10825.531944444445
10655.94249201278
10617.1706629055
10603.657738095239
10460.27688172043
10626.90138888889
10758.46524822695
10618.973354231975
10742.31317204301
10778.54435483871
10758.28611111111
10679.606201550389
10711.187408491947
10656.478494623656
9744.319892473119
9478.842794759825
9713.61134751773
10596.511111111111
10729.09005376344
10731.279166666667
10580.092741935483
10674.58064516129
10756.347222222223
10731.718662952646
10681.291666666666
10447.255395683453
10103.78494623656
10318.980707395498
10494.076612903225
10617.506944444445
10571.612813370473
10617.09861111111
10683.493279569893
10723.690860215054
10745.693055555555
10784.986091794159
10729.980555555556
10451.184139784946
10584.094086021505
10525.17857142857
10506.532258064517
10658.719444444445
10688.174731182795
10609.416666666666
10681.073924731183
10711.417040358745
10593.78611111111
10530.175965665236
10403.768055555556
10349.823924731183
10054.81991215227
9920.882165605095
10244.849797023004
10368.794520547945
10560.387096774193
10514.754071661238
10622.583806818182
10597.708394698086
10589.66170212766
10556.657331136737
10517.360619469027
10555.971107544141
10139.83908045977
10396.44684385382
10496.30505952381
10645.866310160427
10662.380116959064
10699.235378031384
10731.911290322581
10778.986559139785
10772.575
10823.790322580646
10751.649441340782
10325.50881953867
10704.168493150684
10315.862903225807
10487.017857142857
10656.317204301075
10792.673611111111
10762.024193548386
10818.219444444445
10837.497311827958
10838.783602150537
10848.305555555555
10843.084677419354
10806.58888888889
10623.91935483871
9993.111559139785
10298.39732142857
10294.939516129032
10568.269444444444
10739.989247311827
10792.825
10812.532258064517
10838.069892473119
10870.766666666666
10894.372549019608
10746.644100580272
