10960.25
10967.0
10956.083333333334
10952.666666666666
10927.708333333334
10913.791666666666
10930.375
10915.333333333334
10867.166666666666
10921.541666666666
10934.708333333334
10942.958333333334
10936.75
10913.208333333334
10946.583333333334
10974.041666666666
10953.916666666666
10939.541666666666
10968.75
10974.416666666666
10942.458333333334
10952.875
10866.833333333334
10315.416666666666
10210.416666666666
10245.083333333334
10293.708333333334
10355.708333333334
10334.916666666666
10340.166666666666
10229.875
10258.916666666666
10280.583333333334
10287.625
10323.083333333334
10331.708333333334
10406.583333333334
10412.666666666666
10559.5
10647.833333333334
10649.916666666666
10576.75
10650.708333333334
10639.583333333334
10661.5
10677.916666666666
10712.25
10729.833333333334
10764.541666666666
10728.75
10743.166666666666
10770.875
10748.625
10781.75
10845.0
10683.307692307691
10658.291666666666
10505.666666666666
10289.708333333334
10314.416666666666
10403.416666666666
10514.75
10659.916666666666
10692.0
10716.708333333334
10746.125
10754.625
10550.958333333334
10322.458333333334
10483.083333333334
10605.291666666666
10687.291666666666
10680.458333333334
10544.458333333334
10427.333333333334
10440.75
10486.0
10428.041666666666
10219.833333333334
10181.375
10142.125
10100.041666666666
10168.583333333334
10214.666666666666
10175.458333333334
10038.583333333334
10001.0
9900.541666666666
9811.75
9868.75
10074.5
10312.25
10549.541666666666
10658.0
10649.458333333334
10654.375
10701.5
10672.083333333334
10718.333333333334
10490.583333333334
10447.291666666666
10563.916666666666
10657.916666666666
10722.083333333334
10715.833333333334
10713.875
10744.875
10732.541666666666
10680.0
10430.291666666666
10547.25
10649.583333333334
10558.75
10404.916666666666
10522.75
10667.333333333334
10723.041666666666
10729.083333333334
10755.291666666666
10781.0
10789.875
10794.5
10804.5
10848.5
10834.25
10892.166666666666
10886.25
10906.041666666666
10905.375
10935.541666666666
10932.208333333334
10830.833333333334
10809.041666666666
10803.916666666666
10867.458333333334
10911.541666666666
10910.083333333334
10927.333333333334
10928.708333333334
10881.375
10898.375
10901.625
10945.208333333334
10973.75
10961.416666666666
10969.625
10965.541666666666
11004.875
10982.666666666666
10955.833333333334
10919.458333333334
10901.125
10950.375
10978.916666666666
10992.458333333334
10994.166666666666
11003.875
11003.25
11024.833333333334
11005.083333333334
11006.875
10993.291666666666
10995.375
11002.125
11007.208333333334
11016.833333333334
11009.416666666666
10952.75
10982.25
10987.625
10999.125
11011.208333333334
11029.75
11034.791666666666
11046.458333333334
11023.291666666666
11015.708333333334
11034.916666666666
11036.166666666666
11028.666666666666
11023.916666666666
10990.666666666666
10969.708333333334
11012.333333333334
11031.25
11032.083333333334
11029.708333333334
11023.875
11055.833333333334
11067.375
11026.666666666666
11015.125
11070.875
11057.166666666666
11024.791666666666
11031.25
11017.708333333334
11020.25
11020.791666666666
11018.958333333334
11011.25
11018.25
11017.916666666666
11032.291666666666
11023.333333333334
11033.458333333334
11038.083333333334
11029.583333333334
11036.916666666666
11045.791666666666
11037.041666666666
11025.041666666666
10996.333333333334
11028.958333333334
11021.541666666666
11036.041666666666
11036.5
11031.666666666666
11042.208333333334
11029.291666666666
11008.708333333334
10985.625
10983.125
11005.291666666666
11016.208333333334
11003.416666666666
11011.583333333334
11042.125
11024.0
11076.25
11029.0
11015.416666666666
11024.541666666666
11028.541666666666
11029.208333333334
11035.0
11044.333333333334
11018.416666666666
11031.833333333334
11033.416666666666
11050.875
11049.041666666666
11040.208333333334
10984.375
10996.083333333334
11019.583333333334
11004.5
10987.166666666666
10993.208333333334
11006.5
11025.666666666666
11037.958333333334
11021.416666666666
11019.5
11021.166666666666
11026.208333333334
11040.75
11038.083333333334
11019.291666666666
11012.416666666666
11046.125
11041.25
11039.041666666666
11034.291666666666
11037.666666666666
11038.0
11017.833333333334
11011.5
11024.583333333334
11034.458333333334
11008.875
11014.166666666666
11031.0
10996.208333333334
11004.166666666666
11027.958333333334
11040.0
11029.958333333334
11007.25
11042.333333333334
11043.083333333334
11004.666666666666
10986.541666666666
11009.333333333334
10976.266666666666
10977.333333333334
10882.083333333334
10817.0
10941.133333333333
10965.583333333334
10978.208333333334
10973.75
10951.25
10967.875
10992.875
10982.25
10984.5
10967.5
10983.333333333334
10973.958333333334
10951.416666666666
10927.583333333334
10958.333333333334
10971.0
10983.333333333334
10997.125
10988.0
10999.541666666666
10980.708333333334
10985.125
11009.541666666666
11023.0
11032.5
11044.0
11025.041666666666
11048.625
11050.166666666666
11063.5
11023.541666666666
11004.416666666666
11004.541666666666
11004.916666666666
11013.791666666666
11024.666666666666
10986.791666666666
10909.583333333334
10922.266666666666
10825.466666666667
10873.125
10923.208333333334
10963.666666666666
10977.208333333334
10961.125
10967.0
10939.958333333334
10958.541666666666
10992.041666666666
10971.083333333334
10981.041666666666
10974.458333333334
10992.25
10999.5
10987.041666666666
10978.791666666666
10987.5
10968.291666666666
11003.333333333334
11013.25
11013.791666666666
11000.833333333334
10977.291666666666
10993.708333333334
11007.833333333334
10893.541666666666
10965.416666666666
10982.958333333334
10982.541666666666
10995.75
10930.708333333334
10948.458333333334
10950.625
10948.333333333334
10934.208333333334
10826.105263157895
10894.529411764706
10916.708333333334
10912.708333333334
10910.0
10901.416666666666
10889.125
10909.416666666666
10923.958333333334
10875.875
10846.666666666666
10898.583333333334
10882.583333333334
10824.041666666666
10798.833333333334
10814.291666666666
10897.541666666666
10932.875
10898.0
10941.461538461539
10959.416666666666
10956.5
10890.333333333334
10950.583333333334
10917.916666666666
10900.916666666666
10918.625
10929.208333333334
10935.791666666666
10842.208333333334
10748.666666666666
10543.458333333334
10333.5
10358.541666666666
10485.0
10462.333333333334
10155.5
10175.2
10272.42857142857
10298.125
10344.458333333334
10493.083333333334
10621.208333333334
10606.454545454546
10465.235294117647
10475.833333333334
10498.083333333334
10517.708333333334
10563.333333333334
10627.625
10632.0
10623.291666666666
10600.208333333334
10710.25
10750.041666666666
10758.0
10736.791666666666
10698.0
10746.791666666666
10664.458333333334
10717.25
10783.875
10844.541666666666
10845.583333333334
10651.25
10340.833333333334
10291.625
10392.958333333334
10499.916666666666
10528.0
10669.333333333334
10632.625
10676.125
10718.583333333334
10739.5
10746.25
10773.083333333334
10815.875
10808.875
10823.5
10845.0
10829.583333333334
10799.875
10862.625
10785.083333333334
10787.041666666666
10807.166666666666
10829.833333333334
10844.166666666666
10841.416666666666
10856.666666666666
10853.75
10852.791666666666
10838.583333333334
10821.75
10836.75
10857.166666666666
10865.458333333334
10838.125
10808.0
10774.25
10845.875
10855.041666666666
10843.791666666666
10786.333333333334
10773.708333333334
10809.75
10813.666666666666
10849.0
10820.708333333334
10875.541666666666
10868.09090909091
10744.285714285714
10750.083333333334
10786.5
10782.291666666666
10805.208333333334
10832.173913043478
10800.333333333334
10784.208333333334
10795.875
10819.761904761905
10812.823529411764
10814.736842105263
10799.181818181818
10782.25
10816.25
10803.125
10864.7
10864.888888888889
10866.0
10834.545454545454
10902.111111111111
10840.875
10853.052631578947
10871.916666666666
10875.916666666666
10880.666666666666
10909.416666666666
10897.666666666666
10898.583333333334
10867.0
10864.291666666666
10829.791666666666
10776.25
10851.25
10844.416666666666
10854.08695652174
10813.375
10849.041666666666
10862.5
10875.208333333334
10857.458333333334
10836.791666666666
10852.666666666666
10866.583333333334
10857.958333333334
10834.625
10847.166666666666
10865.625
10822.5
10786.708333333334
10818.958333333334
10839.916666666666
10851.583333333334
10847.375
10836.208333333334
10865.041666666666
10891.227272727272
10852.8
10842.625
10847.583333333334
10832.791666666666
10838.25
10838.541666666666
10821.833333333334
10740.041666666666
10726.458333333334
10758.583333333334
10854.681818181818
10767.466666666667
10787.708333333334
10791.5
10829.5
10851.583333333334
10836.625
10822.5
10838.5
10852.875
10844.375
10844.208333333334
10844.666666666666
10888.25
10862.916666666666
10821.583333333334
10829.583333333334
10836.166666666666
10855.041666666666
10861.291666666666
10844.833333333334
10829.0
10854.375
10853.5
10855.666666666666
10879.458333333334
10874.833333333334
10862.583333333334
10788.875
10812.916666666666
10852.25
10861.875
10875.458333333334
10864.875
10840.166666666666
10850.958333333334
10864.708333333334
10862.375
10856.875
10784.833333333334
10791.0
10802.416666666666
10865.833333333334
10898.125
10912.416666666666
10908.041666666666
10939.1
10885.466666666667
10906.0
10912.333333333334
10899.083333333334
10874.833333333334
10878.5
10861.75
10878.583333333334
10896.083333333334
10892.291666666666
10860.875
10870.541666666666
10881.125
10879.166666666666
10894.958333333334
10887.041666666666
10894.333333333334
10867.916666666666
10887.125
10899.791666666666
10916.5
10938.875
10948.333333333334
10902.25
10897.166666666666
10875.166666666666
10852.333333333334
10862.791666666666
10870.208333333334
10878.375
10894.958333333334
10885.041666666666
10799.25
10796.708333333334
10822.875
10843.375
10857.583333333334
10880.666666666666
10881.666666666666
10867.25
10856.708333333334
10865.875
10886.333333333334
10861.583333333334
10836.708333333334
10885.708333333334
10893.875
10890.708333333334
10920.875
10914.625
10922.625
10914.375
10899.416666666666
10901.041666666666
10906.666666666666
10786.07142857143
10862.708333333334
10845.458333333334
10801.416666666666
10818.291666666666
10842.041666666666
10846.041666666666
10844.916666666666
10879.833333333334
10856.416666666666
10865.25
10874.375
10860.333333333334
10830.25
10815.333333333334
10818.833333333334
10828.166666666666
10822.083333333334
10816.083333333334
10764.266666666666
10642.92857142857
10687.958333333334
10770.625
10784.833333333334
10805.583333333334
10799.833333333334
10821.458333333334
10835.625
10846.125
10857.208333333334
10840.125
10860.083333333334
10879.625
10890.041666666666
10851.125
10808.291666666666
10795.5
10800.458333333334
10826.458333333334
10844.291666666666
10825.583333333334
10850.25
10885.541666666666
10869.708333333334
10855.625
10822.666666666666
10835.666666666666
10827.0
10787.458333333334
10780.0
10821.208333333334
10826.041666666666
10817.083333333334
10798.208333333334
10815.625
10850.5
10757.166666666666
10708.384615384615
10762.875
10805.166666666666
10794.625
10703.375
10175.733333333334
10303.291666666666
10410.875
10502.25
10555.916666666666
10565.791666666666
10586.75
10623.875
10645.583333333334
10669.083333333334
10682.208333333334
10662.958333333334
10633.458333333334
10648.625
10656.0
10672.125
10668.5
10620.538461538461
10644.625
10694.833333333334
10674.5
10722.083333333334
10716.916666666666
10576.916666666666
10568.416666666666
10582.208333333334
10629.541666666666
10617.291666666666
10554.666666666666
10661.5
10673.416666666666
10598.375
10458.666666666666
10532.458333333334
10594.5
10615.583333333334
10586.833333333334
10611.875
10657.125
10646.458333333334
10714.416666666666
10661.916666666666
10661.041666666666
10669.583333333334
10666.333333333334
10558.0
10346.041666666666
10303.125
10287.75
10374.458333333334
10484.666666666666
10639.75
10678.166666666666
10684.041666666666
10726.75
10758.0
10767.708333333334
10750.208333333334
10755.541666666666
10731.083333333334
10697.625
10664.5
10643.625
10632.458333333334
10498.916666666666
10544.875
10461.125
10500.583333333334
10622.25
10658.125
10687.125
10704.166666666666
10514.666666666666
10579.5
10551.625
10645.25
10646.958333333334
10688.333333333334
10693.583333333334
10711.0
10692.416666666666
10722.208333333334
10535.791666666666
10259.0
9969.0
9966.041666666666
10063.541666666666
10132.583333333334
10190.583333333334
10290.0
10382.083333333334
10443.75
10459.0
10493.0
10513.666666666666
10519.416666666666
10513.333333333334
10523.375
10453.833333333334
10475.291666666666
10532.75
10557.666666666666
10584.166666666666
10582.166666666666
10499.083333333334
10529.708333333334
10611.0
10613.458333333334
10568.291666666666
10552.625
10513.25
10533.25
10539.083333333334
10449.958333333334
10518.083333333334
10516.75
10517.416666666666
10433.75
10586.583333333334
10631.75
10630.833333333334
10645.583333333334
10676.708333333334
10717.458333333334
10729.166666666666
10721.5
10709.083333333334
10700.291666666666
10654.25
10686.666666666666
10715.0
10730.916666666666
10748.666666666666
10718.375
10736.208333333334
10701.083333333334
10667.333333333334
10642.625
10703.916666666666
10689.375
10727.416666666666
10772.416666666666
10806.333333333334
10831.458333333334
10832.791666666666
10838.583333333334
10871.291666666666
10830.416666666666
10788.708333333334
10804.333333333334
10800.625
10737.083333333334
10658.8
10772.111111111111
10757.125
10707.041666666666
10736.166666666666
10743.416666666666
10737.875
10744.541666666666
10772.708333333334
10775.583333333334
10739.166666666666
10768.708333333334
10734.125
10705.583333333334
10712.4
10762.857142857143
10667.208333333334
10715.75
10754.458333333334
10760.291666666666
10740.916666666666
10617.083333333334
10596.541666666666
10662.041666666666
10619.041666666666
10578.416666666666
10617.75
10634.25
10492.541666666666
10499.5
10537.458333333334
10578.041666666666
10605.875
10612.041666666666
10498.375
10434.0
10498.375
10582.25
10637.333333333334
10679.291666666666
10682.541666666666
10708.0
10739.083333333334
10738.458333333334
10755.75
10733.041666666666
10787.0
10770.625
10749.083333333334
10803.208333333334
10805.041666666666
10802.458333333334
10683.708333333334
10622.75
10678.541666666666
10706.916666666666
10684.916666666666
10696.458333333334
10715.375
10735.75
10718.5
10707.416666666666
10687.416666666666
10692.791666666666
10736.083333333334
10725.666666666666
10791.0
10801.916666666666
10814.833333333334
10810.541666666666
10798.291666666666
10765.958333333334
10753.125
10757.416666666666
10800.291666666666
10816.208333333334
10809.875
10779.75
10707.541666666666
10686.583333333334
10754.583333333334
10762.708333333334
10781.041666666666
10778.791666666666
10757.0
10775.416666666666
10769.625
10779.625
10754.25
10729.541666666666
10745.75
10757.5
10775.75
10782.541666666666
10760.125
10772.083333333334
10795.916666666666
10817.625
10807.5
10826.958333333334
10820.916666666666
10818.416666666666
10829.25
10824.291666666666
10834.708333333334
10872.541666666666
10881.291666666666
10822.541666666666
10792.375
10811.708333333334
10809.75
10825.75
10845.208333333334
10746.958333333334
10688.5
10723.416666666666
10709.125
10685.333333333334
10721.25
10741.083333333334
10786.958333333334
10714.5
10737.666666666666
10776.083333333334
10842.583333333334
10874.5
10793.833333333334
10711.875
10729.583333333334
10709.125
10616.333333333334
10622.041666666666
10674.25
10647.708333333334
10655.625
10672.666666666666
10663.125
10659.041666666666
10646.416666666666
10553.208333333334
10594.708333333334
10584.75
10597.375
10574.708333333334
10602.041666666666
10592.458333333334
10656.75
10660.375
10649.916666666666
10662.625
10691.25
10689.291666666666
10739.583333333334
10797.333333333334
10812.625
10802.375
10815.708333333334
10840.625
10700.083333333334
10696.458333333334
10746.619047619048
10681.09090909091
10567.833333333334
10602.041666666666
10663.166666666666
10672.041666666666
10706.0
10720.916666666666
10748.333333333334
10721.416666666666
10724.583333333334
10774.166666666666
10734.708333333334
10729.416666666666
10632.916666666666
10611.041666666666
10672.666666666666
10670.125
10604.375
10651.416666666666
10733.5
10720.75
10737.083333333334
10752.458333333334
10791.375
10811.791666666666
10806.208333333334
10835.083333333334
10755.375
10776.25
10822.0
10809.458333333334
10788.25
10794.458333333334
10789.708333333334
10796.791666666666
10791.375
10673.166666666666
10590.458333333334
10694.625
10737.333333333334
10768.916666666666
10797.583333333334
10826.375
10853.666666666666
10858.666666666666
10802.208333333334
10837.125
10765.25
10786.125
10785.583333333334
10789.166666666666
10768.541666666666
10580.041666666666
10080.916666666666
10113.375
10269.375
10322.416666666666
10335.958333333334
10358.083333333334
10363.833333333334
10335.375
10112.916666666666
10187.25
10191.833333333334
10202.083333333334
10154.291666666666
10139.75
10135.166666666666
9967.541666666666
9984.375
10023.5
9878.291666666666
9734.875
9665.291666666666
9618.0
9564.5
9537.0
9560.791666666666
9544.291666666666
9569.541666666666
9581.75
9510.791666666666
9365.833333333334
9359.166666666666
9415.0
9643.416666666666
9434.166666666666
9402.5
9464.583333333334
9416.666666666666
9373.375
9262.708333333334
9314.375
9462.375
9594.541666666666
9680.208333333334
9695.625
9804.958333333334
9773.416666666666
9591.625
9346.833333333334
9379.125
9441.291666666666
9576.875
9581.25
9552.708333333334
9452.208333333334
9176.958333333334
9166.375
9231.458333333334
9305.958333333334
9387.416666666666
9448.291666666666
9497.625
9551.458333333334
9593.833333333334
9588.5
9568.708333333334
9467.958333333334
9339.533333333333
9216.0
9228.0
9173.958333333334
9094.333333333334
9207.0
9261.791666666666
9408.083333333334
9271.1
9108.695652173914
9293.583333333334
9444.333333333334
9621.583333333334
9674.291666666666
9772.958333333334
9552.166666666666
9413.208333333334
9559.125
9645.041666666666
9768.916666666666
9907.5
10043.166666666666
10147.833333333334
10234.541666666666
10279.5
10266.166666666666
10279.666666666666
10170.875
10035.625
10034.0
10059.458333333334
10084.708333333334
10169.333333333334
10281.375
10368.458333333334
10401.5
10445.5
10315.166666666666
10409.708333333334
10459.708333333334
10470.0
10517.333333333334
10525.5
10620.041666666666
10633.625
10661.583333333334
10675.416666666666
10696.166666666666
10752.291666666666
10741.041666666666
10706.041666666666
10805.083333333334
10751.5
10753.833333333334
10787.041666666666
10791.25
10709.75
10645.958333333334
10683.875
10696.166666666666
10693.125
10727.958333333334
10735.375
10769.875
10758.583333333334
10710.666666666666
10698.5
10702.291666666666
10797.875
10768.708333333334
10784.041666666666
10741.916666666666
10782.708333333334
10763.416666666666
10730.958333333334
10724.458333333334
10748.25
10777.0
10817.916666666666
10714.666666666666
10716.625
10723.166666666666
10650.916666666666
10638.458333333334
10621.75
10677.916666666666
10691.125
10734.583333333334
10767.916666666666
10771.625
10763.25
10733.041666666666
10584.208333333334
10631.541666666666
10672.75
10703.375
10694.958333333334
10725.458333333334
10695.708333333334
10679.708333333334
10721.291666666666
10702.833333333334
10710.958333333334
10745.541666666666
10820.375
10776.541666666666
10778.166666666666
10760.208333333334
10708.291666666666
10616.875
10693.583333333334
10736.583333333334
10756.75
10747.916666666666
10726.75
10743.416666666666
10767.25
10757.166666666666
10774.083333333334
10753.916666666666
10762.791666666666
10786.125
10787.458333333334
10763.625
10752.666666666666
10732.458333333334
10690.083333333334
10559.666666666666
10577.708333333334
10600.166666666666
10548.125
10567.041666666666
10638.875
10687.708333333334
10706.291666666666
10648.958333333334
10671.25
10525.333333333334
10534.125
10551.875
10560.0
10522.083333333334
10436.458333333334
10434.25
10436.958333333334
10428.791666666666
10470.541666666666
10531.666666666666
10513.208333333334
10491.958333333334
10496.208333333334
10607.0
10643.75
10654.041666666666
10616.791666666666
10600.041666666666
10628.791666666666
10625.833333333334
10613.333333333334
10630.541666666666
10635.916666666666
10664.083333333334
10659.333333333334
10652.458333333334
10622.458333333334
10660.375
10616.541666666666
10608.541666666666
10651.208333333334
10669.041666666666
10684.125
10705.5
10710.583333333334
10701.375
10668.291666666666
10669.791666666666
10693.208333333334
10683.5
10722.083333333334
10733.458333333334
10730.208333333334
10751.583333333334
10752.75
10750.916666666666
10799.333333333334
10798.75
10815.583333333334
10812.0
10712.333333333334
10588.708333333334
10635.083333333334
10718.416666666666
10767.25
10752.541666666666
10749.083333333334
10761.333333333334
10794.708333333334
10734.75
10717.958333333334
10745.083333333334
10753.208333333334
10745.625
10787.625
10720.458333333334
10738.458333333334
10749.125
10793.583333333334
10803.416666666666
10813.875
10810.041666666666
10766.625
10766.708333333334
10764.375
10772.958333333334
10800.75
10768.083333333334
10708.791666666666
10759.875
10787.25
10788.625
10806.958333333334
10723.25
10762.708333333334
10748.208333333334
10661.791666666666
10642.416666666666
10622.916666666666
10665.75
10694.708333333334
10685.75
10706.458333333334
10746.666666666666
10744.5
10750.041666666666
10726.25
10747.666666666666
10767.0
10804.333333333334
10791.333333333334
10732.692307692309
10711.083333333334
10730.25
10726.291666666666
10734.375
10746.083333333334
10728.875
10737.125
10755.166666666666
10757.0
10757.416666666666
10762.25
10757.75
10765.416666666666
10769.458333333334
10728.041666666666
10664.0
10658.541666666666
10766.791666666666
10694.125
10677.458333333334
10630.75
10605.208333333334
10637.208333333334
10734.791666666666
10704.083333333334
10721.416666666666
10714.166666666666
10707.375
10698.208333333334
10606.75
10524.291666666666
10529.333333333334
10567.541666666666
10587.625
10592.291666666666
10627.166666666666
10650.875
10666.208333333334
10612.416666666666
10501.521739130434
10024.642857142857
10107.291666666666
10201.8
10371.9
10411.208333333334
10434.0
10482.333333333334
10482.25
10487.166666666666
10511.625
10539.791666666666
10533.125
10542.916666666666
10424.625
10141.166666666666
9627.875
9568.375
9472.791666666666
9488.541666666666
9529.458333333334
9539.75
9628.791666666666
9744.125
9846.541666666666
9991.791666666666
10014.208333333334
10094.583333333334
10076.666666666666
10151.166666666666
10263.833333333334
10320.541666666666
10375.791666666666
10438.791666666666
10421.583333333334
10448.541666666666
10395.666666666666
10416.583333333334
10293.958333333334
10253.875
10120.25
9990.916666666666
9907.583333333334
10175.791666666666
10399.416666666666
10403.5
10394.25
10401.166666666666
10384.5
10457.541666666666
10489.333333333334
10428.125
10369.875
10410.583333333334
10452.5
10411.916666666666
10221.57142857143
9999.466666666667
10075.166666666666
10076.625
10180.166666666666
10305.875
10360.958333333334
10430.166666666666
10433.75
10439.875
10450.291666666666
10372.75
10436.041666666666
10505.208333333334
10472.416666666666
10408.375
10447.666666666666
10536.041666666666
10533.666666666666
10532.833333333334
10578.958333333334
10565.458333333334
10539.125
10576.75
10598.666666666666
10646.083333333334
10522.375
10508.5
10210.208333333334
10123.708333333334
10208.125
10358.708333333334
10456.458333333334
10417.458333333334
10380.958333333334
10507.666666666666
10578.375
10576.333333333334
10535.666666666666
10618.666666666666
10683.208333333334
10632.875
10619.791666666666
10676.666666666666
10729.0
10782.666666666666
10700.0
10650.541666666666
10688.375
10711.416666666666
10699.666666666666
10649.041666666666
10642.791666666666
10669.166666666666
10695.583333333334
10679.666666666666
10530.583333333334
10476.25
10465.125
10503.25
10538.458333333334
10522.666666666666
10394.0
10395.583333333334
10503.041666666666
10519.208333333334
10577.166666666666
10630.416666666666
10677.583333333334
10679.833333333334
10721.375
10733.166666666666
10682.916666666666
10695.833333333334
10696.833333333334
10697.083333333334
10687.583333333334
10709.166666666666
10680.208333333334
10636.875
10621.583333333334
10639.25
10634.541666666666
10607.166666666666
10642.625
10597.958333333334
10604.958333333334
10554.666666666666
10471.125
10474.833333333334
10449.083333333334
10456.208333333334
10475.583333333334
10474.208333333334
10502.208333333334
10510.625
10504.375
10481.25
10450.833333333334
10493.541666666666
10533.625
10565.583333333334
10579.57142857143
10611.666666666666
10623.541666666666
10563.958333333334
10539.0
10585.125
10610.541666666666
10604.375
10602.125
10507.708333333334
10503.125
10536.0
10564.041666666666
10596.916666666666
10640.666666666666
10665.416666666666
10665.166666666666
10660.916666666666
10636.416666666666
10661.916666666666
10684.666666666666
10696.5
10711.125
10729.833333333334
10674.625
10536.041666666666
10573.333333333334
10575.833333333334
10607.25
10550.875
10719.333333333334
10686.583333333334
10664.291666666666
10705.041666666666
10711.875
10702.458333333334
10673.041666666666
10689.666666666666
10655.166666666666
10666.166666666666
10660.833333333334
10656.625
10652.166666666666
10643.625
10562.5
10641.375
10671.125
10670.375
10689.75
10683.166666666666
10699.833333333334
10700.708333333334
10706.0
10700.5
10700.0
10721.333333333334
10735.708333333334
10753.583333333334
10772.583333333334
10690.708333333334
10664.041666666666
10673.291666666666
10670.75
10672.75
10666.666666666666
10664.916666666666
10652.916666666666
10652.791666666666
10679.833333333334
10726.791666666666
10730.083333333334
10722.583333333334
10706.875
10692.083333333334
10715.125
10717.333333333334
10749.541666666666
10757.5
10788.416666666666
10781.875
10766.375
10757.75
10751.125
10749.958333333334
10739.416666666666
10758.25
10680.208333333334
10670.166666666666
10689.916666666666
10769.916666666666
10781.625
10750.541666666666
10732.833333333334
10758.25
10735.083333333334
10714.666666666666
10646.708333333334
10640.833333333334
10640.708333333334
10675.0
10713.291666666666
10721.625
10735.083333333334
10761.541666666666
10775.916666666666
10776.916666666666
10800.291666666666
10820.0
10767.5
10805.708333333334
10729.916666666666
10737.5
10765.458333333334
10791.208333333334
10728.625
10708.333333333334
10712.833333333334
10712.333333333334
10788.416666666666
10778.458333333334
10778.166666666666
10806.166666666666
10805.958333333334
10796.541666666666
10808.666666666666
10746.291666666666
10681.041666666666
10748.375
10761.208333333334
10785.375
10793.625
10803.708333333334
10785.5
10800.333333333334
10839.5
10857.5
10818.666666666666
10854.0
10788.208333333334
10764.416666666666
10803.875
10699.347826086956
10757.0
10814.416666666666
10794.875
10812.791666666666
10771.208333333334
10759.875
10812.708333333334
10834.875
10806.125
10771.791666666666
10742.083333333334
10728.625
10745.208333333334
10744.0
10799.625
10754.75
10757.0
10755.916666666666
10799.166666666666
10773.125
10752.625
10737.583333333334
10686.666666666666
10665.041666666666
10703.708333333334
10702.958333333334
10737.75
10787.291666666666
10776.25
10694.416666666666
10706.666666666666
10723.708333333334
10737.541666666666
10747.458333333334
10725.541666666666
10736.833333333334
10723.333333333334
10722.791666666666
10637.416666666666
10643.708333333334
10688.333333333334
10733.0
10650.083333333334
10580.083333333334
10581.5
10620.75
10613.083333333334
10620.5
10583.333333333334
10534.458333333334
10579.625
10558.625
10362.25
10400.666666666666
10326.166666666666
10270.083333333334
10203.708333333334
10215.041666666666
10295.416666666666
10333.125
10334.166666666666
10324.875
10389.0
10388.041666666666
10431.208333333334
10380.166666666666
10368.333333333334
10463.333333333334
10467.75
10464.416666666666
10592.833333333334
10528.75
10525.333333333334
10538.583333333334
10513.875
10505.583333333334
10531.0
10603.625
10626.5
10649.25
10558.583333333334
10605.041666666666
10511.291666666666
10509.375
10510.5
10544.916666666666
10572.541666666666
10609.291666666666
10611.708333333334
10656.583333333334
10654.25
10641.791666666666
10659.416666666666
10660.291666666666
10628.25
10605.666666666666
10652.75
10639.875
10627.75
10636.166666666666
10419.916666666666
10497.041666666666
10533.25
10592.25
10621.375
10626.208333333334
10579.666666666666
10520.208333333334
10527.208333333334
10593.458333333334
10619.5
10640.5
10685.833333333334
10671.375
10647.416666666666
10598.0
10593.958333333334
10589.041666666666
10394.666666666666
10289.333333333334
10359.208333333334
10457.666666666666
10561.625
10496.208333333334
10438.958333333334
10459.208333333334
10483.375
10474.041666666666
10393.541666666666
10394.791666666666
10538.791666666666
10449.833333333334
10381.708333333334
10425.291666666666
10506.541666666666
10519.541666666666
10579.833333333334
10557.5
10617.5
10624.25
10679.375
10666.5
10655.916666666666
10355.875
10092.0
10035.125
10068.0
10130.5
10279.833333333334
10523.625
10558.833333333334
10550.416666666666
10605.125
10624.0
10592.958333333334
10609.166666666666
10614.125
10631.5
10610.666666666666
10665.083333333334
10655.333333333334
10602.125
10684.25
10694.5
10708.458333333334
10727.833333333334
10718.708333333334
10693.208333333334
10588.375
10627.916666666666
10584.208333333334
10576.5
10605.0
10617.5
10745.291666666666
10725.333333333334
10719.958333333334
10721.208333333334
10710.125
10738.166666666666
10615.125
10538.125
10529.583333333334
10600.875
10618.791666666666
10626.458333333334
10591.375
10627.458333333334
10649.958333333334
10688.375
10696.75
10710.0
10766.416666666666
10734.166666666666
10746.541666666666
10691.333333333334
10716.708333333334
10707.375
10696.458333333334
10697.041666666666
10707.625
10700.75
10703.666666666666
10724.541666666666
10759.833333333334
10739.833333333334
10747.75
10741.833333333334
10705.416666666666
10644.75
10669.25
10695.875
10677.0
10649.916666666666
10697.458333333334
10629.875
10611.083333333334
10642.791666666666
10646.75
10636.375
10639.041666666666
10696.333333333334
10689.041666666666
10587.0
10633.166666666666
10640.041666666666
10641.25
10680.291666666666
10703.208333333334
10714.416666666666
10640.833333333334
10509.041666666666
10567.0
10656.708333333334
10633.833333333334
10663.916666666666
10668.666666666666
10677.041666666666
10638.458333333334
10569.416666666666
10555.25
10535.833333333334
10482.375
10441.916666666666
10525.458333333334
10562.708333333334
10583.25
10601.041666666666
10624.375
10618.416666666666
10620.625
10642.666666666666
10622.875
10628.416666666666
10674.875
10673.958333333334
10691.333333333334
10704.5
10700.75
10684.958333333334
10720.416666666666
10690.625
10670.666666666666
10637.041666666666
10639.666666666666
10651.5
10594.291666666666
10598.166666666666
10556.75
10590.833333333334
10595.416666666666
10649.625
10652.291666666666
10651.625
10670.875
10708.541666666666
10727.166666666666
10744.833333333334
10749.583333333334
10751.583333333334
10728.625
10726.541666666666
10737.583333333334
10759.916666666666
10778.75
10769.5
10743.666666666666
10700.166666666666
10683.416666666666
10658.708333333334
10672.4
10582.166666666666
10595.333333333334
10769.588235294117
10730.083333333334
10694.791666666666
10724.75
10745.916666666666
10752.458333333334
10777.208333333334
10780.625
10710.0
10627.958333333334
10533.25
10535.958333333334
10544.916666666666
10515.125
10541.958333333334
10420.625
10327.083333333334
10382.916666666666
10450.875
10549.541666666666
10531.416666666666
10541.666666666666
10624.208333333334
10680.625
10746.333333333334
10770.5
10751.0
10695.583333333334
10569.625
10616.958333333334
10576.916666666666
10498.333333333334
10510.083333333334
10503.916666666666
10470.875
10474.166666666666
10579.25
10555.375
10582.375
10621.541666666666
10619.583333333334
10606.0
10598.791666666666
10642.208333333334
10486.041666666666
10439.0
10503.916666666666
10505.541666666666
10480.666666666666
10514.875
10527.5
10478.541666666666
10506.458333333334
10518.458333333334
10421.416666666666
10314.708333333334
10253.583333333334
10252.708333333334
10259.083333333334
10284.708333333334
10291.708333333334
10323.458333333334
10321.541666666666
10370.666666666666
10245.958333333334
10316.0
10402.083333333334
10481.125
10546.291666666666
10500.916666666666
10501.083333333334
10545.625
10611.791666666666
10618.833333333334
10639.625
10614.708333333334
10453.083333333334
10503.083333333334
10511.041666666666
10479.875
10241.791666666666
10253.125
10313.166666666666
10333.458333333334
10328.208333333334
10270.0
10244.125
10215.0
10182.5
10206.666666666666
10229.166666666666
10257.791666666666
10264.666666666666
10270.416666666666
10320.583333333334
10326.791666666666
10382.041666666666
10424.875
10456.0
10541.666666666666
10619.125
10695.791666666666
10683.958333333334
10624.333333333334
10608.75
10593.791666666666
10210.0
10160.416666666666
10188.291666666666
10229.291666666666
10267.375
10307.083333333334
10268.75
10270.583333333334
10271.958333333334
10252.75
10222.333333333334
10164.958333333334
10117.625
10071.708333333334
9982.75
9835.458333333334
9696.083333333334
9616.875
9712.958333333334
9790.708333333334
9788.541666666666
9880.0
10000.25
10118.166666666666
10105.416666666666
10038.458333333334
10032.5
10052.375
10205.363636363636
10243.333333333334
10267.708333333334
10276.666666666666
10239.041666666666
10217.541666666666
10250.708333333334
10203.041666666666
10215.166666666666
10146.833333333334
10178.75
10181.083333333334
10190.666666666666
10165.541666666666
10192.291666666666
10277.333333333334
10274.458333333334
10297.166666666666
10264.0
10204.444444444445
10276.916666666666
10186.458333333334
9994.5
9781.541666666666
9760.958333333334
9811.166666666666
9794.041666666666
9750.041666666666
9617.416666666666
9455.625
9453.125
9471.333333333334
9480.666666666666
9570.791666666666
9720.041666666666
9764.333333333334
9825.666666666666
10049.75
10168.833333333334
10217.458333333334
10109.291666666666
10058.625
10124.458333333334
10177.125
10152.541666666666
10213.833333333334
10318.666666666666
10353.333333333334
10360.541666666666
10327.5
10225.208333333334
10260.625
10318.166666666666
10368.375
10372.5
10346.625
10341.333333333334
10310.625
10224.125
10003.291666666666
9825.791666666666
10040.833333333334
10200.458333333334
10345.5
10366.421052631578
10314.458333333334
10337.583333333334
10340.208333333334
10319.166666666666
10341.0
10295.75
10322.5
10365.458333333334
10423.958333333334
10469.833333333334
10490.0
10472.708333333334
10505.166666666666
10493.333333333334
10402.041666666666
10192.625
10055.958333333334
9895.958333333334
10034.625
10129.833333333334
10362.083333333334
10417.291666666666
10401.333333333334
10449.75
10468.947368421053
10454.458333333334
10275.583333333334
10261.916666666666
10407.625
10475.208333333334
10525.875
10576.208333333334
10604.291666666666
10563.958333333334
10514.166666666666
10541.125
10549.333333333334
10545.291666666666
10524.125
10448.708333333334
10409.916666666666
10448.583333333334
10485.833333333334
10520.375
10546.541666666666
10553.75
10573.958333333334
10561.916666666666
10553.666666666666
10597.416666666666
10621.833333333334
10574.0
10574.916666666666
10560.916666666666
10590.666666666666
10568.291666666666
10569.458333333334
10599.166666666666
10598.708333333334
10640.125
10658.041666666666
10624.875
10605.125
10604.666666666666
10606.5
10545.125
10560.0
10574.5
10611.583333333334
10623.875
10627.041666666666
10600.541666666666
10589.333333333334
10596.25
10614.333333333334
10672.333333333334
10680.291666666666
10655.083333333334
10631.75
10555.041666666666
10545.458333333334
10573.083333333334
10575.916666666666
10583.5
10542.5
10086.5
10086.75
10196.125
10239.791666666666
10308.75
10401.416666666666
10502.05
10543.708333333334
10574.791666666666
10614.5
10640.166666666666
10613.5
10576.958333333334
10579.57142857143
10636.166666666666
10662.125
10635.208333333334
10628.708333333334
10588.125
10529.875
10568.833333333334
10567.875
10563.458333333334
10567.055555555555
10623.708333333334
10643.458333333334
10642.0
10628.583333333334
10678.583333333334
10629.5
10628.125
10634.75
10637.416666666666
10687.041666666666
10718.083333333334
10736.125
10667.708333333334
10623.916666666666
10617.708333333334
10616.666666666666
10638.875
10670.666666666666
10680.307692307691
10670.041666666666
10617.75
10616.125
10592.208333333334
10514.625
10478.541666666666
10564.875
10572.958333333334
10529.333333333334
10510.833333333334
10540.041666666666
10556.458333333334
10622.875
10634.458333333334
10603.958333333334
10617.166666666666
10619.166666666666
10662.25
10663.166666666666
10595.25
10613.083333333334
10582.916666666666
10585.375
10605.375
10627.625
10653.583333333334
10668.625
10690.6
10512.57142857143
10583.0
10520.214285714286
10529.25
10523.5
10545.625
10551.833333333334
10570.875
10580.083333333334
10623.166666666666
10656.083333333334
10673.333333333334
10579.538461538461
10586.0
10598.875
10592.5
10593.5
10588.166666666666
10575.458333333334
10628.916666666666
10595.041666666666
10580.625
10551.416666666666
10579.708333333334
10583.416666666666
10511.541666666666
10489.041666666666
10483.833333333334
10548.727272727272
10507.333333333334
10512.291666666666
10520.25
10511.041666666666
10513.125
10527.166666666666
10548.4
10594.285714285714
10605.8
10664.25
10640.916666666666
10605.291666666666
10586.375
10543.375
10505.75
10534.125
10588.0
10571.923076923076
10562.041666666666
10596.333333333334
10573.0
10513.666666666666
10477.0
10397.076923076924
10420.416666666666
10388.291666666666
10428.791666666666
10437.041666666666
10473.666666666666
10511.083333333334
10567.083333333334
10594.166666666666
10571.416666666666
10569.882352941177
10516.041666666666
10464.291666666666
10501.041666666666
10463.25
10601.538461538461
10561.791666666666
10564.541666666666
10552.791666666666
10598.875
10578.08695652174
10539.5
10536.083333333334
10542.25
10515.083333333334
10477.454545454546
10495.545454545454
10498.21052631579
10518.375
10562.666666666666
10571.833333333334
10587.5
10587.166666666666
10638.083333333334
10603.041666666666
10577.541666666666
10562.083333333334
10586.583333333334
10534.8
10473.375
10537.708333333334
10575.0
10553.444444444445
10609.263157894737
10557.916666666666
10578.791666666666
10557.791666666666
10545.333333333334
10618.291666666666
10589.444444444445
10204.666666666666
9759.785714285714
9707.875
9617.5625
9637.208333333334
9846.285714285714
10189.458333333334
10343.458333333334
10092.583333333334
10057.791666666666
10190.478260869566
10234.181818181818
10309.291666666666
10342.875
10327.666666666666
10429.666666666666
10435.875
10431.363636363636
10195.0
9957.92857142857
10120.375
10138.5
10235.625
10201.0
10005.25
10078.2
10069.25
10087.285714285714
10083.529411764706
10138.291666666666
10233.416666666666
10269.166666666666
10327.208333333334
10409.083333333334
10327.0
10237.583333333334
10170.25
10212.041666666666
10200.083333333334
10285.083333333334
10328.25
10394.291666666666
10387.047619047618
10426.708333333334
10413.5
10447.0
10505.625
10504.125
10423.23076923077
10509.541666666666
10525.458333333334
10325.125
10392.0
10503.208333333334
10528.0
10474.166666666666
10520.708333333334
10508.375
10585.2
10469.5
10555.125
10601.083333333334
10597.136363636364
10581.416666666666
10645.863636363636
10610.1875
10599.791666666666
10657.75
10721.791666666666
10680.5
10661.541666666666
10662.333333333334
10504.166666666666
10415.0
10207.708333333334
10083.291666666666
10202.458333333334
10343.1875
10446.111111111111
10501.09090909091
10496.444444444445
10477.5
10502.75
10496.666666666666
10500.458333333334
10506.333333333334
10296.75
10317.125
10453.375
10549.958333333334
10591.166666666666
10664.0
10704.666666666666
10689.416666666666
10701.25
10733.5
10703.181818181818
10704.1
10714.666666666666
10678.166666666666
10644.09090909091
10691.923076923076
10661.454545454546
10568.2
10605.09090909091
10599.333333333334
10634.222222222223
10672.09090909091
10593.65
10605.416666666666
10552.958333333334
10538.208333333334
10563.041666666666
10570.541666666666
10556.333333333334
10600.916666666666
10665.041666666666
10734.541666666666
10747.666666666666
10738.875
10703.291666666666
10699.416666666666
10665.541666666666
10652.583333333334
10681.583333333334
10592.0
10742.2
10716.291666666666
10680.958333333334
10673.083333333334
10649.76923076923
10580.21052631579
10547.333333333334
10567.541666666666
10581.2
10683.615384615385
10698.875
10702.0
10724.333333333334
10755.875
10769.666666666666
10763.541666666666
10733.791666666666
10752.958333333334
10661.833333333334
10740.190476190477
10769.875
10802.208333333334
10808.291666666666
10752.875
10689.666666666666
10606.166666666666
10539.708333333334
10538.916666666666
10566.5
10579.625
10612.083333333334
10683.625
10761.5
10781.166666666666
10670.041666666666
10691.25
10693.125
10705.75
10683.375
10715.791666666666
10727.791666666666
10747.75
10740.75
10743.5
10745.833333333334
10768.708333333334
10792.333333333334
10800.041666666666
10798.916666666666
10759.541666666666
10743.541666666666
10676.791666666666
10662.291666666666
10649.833333333334
10615.791666666666
10621.625
10636.25
10659.875
10700.375
10755.958333333334
10782.541666666666
10708.333333333334
10632.25
10705.333333333334
10763.083333333334
10728.083333333334
10773.708333333334
10752.958333333334
10768.791666666666
10777.458333333334
10794.75
10807.708333333334
10822.291666666666
10849.0
10827.958333333334
10801.416666666666
10766.208333333334
10785.541666666666
10746.708333333334
10730.958333333334
10742.75
10719.0
10716.375
10714.458333333334
10764.416666666666
10799.541666666666
10815.916666666666
10838.166666666666
10818.041666666666
10810.75
10781.791666666666
10719.958333333334
10710.25
10678.958333333334
10717.541666666666
10786.041666666666
10765.583333333334
10778.166666666666
10807.875
10829.333333333334
10845.916666666666
10842.458333333334
10838.958333333334
10798.541666666666
10805.25
10746.333333333334
10692.375
10677.458333333334
10691.25
10710.75
10744.833333333334
10724.25
10769.958333333334
10835.416666666666
10851.208333333334
10798.25
10823.791666666666
10840.583333333334
10884.75
10816.5
10815.833333333334
10792.208333333334
10795.875
10759.166666666666
10731.625
10689.75
10682.25
10745.375
10814.541666666666
10838.041666666666
10816.291666666666
10766.541666666666
10765.666666666666
10751.125
10772.375
10796.166666666666
10782.958333333334
10824.375
10834.458333333334
10862.125
10875.958333333334
10922.25
10911.375
10938.541666666666
10867.875
10823.625
10880.5
10901.916666666666
10805.0
10832.166666666666
10800.125
10795.083333333334
10813.708333333334
10829.666666666666
10845.291666666666
10877.791666666666
10878.0
10868.125
10832.791666666666
10764.75
10730.625
10700.5
10730.041666666666
10727.916666666666
10711.416666666666
10642.583333333334
10721.666666666666
10711.791666666666
10753.5
10791.916666666666
10832.125
10808.25
10806.083333333334
10771.541666666666
10796.791666666666
10772.625
10771.708333333334
10738.541666666666
10740.041666666666
10749.708333333334
10697.625
10771.0
10781.625
10795.583333333334
10813.166666666666
10831.833333333334
10749.791666666666
10690.166666666666
10668.208333333334
10712.041666666666
10713.333333333334
10726.958333333334
10706.625
10728.458333333334
10754.7
10614.411764705883
10210.291666666666
10232.458333333334
10395.375
10504.541666666666
10543.0
10574.875
10577.666666666666
10532.541666666666
10507.083333333334
10496.875
10485.875
10498.5
10378.375
10346.541666666666
10310.833333333334
10325.0
10254.458333333334
10276.25
10288.75
10259.083333333334
10290.541666666666
10285.75
10297.041666666666
10188.625
10111.041666666666
10020.916666666666
10054.0
10113.916666666666
10122.208333333334
10078.208333333334
10644.625
10677.708333333334
10692.708333333334
10714.375
10707.75
10668.625
10632.041666666666
10652.958333333334
10680.958333333334
10705.458333333334
10698.708333333334
10717.5
10712.958333333334
10726.916666666666
10731.333333333334
10726.708333333334
10731.375
10730.791666666666
10746.958333333334
10749.0
10752.083333333334
10796.5
10754.083333333334
10705.3
10702.916666666666
10724.791666666666
10691.083333333334
10669.166666666666
10654.875
10657.75
10671.875
10481.0
10463.208333333334
10631.291666666666
10597.583333333334
10239.458333333334
10205.5
10240.583333333334
10230.458333333334
10345.25
10423.458333333334
10481.708333333334
10538.458333333334
10608.583333333334
10540.708333333334
10454.416666666666
10514.041666666666
10518.125
10476.25
10434.916666666666
10437.75
10423.5
10410.166666666666
10419.958333333334
10279.458333333334
10039.958333333334
9868.708333333334
9814.875
9838.083333333334
9873.333333333334
9929.5
10031.458333333334
10080.5
10137.291666666666
10189.625
10272.083333333334
10434.25
10368.083333333334
10439.458333333334
10448.416666666666
10473.625
10549.166666666666
10561.458333333334
10525.541666666666
10525.541666666666
10593.291666666666
10622.458333333334
10671.458333333334
10511.166666666666
10457.541666666666
10617.333333333334
10619.708333333334
10640.166666666666
10608.0
10600.083333333334
10578.708333333334
10501.958333333334
10530.208333333334
10500.583333333334
10578.791666666666
10591.375
10610.0
10615.958333333334
10614.666666666666
10605.833333333334
10592.916666666666
10620.041666666666
10599.958333333334
10626.5
10643.666666666666
10633.291666666666
10639.916666666666
10665.041666666666
10695.416666666666
10719.333333333334
10721.541666666666
10712.208333333334
10713.458333333334
10734.541666666666
10715.625
10734.833333333334
10706.916666666666
10637.833333333334
10617.541666666666
10644.833333333334
10661.25
10696.375
10670.333333333334
10649.75
10634.875
10620.0
10715.916666666666
10741.791666666666
10763.625
10777.166666666666
10769.208333333334
10791.541666666666
10785.125
10793.708333333334
10815.125
10831.333333333334
10849.5
10835.541666666666
10854.25
10856.958333333334
10864.333333333334
10866.166666666666
10849.458333333334
10823.75
10817.833333333334
10808.166666666666
10804.958333333334
10761.833333333334
10768.125
10743.208333333334
10759.291666666666
10744.416666666666
10741.791666666666
10733.916666666666
10747.166666666666
10765.0
10731.375
10762.291666666666
10782.541666666666
10779.083333333334
10804.541666666666
10830.875
10782.291666666666
10770.958333333334
10803.666666666666
10819.791666666666
10781.916666666666
10781.75
10744.25
10771.75
10764.666666666666
10756.5
10751.958333333334
10748.791666666666
10752.5
10773.0
10767.541666666666
10700.083333333334
10680.458333333334
10716.041666666666
10719.416666666666
10730.875
10747.583333333334
10727.083333333334
10750.333333333334
10779.75
10809.083333333334
10844.875
10835.208333333334
10826.666666666666
10814.875
10809.25
10815.291666666666
10792.791666666666
10830.625
10850.0
10854.041666666666
10849.541666666666
10839.75
10834.958333333334
10831.333333333334
10816.875
10807.375
10791.166666666666
10830.0
10802.041666666666
10785.25
10771.791666666666
10780.875
10792.25
10783.375
10821.208333333334
10834.75
10841.666666666666
10801.0
10825.833333333334
10831.916666666666
10815.125
10803.25
10815.875
10819.375
10832.375
10809.333333333334
10838.5
10861.416666666666
10890.541666666666
10878.875
10858.25
10849.291666666666
10840.458333333334
10837.833333333334
10857.333333333334
10856.625
10838.5
10845.208333333334
10831.625
10865.75
10816.791666666666
10806.708333333334
10832.0
10846.0
10885.875
10855.083333333334
10821.625
10812.416666666666
10835.833333333334
10793.666666666666
10810.875
10823.333333333334
10819.25
10810.416666666666
10845.0
10838.125
10822.958333333334
10812.541666666666
10830.791666666666
10846.916666666666
10823.5
10843.208333333334
10831.458333333334
10864.5
10873.583333333334
10858.291666666666
10838.958333333334
10796.333333333334
10789.291666666666
10824.0
10845.791666666666
10827.833333333334
10831.791666666666
10838.25
10829.625
10784.25
10938.208333333334
10894.166666666666
10864.708333333334
10860.166666666666
10847.041666666666
10848.0
10849.25
10868.75
10868.75
10886.333333333334
10885.375
10870.0
10851.958333333334
10846.75
10826.75
10862.666666666666
10860.625
10819.75
10844.833333333334
10851.708333333334
10857.083333333334
10856.666666666666
10890.0
10849.791666666666
10824.083333333334
10835.041666666666
10858.166666666666
10854.666666666666
10772.0
10747.958333333334
10786.5
10872.25
10866.125
10851.625
10869.625
10864.083333333334
10854.333333333334
10869.541666666666
10851.791666666666
10845.458333333334
10861.416666666666
10863.583333333334
10887.5
10895.416666666666
10889.833333333334
10913.458333333334
10902.166666666666
10890.916666666666
10871.625
10859.958333333334
10841.041666666666
10825.666666666666
10816.666666666666
10829.708333333334
10839.25
10845.916666666666
10820.916666666666
10834.75
10841.25
10821.0
10748.75
10712.833333333334
10806.708333333334
10799.083333333334
10825.791666666666
10836.208333333334
10833.083333333334
10882.666666666666
10885.291666666666
10867.125
10900.875
10911.958333333334
10875.125
10860.125
10827.916666666666
10830.625
10812.75
10774.625
10760.791666666666
10758.708333333334
10779.291666666666
10788.375
10719.333333333334
10759.625
10753.416666666666
10759.333333333334
10778.833333333334
10779.166666666666
10778.75
10776.583333333334
10797.333333333334
10791.708333333334
10794.416666666666
10775.375
10795.208333333334
10795.041666666666
10827.291666666666
10807.125
10828.5
10779.958333333334
10786.041666666666
10789.333333333334
10733.958333333334
10553.125
10614.291666666666
10671.416666666666
10684.041666666666
10646.5
10615.625
10648.166666666666
10713.75
10687.166666666666
10746.916666666666
10724.166666666666
10735.833333333334
10737.208333333334
10586.166666666666
10613.708333333334
10611.083333333334
10635.833333333334
10669.75
10714.208333333334
10694.333333333334
10472.875
10287.416666666666
10271.125
10168.625
10113.25
10166.375
10212.0
10069.416666666666
10163.416666666666
10202.791666666666
9967.291666666666
9932.916666666666
9886.0
9793.541666666666
9760.791666666666
9844.083333333334
9918.625
9827.0
9680.291666666666
9645.791666666666
9595.75
9521.333333333334
9650.583333333334
9753.5
9808.958333333334
9889.291666666666
10017.875
10096.833333333334
10198.125
10248.541666666666
10324.333333333334
10366.416666666666
10310.833333333334
10255.291666666666
10328.5
10349.958333333334
10350.625
10425.625
10451.125
10430.208333333334
10390.541666666666
10463.083333333334
10591.375
10577.958333333334
10395.0
10257.416666666666
10245.125
10295.375
10286.708333333334
10338.583333333334
10230.625
10013.416666666666
9991.333333333334
10082.583333333334
10135.833333333334
10234.625
10308.583333333334
10328.666666666666
10323.083333333334
10364.0
10404.041666666666
10431.625
10139.125
9868.833333333334
9932.916666666666
9886.0
9793.541666666666
9760.791666666666
9844.083333333334
9918.625
9941.208333333334
10097.916666666666
10146.25
10210.541666666666
10310.166666666666
10368.708333333334
10455.916666666666
10388.791666666666
10384.416666666666
10341.583333333334
10214.916666666666
10400.958333333334
10566.541666666666
10542.708333333334
10480.625
10481.041666666666
10566.541666666666
10610.125
10585.666666666666
10538.333333333334
10497.708333333334
10515.416666666666
10486.208333333334
10482.666666666666
10392.208333333334
10280.5
10211.458333333334
10306.291666666666
10385.791666666666
10478.333333333334
10525.75
10570.875
10616.083333333334
10635.416666666666
10658.958333333334
10641.541666666666
10658.416666666666
10630.791666666666
10661.291666666666
10666.625
10649.0
10680.333333333334
10712.0
10592.5
10556.416666666666
10485.75
10336.833333333334
10459.5
10576.083333333334
10633.041666666666
10645.166666666666
10677.125
10687.625
10703.833333333334
10724.75
10730.0
10660.916666666666
10685.708333333334
10744.125
10723.541666666666
10704.916666666666
10706.75
10723.083333333334
10755.041666666666
10713.541666666666
10718.75
10691.958333333334
10710.708333333334
10760.75
10676.291666666666
10686.333333333334
10679.125
10715.875
10753.875
10750.666666666666
10760.875
10748.875
10765.041666666666
10758.833333333334
10755.625
10835.041666666666
10805.583333333334
10789.5
10831.166666666666
10805.083333333334
10792.083333333334
10792.708333333334
10793.208333333334
10783.166666666666
10799.125
10799.625
10774.666666666666
10789.083333333334
10750.375
10810.708333333334
10828.583333333334
10770.916666666666
10771.666666666666
10781.833333333334
10774.791666666666
10783.458333333334
10796.625
10795.583333333334
10791.916666666666
10796.708333333334
10745.291666666666
10778.0
10801.916666666666
10803.083333333334
10828.833333333334
10817.333333333334
10824.083333333334
10814.125
10806.375
10795.083333333334
10785.875
10796.0
10823.708333333334
10834.458333333334
10821.541666666666
10833.541666666666
10826.708333333334
10824.875
10811.375
10790.916666666666
10818.041666666666
10807.541666666666
10768.458333333334
10779.208333333334
10794.25
10802.5
10780.333333333334
10753.666666666666
10748.208333333334
10829.291666666666
10825.0
10824.75
10849.958333333334
10845.083333333334
10843.0
10809.291666666666
10814.208333333334
10821.5
10824.708333333334
10833.166666666666
10849.791666666666
10803.416666666666
10788.375
10803.916666666666
10815.125
10822.166666666666
10847.166666666666
10868.333333333334
10838.041666666666
10855.875
10840.541666666666
10833.666666666666
10836.958333333334
10824.125
10811.041666666666
10827.625
10827.958333333334
10811.791666666666
10837.791666666666
10850.5
10855.5
10841.541666666666
10833.208333333334
10833.041666666666
10832.583333333334
10837.083333333334
10864.25
10858.416666666666
10853.0
10845.583333333334
10836.625
10854.75
10893.583333333334
10893.541666666666
10865.75
10876.583333333334
10879.458333333334
10899.5
10871.791666666666
10880.75
10873.708333333334
10891.833333333334
10879.541666666666
10876.833333333334
10863.208333333334
10842.75
10839.833333333334
10828.416666666666
10824.416666666666
10817.708333333334
10830.208333333334
10838.25
10841.458333333334
10883.791666666666
10877.375
10878.041666666666
10887.666666666666
10866.208333333334
10874.583333333334
10890.416666666666
10908.708333333334
10918.375
10922.291666666666
10908.041666666666
10880.708333333334
10894.333333333334
10713.76923076923
10752.958333333334
10774.041666666666
10708.125
10704.333333333334
10720.958333333334
10735.416666666666
10704.125
10673.916666666666
10726.25
10746.375
10761.166666666666
10792.958333333334
10813.083333333334
10815.0
10792.416666666666
10774.583333333334
10757.166666666666
10742.25
10727.041666666666
10747.166666666666
10728.0
