13500.088709677419
13472.33064516129
13551.3125
13568.282258064517
13684.755555555555
13840.720430107527
13810.1875
13780.201612903225
13793.280913978495
13813.620833333332
13840.435483870968
13788.386111111111
13770.819892473119
13642.34811827957
13453.092261904761
13412.354838709678
13319.115277777777
13417.161290322581
13384.482614742697
13411.697580645161
13321.521678321678
13318.55
13344.81317204301
13293.670833333334
13163.944892473119
13152.106182795698
13199.590773809523
13014.005376344086
12802.104166666666
13045.368279569893
12763.040277777778
12846.591397849463
12871.887096774193
12855.206944444444
12791.23252688172
12918.716666666667
12988.98252688172
12854.967741935483
12706.656609195403
12297.600806451614
12734.5875
12919.529569892473
12760.38942976356
12363.290190735695
12401.440860215054
12584.716666666667
12585.602150537634
12528.552777777777
12533.081989247312
12669.6763425254
12679.037202380952
12498.452956989247
12547.309722222222
12295.208333333334
12285.548611111111
12401.024193548386
12448.569892473119
12480.081944444444
12640.694892473119
12555.409722222223
12408.756720430107
12352.15994623656
12142.188988095239
12196.76747311828
12273.266666666666
12537.977150537634
12375.166666666666
12464.84811827957
12579.423387096775
12466.059722222222
12452.79702300406
12378.24861111111
12030.819892473119
12157.298387096775
12161.044709388972
11978.202956989247
12140.156944444445
12409.196236559139
12383.8410041841
12552.322580645161
12565.822580645161
12582.034722222223
12496.286290322581
12430.386111111111
12428.806451612903
12566.60752688172
12628.919308357348
12742.525537634408
12784.18611111111
12988.275800711745
13169.208333333334
13103.069892473119
13168.376344086022
13117.168055555556
13212.935483870968
13187.416666666666
13164.323924731183
13185.930107526881
13244.737654320988
13257.744623655914
13244.743055555555
13396.801075268817
13515.008333333333
13424.504032258064
13262.108870967742
13128.301388888889
13233.287465940055
13318.793055555556
13211.33064516129
13730.68682795699
13766.316964285714
13765.252688172042
13898.0875
13869.329715061058
13941.59908883827
13902.799249530957
13873.467741935483
13857.370833333332
13894.00940860215
13858.281944444445
13804.276712328767
13539.650537634408
13533.203869047618
13644.993215739485
13709.711021505376
13864.023611111112
14003.551515151516
14601.271428571428
14496.75
14438.708978328174
14548.49081803005
