13538.166666666666
13571.333333333334
13529.958333333334
13476.083333333334
13442.208333333334
13370.625
13406.5
13461.875
13503.958333333334
13507.041666666666
13498.083333333334
13491.25
13505.666666666666
13529.791666666666
13551.208333333334
13573.583333333334
13441.708333333334
13436.541666666666
13477.916666666666
13505.708333333334
13477.875
13504.791666666666
13483.833333333334
13466.791666666666
13488.583333333334
13530.041666666666
13547.125
13567.916666666666
13577.666666666666
13571.541666666666
13467.375
13439.625
13407.791666666666
13395.625
13400.125
13410.708333333334
13458.083333333334
13490.916666666666
13491.416666666666
13466.333333333334
13457.333333333334
13468.375
13507.375
13475.791666666666
13451.583333333334
13400.666666666666
13430.166666666666
13425.791666666666
13426.041666666666
13361.041666666666
13376.375
13435.75
13522.5
13575.583333333334
13586.541666666666
13607.75
13535.583333333334
13511.166666666666
13569.166666666666
13525.208333333334
13534.625
13497.208333333334
13517.666666666666
13539.125
13528.0
13478.541666666666
13530.666666666666
13539.666666666666
13553.333333333334
13564.041666666666
13570.666666666666
13597.583333333334
13595.333333333334
13610.666666666666
13612.208333333334
13591.291666666666
13523.125
13538.416666666666
13560.0
13580.041666666666
13625.0
13595.583333333334
13557.708333333334
13512.833333333334
13487.75
13512.125
13563.458333333334
13535.333333333334
13494.083333333334
13522.5
13507.208333333334
13520.416666666666
13515.291666666666
13562.416666666666
13591.791666666666
13605.083333333334
13589.125
13586.708333333334
13656.125
13670.416666666666
13642.458333333334
13548.833333333334
13506.5
13534.958333333334
13540.125
13545.583333333334
13556.875
13588.708333333334
13594.666666666666
13608.083333333334
13505.583333333334
13526.833333333334
13486.291666666666
13493.916666666666
13530.208333333334
13556.791666666666
13591.75
13605.25
13597.083333333334
13600.083333333334
13651.583333333334
13667.875
13659.166666666666
13674.458333333334
13639.75
13576.75
13615.291666666666
13656.291666666666
13689.5
13630.958333333334
13587.25
13603.75
13623.916666666666
13646.916666666666
13700.875
13694.541666666666
13666.333333333334
13603.583333333334
13573.25
13629.458333333334
13680.958333333334
13710.416666666666
13747.5
13796.083333333334
13756.666666666666
13763.208333333334
13763.125
13773.083333333334
13803.958333333334
13795.958333333334
13811.791666666666
13830.291666666666
13824.458333333334
13835.958333333334
13832.625
13853.125
13830.791666666666
13795.791666666666
13780.458333333334
13772.333333333334
13810.625
13845.416666666666
13878.291666666666
13917.166666666666
13903.416666666666
13834.333333333334
13814.541666666666
13827.083333333334
13875.666666666666
13869.875
13865.958333333334
13797.375
13792.166666666666
13794.291666666666
13816.791666666666
13856.708333333334
13894.791666666666
13886.916666666666
13901.0
13845.5
13838.375
13840.208333333334
13872.125
13859.125
13862.208333333334
13765.958333333334
13841.708333333334
13843.5
13832.708333333334
13827.583333333334
13870.375
13863.833333333334
13885.583333333334
13886.333333333334
13878.791666666666
13829.75
13877.416666666666
13864.458333333334
13785.791666666666
13790.291666666666
13770.125
13812.625
13800.583333333334
13789.916666666666
13752.75
13765.875
13709.5
13733.041666666666
13751.291666666666
13736.625
13704.583333333334
13741.166666666666
13716.875
13713.875
13728.333333333334
13754.541666666666
13770.416666666666
13780.291666666666
13767.833333333334
13760.5
13847.083333333334
13817.708333333334
13780.25
13791.75
13779.666666666666
13738.625
13773.75
13786.5
13815.666666666666
13819.625
13811.041666666666
13869.375
13800.375
13783.708333333334
13723.0
13711.541666666666
13747.5
13769.208333333334
13783.666666666666
13821.083333333334
13818.75
13795.041666666666
13808.666666666666
13818.666666666666
13866.5
13858.666666666666
13820.291666666666
13752.125
13675.083333333334
13712.541666666666
13697.958333333334
13706.208333333334
13755.833333333334
13791.208333333334
13818.833333333334
13820.041666666666
13825.25
13825.875
13861.875
13855.25
13871.25
13849.0
13793.375
13770.625
13806.666666666666
13761.041666666666
13817.375
13793.333333333334
13766.875
13779.541666666666
13774.916666666666
13790.5
13779.791666666666
13775.208333333334
13797.083333333334
13810.666666666666
13849.375
13774.916666666666
13776.583333333334
13806.0
13837.0
13882.0
13817.166666666666
13794.708333333334
13714.458333333334
13751.708333333334
13837.625
13784.083333333334
13749.083333333334
13749.583333333334
13760.625
13788.833333333334
13833.583333333334
13875.833333333334
13798.25
13785.333333333334
13815.791666666666
13876.0
13900.25
13960.541666666666
13810.75
13811.958333333334
13838.5
13820.333333333334
13809.541666666666
13853.833333333334
13856.458333333334
13802.041666666666
13790.958333333334
13831.75
13852.208333333334
13855.541666666666
13838.583333333334
13876.333333333334
13862.416666666666
13787.125
13804.125
13814.791666666666
13819.041666666666
13804.208333333334
13851.333333333334
13894.5
13910.708333333334
13904.458333333334
13896.666666666666
13841.0
13803.875
13837.25
13820.125
13845.25
13868.458333333334
13860.958333333334
13801.916666666666
13824.875
13833.166666666666
13834.833333333334
13806.25
13784.541666666666
13784.5
13732.166666666666
13760.666666666666
13783.541666666666
13798.666666666666
13791.458333333334
13777.125
13770.583333333334
13804.458333333334
13814.25
13801.541666666666
13837.75
13811.541666666666
13827.291666666666
13813.125
13832.625
13788.75
13746.375
13765.875
13763.583333333334
13795.291666666666
13727.125
13748.541666666666
13756.166666666666
13785.375
13803.916666666666
13803.666666666666
13798.625
13797.208333333334
13745.375
13774.291666666666
13812.333333333334
13789.375
13787.083333333334
13799.166666666666
13816.416666666666
13841.208333333334
13858.833333333334
13869.041666666666
13829.625
13835.958333333334
13783.5
13792.958333333334
13773.458333333334
13743.958333333334
13715.833333333334
13764.0
13781.833333333334
13761.458333333334
13746.875
13739.916666666666
13689.375
13615.541666666666
13625.625
13680.541666666666
13746.916666666666
13787.666666666666
13791.416666666666
13769.25
13705.041666666666
13741.708333333334
13737.541666666666
13744.416666666666
13762.875
13740.916666666666
13769.291666666666
13789.708333333334
13711.708333333334
13647.583333333334
13638.291666666666
13616.625
13616.083333333334
13658.25
13676.583333333334
13678.458333333334
13704.958333333334
13739.375
13624.0
13505.416666666666
13447.208333333334
13475.416666666666
13524.708333333334
13547.625
13567.375
13544.5
13553.875
13555.666666666666
13551.958333333334
13566.375
13536.041666666666
13522.458333333334
13534.75
13535.541666666666
13538.875
13472.291666666666
13496.916666666666
13453.916666666666
13498.083333333334
13536.0
13467.833333333334
13421.083333333334
13357.666666666666
13356.75
13415.166666666666
13409.958333333334
13361.5
13383.166666666666
13373.166666666666
13353.291666666666
13322.791666666666
13406.875
13483.291666666666
13486.041666666666
13521.333333333334
13502.666666666666
13483.666666666666
13455.458333333334
13426.125
13390.25
13412.791666666666
13412.5
13422.541666666666
13426.375
13394.0
13432.125
13459.416666666666
13384.208333333334
13345.916666666666
13343.208333333334
13378.083333333334
13405.666666666666
13412.333333333334
13428.625
13392.166666666666
13391.583333333334
13370.0
13364.916666666666
13421.333333333334
13437.291666666666
13454.166666666666
13495.375
13426.583333333334
13403.083333333334
13401.125
13364.791666666666
13467.25
13476.458333333334
13442.708333333334
13442.791666666666
13322.708333333334
13312.625
13321.541666666666
13220.666666666666
13093.25
13247.625
13277.666666666666
13321.625
13293.625
13329.25
13271.666666666666
13284.625
13264.291666666666
13212.916666666666
13243.5
13261.208333333334
13277.708333333334
13345.291666666666
13371.916666666666
13372.333333333334
13337.958333333334
13329.666666666666
13380.125
13390.833333333334
13405.583333333334
13407.75
13421.0
13435.875
13375.833333333334
13439.375
13433.125
13365.0
13322.791666666666
13342.416666666666
13371.416666666666
13410.25
13413.25
13430.0
13464.625
13455.708333333334
13414.791666666666
13442.166666666666
13431.208333333334
13455.166666666666
13475.5
13494.458333333334
13496.291666666666
13395.958333333334
13338.458333333334
13373.708333333334
13351.708333333334
13391.166666666666
13493.75
13527.958333333334
13481.833333333334
13471.0
13491.5
13314.916666666666
13297.75
13344.75
13427.083333333334
13437.416666666666
13429.625
13328.708333333334
13361.083333333334
13334.708333333334
13345.416666666666
13374.333333333334
13411.375
13407.625
13403.666666666666
13395.041666666666
13394.166666666666
13451.0
13417.791666666666
13367.625
13365.5
13351.583333333334
13359.5
13407.333333333334
13346.916666666666
13333.666666666666
13395.291666666666
13432.875
13445.25
13395.916666666666
13352.875
13332.375
13374.583333333334
13352.826086956522
13380.75
13417.416666666666
13366.666666666666
13361.458333333334
13381.083333333334
13387.791666666666
13399.458333333334
13414.541666666666
13381.875
13441.416666666666
13432.083333333334
13470.125
13472.666666666666
13429.833333333334
13337.875
13406.833333333334
13439.666666666666
13440.625
13488.416666666666
13482.958333333334
13477.958333333334
13466.416666666666
13447.416666666666
13363.958333333334
13395.916666666666
13414.5
13394.208333333334
13362.208333333334
13366.666666666666
13357.291666666666
13382.541666666666
13406.166666666666
13403.727272727272
13349.75
13008.208333333334
13028.0
13124.125
13260.375
13312.375
13348.125
13363.333333333334
13265.458333333334
13313.25
13298.958333333334
13351.0
13399.291666666666
13379.958333333334
13430.916666666666
13414.0
13396.958333333334
13421.875
13417.041666666666
13389.916666666666
13412.958333333334
13342.458333333334
13285.75
13320.708333333334
13302.541666666666
13288.083333333334
13300.666666666666
13337.916666666666
13356.625
13340.5
13355.708333333334
13361.291666666666
13403.958333333334
13435.166666666666
13420.75
13331.375
13351.375
13338.666666666666
13307.0
13312.958333333334
13331.291666666666
13332.291666666666
13342.375
13288.208333333334
13229.416666666666
13206.875
13253.708333333334
13305.791666666666
13347.625
13345.916666666666
13348.958333333334
13306.875
13298.041666666666
13240.166666666666
13296.916666666666
13272.833333333334
13238.625
13272.083333333334
13339.75
13363.5
13370.708333333334
13407.166666666666
13452.458333333334
13373.541666666666
13292.958333333334
13324.625
13358.791666666666
13400.625
13431.958333333334
13429.5
13332.25
13332.291666666666
13361.166666666666
13404.291666666666
13394.666666666666
13314.083333333334
13368.833333333334
13336.875
13377.791666666666
13364.041666666666
13371.041666666666
13288.916666666666
13225.958333333334
13221.25
13248.375
13307.0
13309.125
13339.5
13334.208333333334
13251.708333333334
13143.958333333334
13220.416666666666
13246.5
13285.166666666666
13319.708333333334
13367.875
13376.5
13376.25
13366.083333333334
13395.208333333334
13334.875
13327.5
13328.416666666666
13309.875
13253.666666666666
13256.833333333334
13310.0
13289.666666666666
13320.666666666666
13286.416666666666
13356.166666666666
13389.125
13328.625
13304.791666666666
13252.708333333334
13251.875
13237.875
13143.416666666666
13194.458333333334
13235.5
13222.041666666666
13232.041666666666
13242.5
13225.666666666666
13222.041666666666
13192.208333333334
13191.166666666666
13208.416666666666
13239.041666666666
13297.041666666666
13320.083333333334
13309.333333333334
13172.458333333334
13095.083333333334
13006.625
13039.958333333334
13098.0
13095.833333333334
13121.75
13122.916666666666
13134.666666666666
13145.583333333334
13191.708333333334
13156.875
13162.541666666666
13144.583333333334
13113.75
13090.541666666666
13080.708333333334
13107.791666666666
13099.333333333334
13123.166666666666
13152.708333333334
13124.416666666666
13149.208333333334
13190.833333333334
13208.666666666666
13159.916666666666
13160.958333333334
13177.458333333334
13197.458333333334
13209.833333333334
13203.583333333334
13194.25
13068.708333333334
13099.25
13149.208333333334
13116.708333333334
13167.125
13174.708333333334
13166.375
13142.458333333334
13119.25
13125.541666666666
13063.791666666666
13092.625
13123.583333333334
13113.0
13181.875
13209.5
13220.0
13129.125
13070.875
13026.166666666666
13125.333333333334
13140.958333333334
13101.666666666666
13167.416666666666
13189.25
13250.25
13263.416666666666
13333.458333333334
13291.625
13284.166666666666
13322.375
13365.583333333334
13278.625
13351.916666666666
13392.0
12946.166666666666
12878.583333333334
12983.625
13079.375
13191.583333333334
13237.916666666666
13287.666666666666
13267.666666666666
13254.666666666666
13253.666666666666
13252.541666666666
13236.041666666666
13104.375
13137.875
13133.125
13106.5
13069.458333333334
13123.208333333334
13183.166666666666
13175.916666666666
13107.5
12992.25
13011.666666666666
12917.083333333334
12953.791666666666
12955.291666666666
12970.416666666666
12941.333333333334
12900.208333333334
12949.25
12974.958333333334
12970.916666666666
12965.25
13029.666666666666
13043.833333333334
13003.041666666666
12973.458333333334
12961.083333333334
12969.25
13031.416666666666
12736.083333333334
12806.75
12873.875
12802.958333333334
12691.125
12695.541666666666
12736.958333333334
12625.0
12564.125
12527.583333333334
12661.458333333334
12745.875
12765.416666666666
12716.666666666666
12717.958333333334
12762.416666666666
12821.916666666666
12857.208333333334
12887.708333333334
12943.0
12963.666666666666
12851.5
12830.25
12809.083333333334
12868.708333333334
12848.125
12902.541666666666
12912.291666666666
12926.458333333334
12931.583333333334
12981.208333333334
12840.916666666666
12790.916666666666
12782.833333333334
12791.5
12848.458333333334
12959.0
13026.833333333334
13060.041666666666
13094.916666666666
13110.375
13099.833333333334
13117.083333333334
13128.916666666666
13151.0
13150.458333333334
13140.333333333334
13079.625
13098.041666666666
13084.083333333334
13082.458333333334
13064.625
13060.375
13067.333333333334
13100.208333333334
13120.333333333334
13146.958333333334
13165.958333333334
13149.291666666666
13072.083333333334
12976.0
12947.25
12939.291666666666
12953.875
12997.666666666666
13016.541666666666
13123.0
12812.541666666666
12878.208333333334
12945.5
12924.083333333334
12928.708333333334
12732.375
12694.083333333334
12815.291666666666
12864.541666666666
12805.291666666666
12822.041666666666
12821.708333333334
12547.541666666666
12524.416666666666
12638.75
12672.875
12775.0
12731.166666666666
12492.5
12305.875
12431.083333333334
12572.791666666666
12691.166666666666
12804.25
12778.875
12789.458333333334
12803.791666666666
12824.416666666666
12835.458333333334
12834.625
12852.166666666666
12866.0
12840.708333333334
12888.333333333334
12934.583333333334
12968.958333333334
12778.041666666666
12700.25
12751.625
12790.666666666666
12736.166666666666
12776.5
12859.791666666666
12866.958333333334
12866.25
12798.208333333334
12737.625
12764.916666666666
12841.458333333334
12892.166666666666
12917.333333333334
12951.208333333334
12966.958333333334
12950.583333333334
12926.375
12917.541666666666
12804.666666666666
12825.625
12874.75
12899.541666666666
12929.083333333334
12913.625
12458.25
12631.208333333334
12772.666666666666
12849.75
12853.208333333334
12870.041666666666
12839.375
12864.791666666666
12870.708333333334
12853.208333333334
12786.833333333334
12780.041666666666
12796.458333333334
12862.375
12927.541666666666
12965.5
12952.958333333334
12951.875
12927.291666666666
12965.083333333334
12987.416666666666
12965.625
12952.291666666666
12966.5
12955.333333333334
12979.541666666666
13042.875
13098.916666666666
13048.0
13003.666666666666
13003.0
13008.125
12966.583333333334
13023.833333333334
13016.708333333334
12756.583333333334
12717.666666666666
12768.791666666666
12743.916666666666
12691.041666666666
12731.458333333334
12828.25
12840.041666666666
12629.291666666666
12864.458333333334
12903.916666666666
12979.875
13044.875
13049.416666666666
13015.25
13007.625
12756.0
12462.0
12504.458333333334
12552.041666666666
12597.541666666666
12683.541666666666
12692.625
12700.583333333334
12740.916666666666
12637.666666666666
12578.666666666666
12641.958333333334
12697.583333333334
12613.0
12612.208333333334
12646.75
12689.208333333334
12737.916666666666
12745.541666666666
12685.25
12725.083333333334
12795.833333333334
12861.458333333334
12938.208333333334
12985.666666666666
13033.958333333334
13060.708333333334
13079.458333333334
13138.791666666666
12589.166666666666
12655.166666666666
12782.916666666666
12881.625
12981.625
13007.5
12907.625
12858.625
12718.875
12765.875
12850.583333333334
12894.791666666666
12914.708333333334
12916.958333333334
12906.291666666666
12967.125
12952.833333333334
12892.083333333334
12916.25
12890.041666666666
12976.041666666666
12999.416666666666
12909.75
12931.666666666666
12959.75
12945.625
13016.0
12998.208333333334
12950.208333333334
12942.458333333334
12955.083333333334
12934.5
12969.625
12928.375
13001.541666666666
12849.666666666666
12848.541666666666
12957.083333333334
12930.833333333334
12889.333333333334
12950.958333333334
12876.708333333334
12944.375
12988.583333333334
13008.25
12995.791666666666
13024.75
12992.708333333334
12967.416666666666
12999.666666666666
13100.0
13137.541666666666
13140.041666666666
13142.291666666666
13129.958333333334
13066.958333333334
13060.416666666666
12996.416666666666
12941.5
12931.958333333334
12975.416666666666
12959.958333333334
13002.875
12991.5
12941.541666666666
12942.625
12833.791666666666
12837.208333333334
12862.25
12783.75
12792.333333333334
12792.708333333334
12823.666666666666
12907.458333333334
12962.333333333334
12973.458333333334
12995.75
13021.25
12991.375
13014.208333333334
12970.25
12987.875
13064.25
13062.875
13032.833333333334
13082.291666666666
13100.166666666666
13055.75
13012.708333333334
12856.041666666666
12639.75
12686.708333333334
12504.916666666666
12505.75
12677.041666666666
12658.166666666666
12670.291666666666
12608.5
12407.291666666666
12214.75
12294.625
12486.25
12647.166666666666
12751.666666666666
12810.916666666666
12766.875
12772.041666666666
12834.958333333334
12816.208333333334
12789.25
12767.958333333334
12768.75
12718.75
12524.833333333334
12616.916666666666
12666.333333333334
12704.125
12746.791666666666
12787.791666666666
12837.0
12918.041666666666
12894.25
12924.25
12929.208333333334
12876.625
12659.625
12468.625
12498.458333333334
12568.125
12625.166666666666
12681.416666666666
12666.875
12679.0
12644.291666666666
12606.666666666666
12025.166666666666
11092.583333333334
11427.875
11667.041666666666
11560.333333333334
11463.708333333334
11869.666666666666
11984.708333333334
11943.5
12157.208333333334
12298.541666666666
12291.75
12376.625
12486.333333333334
12578.416666666666
12642.083333333334
12623.25
12616.916666666666
12622.583333333334
12670.041666666666
12592.416666666666
12600.583333333334
12583.166666666666
12579.583333333334
12618.833333333334
12600.083333333334
12599.541666666666
12660.083333333334
12524.666666666666
12342.333333333334
12483.541666666666
12555.666666666666
12577.291666666666
12602.291666666666
12593.75
12677.333333333334
12721.125
12840.333333333334
12908.583333333334
12957.041666666666
12994.291666666666
12967.125
13007.875
13007.291666666666
12885.041666666666
12817.958333333334
12815.583333333334
12834.416666666666
12709.416666666666
12581.0
12684.5
12736.708333333334
12821.291666666666
12912.625
12980.541666666666
13031.333333333334
12995.0
12901.875
12909.375
12947.583333333334
12971.208333333334
12964.083333333334
12915.25
12985.958333333334
13009.541666666666
12959.041666666666
12866.875
12925.416666666666
12981.625
12940.875
13018.916666666666
12853.0
12889.916666666666
12863.083333333334
12863.083333333334
12828.625
12843.916666666666
12893.375
12868.75
12931.916666666666
12960.875
12980.333333333334
12956.833333333334
12852.875
12614.333333333334
12651.208333333334
12693.625
12691.782608695652
12711.291666666666
12678.125
12639.666666666666
12656.5
12673.125
12649.708333333334
12665.416666666666
12740.25
12830.041666666666
12879.166666666666
12890.375
12909.041666666666
12837.125
12483.5
12593.291666666666
12652.625
12776.291666666666
12811.625
12797.208333333334
12862.5
12911.5
12865.708333333334
12874.333333333334
12854.25
12847.583333333334
12865.583333333334
12816.375
12781.041666666666
12734.458333333334
12783.333333333334
12650.916666666666
12473.0
12559.9
12524.833333333334
12508.0
12402.375
12535.25
12590.458333333334
12630.0
12673.083333333334
12638.708333333334
12096.5
12072.625
12275.833333333334
12256.166666666666
12139.75
12034.166666666666
11969.708333333334
11978.75
12010.916666666666
12171.708333333334
12278.625
12306.208333333334
12242.708333333334
12161.333333333334
12225.375
12291.666666666666
12324.791666666666
12305.291666666666
12303.875
12324.666666666666
12293.333333333334
12306.125
12317.5
12331.875
12372.833333333334
12366.708333333334
12371.333333333334
12383.583333333334
12423.166666666666
12372.208333333334
12294.833333333334
12360.166666666666
12366.916666666666
12382.666666666666
12444.25
12391.875
12370.25
12358.541666666666
12405.916666666666
12445.625
12423.75
12451.375
12475.833333333334
12451.125
12517.083333333334
12573.625
12601.333333333334
12657.0
12629.958333333334
12644.541666666666
12544.375
12349.541666666666
12155.666666666666
12254.5
12376.125
12506.333333333334
12569.458333333334
12594.583333333334
12611.208333333334
12662.75
12609.875
12574.208333333334
12600.583333333334
12661.0
12643.583333333334
12654.958333333334
12570.458333333334
12581.125
12603.833333333334
12632.625
12663.75
12697.75
12710.166666666666
12678.583333333334
12623.916666666666
12673.75
12723.208333333334
12739.083333333334
12556.791666666666
12514.833333333334
12646.708333333334
12695.541666666666
12750.25
12723.375
12553.916666666666
12424.833333333334
12497.083333333334
12409.708333333334
12526.958333333334
12481.958333333334
12325.333333333334
12390.958333333334
12413.291666666666
12475.833333333334
12561.125
12553.125
12555.541666666666
12587.375
12593.958333333334
12641.375
12685.416666666666
12702.708333333334
12738.041666666666
12707.875
12716.833333333334
12674.708333333334
12677.083333333334
12664.583333333334
12706.541666666666
12546.083333333334
12585.958333333334
12618.791666666666
12628.5
12605.75
12650.208333333334
12653.375
12690.083333333334
12769.958333333334
12753.25
12743.625
12797.166666666666
12577.625
12461.75
12441.916666666666
12525.666666666666
12553.083333333334
12575.0
12570.0
12513.958333333334
12517.541666666666
12543.25
12536.875
12225.958333333334
12186.458333333334
12229.291666666666
12254.875
12333.041666666666
12351.541666666666
12416.0
12442.041666666666
12355.708333333334
12364.208333333334
12359.75
12382.083333333334
12483.791666666666
12585.041666666666
12634.916666666666
12587.166666666666
12572.333333333334
12582.0
12554.541666666666
12576.291666666666
12511.041666666666
12490.916666666666
12469.291666666666
12533.458333333334
12549.583333333334
12486.666666666666
12434.208333333334
12443.25
12522.958333333334
12598.041666666666
12623.416666666666
12646.583333333334
12661.458333333334
12631.583333333334
12631.958333333334
12597.416666666666
12618.083333333334
12595.75
12587.25
12618.958333333334
12638.166666666666
12672.041666666666
12712.833333333334
12734.666666666666
12687.666666666666
12712.416666666666
12723.166666666666
12756.583333333334
12757.041666666666
12770.291666666666
12764.5
12748.708333333334
12736.875
12750.791666666666
12579.791666666666
12529.375
12510.625
12522.208333333334
12599.375
12631.166666666666
12675.208333333334
12724.333333333334
12728.791666666666
12661.833333333334
12563.041666666666
12568.266666666666
12695.0
12714.5
12724.5
12705.25
12693.416666666666
12697.208333333334
12722.166666666666
12701.583333333334
12707.833333333334
12647.0
12666.916666666666
12693.541666666666
12712.0
12714.875
12711.375
12705.666666666666
12708.958333333334
12662.833333333334
12615.166666666666
12605.625
12637.333333333334
12678.875
12637.166666666666
12659.708333333334
12698.916666666666
12685.375
12680.166666666666
12650.583333333334
12645.458333333334
12643.541666666666
12652.5
12628.208333333334
12628.875
12625.0
12657.375
12736.041666666666
12744.208333333334
12737.375
12717.541666666666
12712.75
12723.375
12767.375
12774.25
12721.041666666666
12508.833333333334
12460.0
12237.541666666666
12028.291666666666
11983.625
12071.25
12165.541666666666
12234.625
12306.625
12388.166666666666
12419.833333333334
12414.458333333334
12430.375
12468.666666666666
12529.541666666666
12468.0
12510.75
12563.833333333334
12583.125
12645.791666666666
12688.875
12688.208333333334
12635.208333333334
12640.0
12621.583333333334
12629.5
12601.291666666666
12555.458333333334
12581.125
12641.75
12343.0
12268.333333333334
12371.666666666666
12401.041666666666
12438.916666666666
12467.125
12526.25
12565.0
12526.0
12508.0
12408.291666666666
12442.0
12526.125
12570.916666666666
12638.666666666666
12712.875
12629.333333333334
12553.333333333334
12501.125
12512.25
12495.458333333334
12533.75
12504.666666666666
12402.25
12454.833333333334
12476.541666666666
12520.166666666666
12497.5
12461.833333333334
12431.416666666666
12396.958333333334
12329.541666666666
12138.25
12179.666666666666
12057.541666666666
12041.541666666666
12074.708333333334
12026.291666666666
12092.625
12113.375
12124.75
12065.083333333334
11954.375
12066.25
12193.708333333334
12237.666666666666
12310.75
12403.25
12267.25
12215.5
12263.875
12275.833333333334
12302.208333333334
12228.5
12100.041666666666
12142.083333333334
12156.416666666666
12129.458333333334
12203.625
12258.708333333334
12322.375
12340.791666666666
12357.083333333334
12324.416666666666
12353.541666666666
12413.208333333334
12455.041666666666
12484.041666666666
12480.0
12511.5
12345.166666666666
12141.708333333334
12293.875
12216.625
12306.833333333334
12147.958333333334
12218.666666666666
12310.125
12382.416666666666
12407.625
12466.5
12472.125
12357.0
12365.791666666666
12373.0
12402.25
12426.791666666666
12280.333333333334
12268.75
12256.541666666666
12067.375
12163.083333333334
12219.291666666666
12287.5
12396.333333333334
12409.041666666666
12480.083333333334
12538.083333333334
12541.958333333334
12547.583333333334
12555.791666666666
12590.208333333334
12592.5
12520.458333333334
12509.375
12461.916666666666
12374.416666666666
12354.916666666666
12362.708333333334
12420.833333333334
12437.125
12431.375
12311.833333333334
12302.958333333334
12385.875
12427.666666666666
12515.541666666666
12553.291666666666
12465.458333333334
12438.625
12491.125
12520.75
12503.291666666666
12491.791666666666
12507.25
12520.583333333334
12511.708333333334
12564.041666666666
12597.666666666666
12496.166666666666
12479.0
12505.166666666666
12287.5
12330.041666666666
12391.333333333334
12399.5
12417.375
12472.375
12375.333333333334
12353.083333333334
12331.708333333334
12308.708333333334
12276.208333333334
12145.916666666666
12232.583333333334
12289.125
12329.791666666666
12358.0
12427.041666666666
12506.583333333334
12506.666666666666
12493.25
12526.5
12564.708333333334
12558.166666666666
12578.166666666666
12538.666666666666
12499.208333333334
12466.166666666666
12498.875
12535.708333333334
12605.25
12548.833333333334
12549.875
12599.416666666666
12600.583333333334
12629.166666666666
12632.208333333334
12633.125
12632.25
12670.375
12483.25
12460.75
12572.958333333334
12594.875
12681.583333333334
12683.083333333334
12680.166666666666
12586.208333333334
12570.291666666666
12720.375
12772.208333333334
12741.416666666666
12689.666666666666
12488.666666666666
12494.958333333334
12556.708333333334
12577.625
12593.625
12679.541666666666
12760.416666666666
12729.791666666666
12744.5
12643.166666666666
12643.5
12691.708333333334
12776.291666666666
12769.75
12665.708333333334
12572.333333333334
12566.041666666666
12589.25
12620.583333333334
12674.458333333334
12654.125
12674.916666666666
12651.416666666666
12644.583333333334
12669.458333333334
12549.458333333334
12528.916666666666
12387.416666666666
12357.166666666666
12422.541666666666
12408.583333333334
12442.166666666666
12529.291666666666
12583.458333333334
12609.541666666666
12636.5
12676.791666666666
12658.708333333334
12659.75
12604.375
12521.25
12530.583333333334
12526.541666666666
12407.708333333334
12421.541666666666
12487.458333333334
12533.75
12337.416666666666
12295.166666666666
12342.333333333334
12417.875
12489.083333333334
12495.0
12472.208333333334
12315.166666666666
12319.041666666666
12376.875
12351.75
12488.791666666666
12537.416666666666
12448.5
12100.666666666666
12149.541666666666
12291.25
12412.875
12414.208333333334
12414.541666666666
12443.25
12415.625
12373.333333333334
12454.625
12438.791666666666
12425.75
12475.5
12514.416666666666
12554.791666666666
12563.333333333334
12542.333333333334
12454.625
12328.625
12412.041666666666
12477.5
12513.333333333334
12532.333333333334
12487.583333333334
12408.458333333334
12366.75
12265.291666666666
12164.708333333334
12213.875
12275.125
12396.583333333334
12384.791666666666
12407.166666666666
12398.083333333334
12408.041666666666
12431.75
12426.041666666666
12402.291666666666
12341.375
12274.041666666666
12275.291666666666
12224.75
12299.541666666666
12281.291666666666
12211.333333333334
12226.791666666666
12294.416666666666
12333.125
12380.458333333334
12399.916666666666
12366.875
12298.583333333334
12262.958333333334
12163.416666666666
12287.333333333334
12290.083333333334
12356.416666666666
12409.75
12299.75
12214.666666666666
12216.666666666666
12220.833333333334
12154.916666666666
11907.5
11982.416666666666
12079.5
12123.916666666666
11835.5
11858.875
11880.666666666666
11965.041666666666
11967.916666666666
12001.291666666666
12054.625
12098.125
11903.291666666666
11769.875
11810.083333333334
11878.291666666666
11952.833333333334
12011.75
12084.416666666666
12154.916666666666
12224.208333333334
12265.125
12318.0
12317.375
12259.5
12191.75
12140.0
12168.875
12172.958333333334
12229.5
12294.375
12324.458333333334
12326.25
12358.833333333334
12361.708333333334
12246.583333333334
12314.5
12254.583333333334
12192.791666666666
12227.291666666666
12198.0
12267.208333333334
12387.458333333334
12396.291666666666
12403.208333333334
12428.708333333334
12446.333333333334
12404.583333333334
12327.833333333334
12138.291666666666
12163.708333333334
12123.541666666666
12087.625
12188.833333333334
12225.375
12256.416666666666
12312.458333333334
12322.166666666666
12415.708333333334
12456.333333333334
12412.125
12250.625
12039.25
12045.75
12088.5
12146.083333333334
12172.333333333334
12159.333333333334
12237.041666666666
12277.708333333334
12325.25
12399.208333333334
12470.708333333334
12472.958333333334
12597.291666666666
12657.458333333334
12635.166666666666
12566.5
12484.958333333334
12515.166666666666
12521.375
12560.125
12572.583333333334
12567.125
12610.791666666666
12683.083333333334
12734.625
12720.0
12687.291666666666
12575.75
12567.041666666666
12593.416666666666
12603.125
12580.541666666666
12527.208333333334
12542.916666666666
12383.041666666666
12304.375
12365.416666666666
12395.541666666666
12450.25
12459.75
12505.5
12409.541666666666
12300.333333333334
12415.208333333334
12503.0
12520.333333333334
12590.583333333334
12653.083333333334
12631.458333333334
12595.833333333334
12308.041666666666
12349.958333333334
12527.666666666666
12546.541666666666
12585.666666666666
12621.208333333334
12511.791666666666
12437.125
12370.208333333334
12372.291666666666
12203.958333333334
12041.25
12044.75
12087.708333333334
12157.291666666666
12182.75
12253.125
12312.25
12253.208333333334
12283.875
12311.458333333334
12290.583333333334
12292.791666666666
12362.916666666666
12415.083333333334
12430.333333333334
12406.625
12414.625
12420.5
12456.541666666666
12436.833333333334
12399.875
12314.583333333334
12395.0
12478.375
12438.958333333334
12394.25
12236.958333333334
12225.958333333334
12291.166666666666
12366.166666666666
12441.875
12490.25
12530.5
12594.166666666666
12637.583333333334
12624.541666666666
12601.875
12618.416666666666
12629.666666666666
12578.625
12568.333333333334
12606.75
12602.958333333334
12606.291666666666
12599.25
12568.791666666666
12534.458333333334
12524.416666666666
12553.375
12480.083333333334
12420.291666666666
12494.833333333334
12553.25
12500.333333333334
12430.083333333334
12381.75
12422.916666666666
12439.333333333334
12505.791666666666
12564.0
12532.041666666666
12570.166666666666
12573.541666666666
12605.458333333334
12710.708333333334
12710.541666666666
12743.25
12763.291666666666
12775.583333333334
12779.75
12660.333333333334
12649.875
12646.208333333334
12662.125
12678.333333333334
12705.583333333334
12757.833333333334
12768.0
12659.625
12502.458333333334
12309.166666666666
12331.875
12374.416666666666
12369.166666666666
12340.666666666666
12084.666666666666
11801.458333333334
11885.791666666666
12090.083333333334
12320.958333333334
12408.583333333334
12340.458333333334
12497.375
12666.416666666666
12763.791666666666
12830.583333333334
12808.5
12740.291666666666
12612.666666666666
12570.916666666666
12549.208333333334
12490.125
12416.791666666666
12306.0
12343.5
12396.625
12408.791666666666
12385.416666666666
12291.375
12310.541666666666
12354.583333333334
12408.958333333334
12455.666666666666
12412.166666666666
12469.833333333334
12523.25
12535.333333333334
12505.25
12610.083333333334
12725.666666666666
12762.958333333334
12805.375
12740.416666666666
12582.208333333334
12402.333333333334
12425.875
12476.75
12390.958333333334
12357.166666666666
12384.416666666666
12315.666666666666
12227.833333333334
12315.25
12383.105263157895
12314.833333333334
12251.041666666666
12195.125
12191.583333333334
12130.166666666666
12090.0
12052.916666666666
12169.25
12161.166666666666
12222.125
11987.625
12049.708333333334
12111.25
12295.666666666666
12404.208333333334
12367.833333333334
12434.041666666666
12573.166666666666
12705.833333333334
12777.708333333334
12780.833333333334
12733.708333333334
12587.541666666666
12532.541666666666
12502.375
12500.125
12512.625
12551.375
12535.416666666666
12486.25
12454.25
12249.666666666666
12089.083333333334
11992.833333333334
11903.291666666666
11850.875
11822.708333333334
11861.416666666666
11888.458333333334
11902.458333333334
11958.625
12091.708333333334
12085.75
12147.5
12300.791666666666
12381.291666666666
12475.333333333334
12625.041666666666
12574.416666666666
12521.625
12495.0
12294.208333333334
11753.958333333334
11558.333333333334
11559.833333333334
11707.166666666666
11753.291666666666
11795.916666666666
11890.625
11905.333333333334
11780.375
11738.5
11777.666666666666
11866.375
11978.958333333334
12005.375
12017.208333333334
12039.625
11926.291666666666
12004.333333333334
12128.291666666666
12278.583333333334
12334.75
12389.541666666666
12470.958333333334
12503.125
12544.041666666666
12395.708333333334
12341.916666666666
12286.333333333334
12297.875
12354.041666666666
12217.791666666666
12132.875
12165.041666666666
12172.791666666666
12165.5
12013.25
12031.333333333334
12058.958333333334
12000.125
11981.791666666666
11995.791666666666
11957.708333333334
11918.708333333334
11952.125
11976.75
12034.5
12063.833333333334
12082.0
12085.791666666666
12172.708333333334
12302.416666666666
12340.875
12329.625
12364.583333333334
12334.791666666666
12295.375
12315.541666666666
12223.75
12153.041666666666
12109.333333333334
12158.708333333334
12205.708333333334
12074.166666666666
12074.291666666666
12113.625
12179.625
12202.125
12250.541666666666
12240.304347826086
12221.458333333334
12101.875
12105.291666666666
12090.875
12084.958333333334
12114.75
12143.791666666666
12151.791666666666
12187.958333333334
12201.625
12125.958333333334
11978.208333333334
11958.291666666666
11969.375
12057.458333333334
12070.666666666666
11732.291666666666
11629.0
11713.791666666666
11837.458333333334
11850.875
11792.083333333334
11797.166666666666
11858.958333333334
11979.166666666666
11990.541666666666
11898.125
11939.583333333334
11882.25
11931.25
11927.416666666666
11839.625
11956.625
11997.291666666666
12123.875
12183.875
12196.083333333334
12198.708333333334
12206.0
12113.75
11905.833333333334
11890.708333333334
11973.375
12018.875
12071.583333333334
12072.541666666666
12100.375
12113.083333333334
12118.083333333334
12184.0
12246.916666666666
12226.833333333334
12192.833333333334
12188.791666666666
12240.083333333334
12265.958333333334
12289.416666666666
12294.0
12295.958333333334
12358.791666666666
12340.833333333334
12358.708333333334
12348.708333333334
12366.833333333334
12366.25
12328.375
12129.833333333334
12085.25
12129.25
12216.041666666666
12219.75
12227.041666666666
12279.166666666666
12298.25
12380.041666666666
12388.375
12501.916666666666
12545.083333333334
12472.416666666666
12403.25
12348.583333333334
12419.375
12441.791666666666
12426.208333333334
12488.25
12543.375
12622.833333333334
12700.041666666666
12716.541666666666
12686.208333333334
12656.208333333334
12591.125
12546.583333333334
12566.791666666666
12537.208333333334
12562.708333333334
12570.708333333334
12580.541666666666
12589.380952380952
12561.75
12516.0
12597.125
12660.0
12697.875
12629.375
12539.083333333334
12443.583333333334
12457.0
12516.458333333334
12507.291666666666
12607.083333333334
12629.75
12638.0
12409.916666666666
11708.0
11696.916666666666
11573.75
11790.791666666666
11833.541666666666
12010.208333333334
12164.166666666666
12399.333333333334
12427.083333333334
12488.875
12519.875
12542.833333333334
12483.791666666666
12483.375
12491.208333333334
12515.791666666666
12568.916666666666
12635.333333333334
12539.75
12522.25
12345.291666666666
12358.0
12470.291666666666
12469.541666666666
12497.666666666666
12555.5
12606.875
12601.0
12596.083333333334
12564.291666666666
12609.958333333334
12636.875
12642.25
12636.333333333334
12582.916666666666
12603.083333333334
12683.541666666666
12744.291666666666
12699.125
12675.916666666666
12702.958333333334
12704.666666666666
12731.625
12778.791666666666
12806.583333333334
12698.75
12675.541666666666
12659.625
12657.416666666666
12526.916666666666
12458.208333333334
12499.0
12528.458333333334
12329.375
12276.875
12393.541666666666
12464.5
12555.25
12547.375
12535.625
12566.958333333334
12575.958333333334
12626.458333333334
12632.583333333334
12387.708333333334
12346.666666666666
12444.666666666666
12527.791666666666
12584.166666666666
12640.541666666666
12682.458333333334
12730.458333333334
12709.125
12685.541666666666
12647.75
12612.083333333334
12564.333333333334
12385.916666666666
12418.208333333334
12451.5
12362.208333333334
12356.791666666666
12386.166666666666
12429.875
12477.375
12508.458333333334
12536.625
12559.916666666666
12690.041666666666
12652.625
12732.333333333334
12670.041666666666
12664.416666666666
12602.666666666666
12613.0
12650.833333333334
12666.958333333334
12676.5
12676.416666666666
12660.416666666666
12687.916666666666
12545.208333333334
12549.208333333334
12516.416666666666
12502.5
12462.375
12453.916666666666
12506.291666666666
12513.208333333334
12467.958333333334
12496.916666666666
12469.708333333334
12424.625
12451.458333333334
12438.25
12454.625
12505.875
12545.375
12603.416666666666
12521.375
12526.583333333334
12526.291666666666
12581.958333333334
12559.666666666666
12494.125
12399.083333333334
12389.708333333334
12399.916666666666
12438.166666666666
12491.958333333334
12460.791666666666
12506.041666666666
12530.666666666666
12565.375
12399.958333333334
12453.875
12467.333333333334
12204.583333333334
12239.75
12305.833333333334
12196.083333333334
12231.333333333334
12285.5
12354.583333333334
12387.083333333334
12375.291666666666
12355.583333333334
12465.625
12522.375
12453.333333333334
12396.708333333334
12326.291666666666
12396.5
12500.458333333334
12604.666666666666
12643.875
12579.625
12493.666666666666
12537.458333333334
12537.125
12595.0
12610.25
12576.791666666666
12519.416666666666
12458.791666666666
12407.041666666666
12297.875
12243.958333333334
12290.916666666666
12335.875
12348.541666666666
12314.416666666666
12335.25
12366.458333333334
12435.5
12353.666666666666
12398.208333333334
12425.333333333334
12436.916666666666
12524.625
12267.5
12257.0
12411.166666666666
12487.416666666666
12543.708333333334
12542.25
12544.75
12547.625
12583.583333333334
12590.208333333334
12577.083333333334
12260.875
12202.5
12401.916666666666
12429.75
12462.875
12507.5
12578.375
12597.916666666666
12630.041666666666
12629.0
12585.125
12611.291666666666
12516.75
12507.375
12544.041666666666
12602.083333333334
12620.625
12560.666666666666
12530.583333333334
12450.666666666666
12501.666666666666
12445.375
12470.166666666666
12558.458333333334
12716.875
12823.916666666666
12796.541666666666
12766.958333333334
12595.416666666666
12610.291666666666
12671.083333333334
12639.0
12630.666666666666
12656.181818181818
12746.333333333334
12589.708333333334
12506.875
12520.791666666666
12595.0
12593.666666666666
12563.083333333334
12606.541666666666
12688.375
12675.0
12569.416666666666
12574.333333333334
12565.708333333334
12527.083333333334
12593.291666666666
12561.375
12541.208333333334
12560.25
12620.041666666666
12616.375
12665.083333333334
12733.166666666666
12845.0
12815.625
12765.958333333334
12673.916666666666
12640.875
12708.458333333334
12840.375
12893.375
12881.833333333334
12901.458333333334
12842.375
12693.375
12674.0
12746.75
12853.75
12810.875
12767.125
12770.041666666666
12749.0
12690.125
12654.333333333334
12597.0
12681.5
12717.708333333334
12729.75
12781.791666666666
12773.458333333334
12706.291666666666
12674.791666666666
12659.375
12603.666666666666
12609.125
12722.125
12721.708333333334
12739.25
12823.5
12872.166666666666
12934.541666666666
12878.375
12871.083333333334
12896.791666666666
12867.083333333334
12884.625
12798.0
12853.833333333334
12839.75
12729.541666666666
12734.333333333334
12697.833333333334
12549.708333333334
12579.291666666666
12584.5
12673.541666666666
12690.833333333334
12767.708333333334
12783.958333333334
12720.333333333334
12656.375
12633.541666666666
12704.958333333334
12735.875
12777.208333333334
12824.458333333334
12905.458333333334
13005.291666666666
13074.583333333334
13033.958333333334
12998.0
13016.5
12995.333333333334
13094.791666666666
13089.25
12980.541666666666
12890.791666666666
12875.666666666666
12960.25
13024.333333333334
13064.916666666666
13124.916666666666
13146.708333333334
13046.375
13037.875
12999.916666666666
12954.125
12920.958333333334
12796.625
12781.375
12895.458333333334
12984.333333333334
13029.9
13169.208333333334
13179.541666666666
13233.958333333334
13236.833333333334
13284.833333333334
13336.333333333334
13379.75
13343.583333333334
13166.25
13085.666666666666
13016.25
12943.75
12870.958333333334
12832.458333333334
12841.5
12901.833333333334
12963.125
13063.5
13105.791666666666
13186.375
12977.958333333334
12889.833333333334
12950.625
13046.125
13059.75
13106.375
13103.541666666666
13137.833333333334
13185.083333333334
13197.958333333334
13262.875
13304.916666666666
13339.875
13357.25
13106.791666666666
13156.208333333334
13229.416666666666
13142.916666666666
13091.625
13116.958333333334
13058.5
13007.583333333334
13048.166666666666
13115.291666666666
13192.166666666666
13238.083333333334
13237.458333333334
13246.791666666666
13234.041666666666
13204.583333333334
13159.833333333334
13071.291666666666
13005.666666666666
13021.666666666666
13149.958333333334
13067.958333333334
13125.875
13187.583333333334
13225.583333333334
13281.125
13318.625
13275.041666666666
13205.75
13055.166666666666
12975.916666666666
12923.375
12944.833333333334
12978.833333333334
13022.791666666666
13060.666666666666
13033.625
13083.833333333334
13177.916666666666
13199.416666666666
13188.5
13210.083333333334
13255.583333333334
13309.458333333334
13228.583333333334
13262.708333333334
13185.0
13161.25
13124.833333333334
13135.666666666666
13092.708333333334
13103.833333333334
13106.083333333334
13203.541666666666
13235.583333333334
13137.583333333334
13067.625
13021.625
13028.416666666666
13103.291666666666
13087.666666666666
13108.083333333334
13101.875
13190.666666666666
13253.458333333334
13284.041666666666
13372.375
13410.416666666666
13419.0
13440.0
13353.666666666666
13264.041666666666
13334.083333333334
13197.875
13179.875
13133.041666666666
13154.708333333334
13188.791666666666
13211.916666666666
13242.5
13348.5
13327.291666666666
13269.875
13152.958333333334
13072.75
13072.125
13080.958333333334
13037.291666666666
13084.958333333334
13122.916666666666
13208.75
13141.666666666666
13064.833333333334
13107.458333333334
13180.25
13330.916666666666
13362.625
13322.958333333334
13286.875
13224.041666666666
13233.833333333334
13261.75
13204.833333333334
13185.125
13194.916666666666
13239.25
13304.666666666666
13353.125
13368.291666666666
13376.0
13336.833333333334
13138.833333333334
13019.791666666666
12981.916666666666
12971.916666666666
12982.708333333334
13013.208333333334
13023.791666666666
13079.625
13121.708333333334
13146.375
13203.208333333334
13317.958333333334
13403.208333333334
13296.375
13255.666666666666
13297.666666666666
13311.291666666666
13210.208333333334
13140.916666666666
13146.458333333334
13126.125
13174.375
13219.208333333334
13288.708333333334
13303.75
13330.958333333334
13262.916666666666
13120.125
13043.666666666666
13008.125
13012.083333333334
13009.5
12969.791666666666
12940.5
12934.5
12996.0
13093.125
13151.958333333334
13183.416666666666
13195.875
13154.583333333334
13204.291666666666
13212.208333333334
13149.666666666666
13132.166666666666
13102.125
13137.708333333334
13141.916666666666
13163.291666666666
13201.541666666666
13237.791666666666
13287.416666666666
13282.25
13260.0
13208.625
13189.5
13187.5
13246.958333333334
13175.25
13128.375
13099.625
13101.041666666666
13142.708333333334
13183.875
13153.458333333334
13152.416666666666
13150.5
13190.375
13219.375
13317.0
13250.291666666666
13228.041666666666
13219.166666666666
13184.125
13206.166666666666
13212.458333333334
13262.708333333334
13311.458333333334
13248.041666666666
13245.125
13277.666666666666
13249.625
13243.666666666666
13197.458333333334
13237.25
13295.333333333334
13241.625
13274.5
13235.083333333334
13234.833333333334
13240.25
13245.291666666666
13227.0
13187.375
13198.958333333334
13254.416666666666
13326.541666666666
13323.75
13258.166666666666
13165.416666666666
13128.583333333334
13171.583333333334
13210.666666666666
13220.75
13237.333333333334
13246.708333333334
13253.125
13250.333333333334
13278.75
13287.833333333334
13255.541666666666
13249.958333333334
13287.208333333334
13289.291666666666
13318.875
13324.291666666666
13366.75
13386.583333333334
13280.166666666666
13199.375
13287.291666666666
13197.75
13218.25
13341.666666666666
13283.0
13281.083333333334
13275.166666666666
13241.125
13197.458333333334
13219.958333333334
13184.958333333334
13188.791666666666
13096.625
13042.166666666666
13042.666666666666
13124.708333333334
13166.458333333334
13200.208333333334
13209.791666666666
13264.916666666666
13304.666666666666
13343.125
13323.666666666666
13399.166666666666
13456.583333333334
13513.291666666666
13548.541666666666
13465.041666666666
13345.083333333334
13308.583333333334
13176.333333333334
13101.083333333334
13118.291666666666
13128.833333333334
13158.583333333334
13166.166666666666
13208.625
13236.625
13298.75
13261.125
13249.833333333334
13245.375
13271.708333333334
13270.375
13270.791666666666
13317.458333333334
13381.0
13396.125
13405.333333333334
13410.875
13467.916666666666
13530.75
13579.583333333334
13543.458333333334
13469.291666666666
13455.875
13492.666666666666
13536.083333333334
13462.291666666666
13428.541666666666
13445.5
13456.25
13454.25
13480.25
13473.333333333334
13423.666666666666
13199.041666666666
13259.166666666666
13310.333333333334
13352.583333333334
13397.208333333334
13419.166666666666
13427.083333333334
13412.583333333334
13467.291666666666
13423.25
13484.125
13554.333333333334
13552.791666666666
13594.458333333334
13636.125
13597.0
13549.875
13591.375
13645.416666666666
13640.166666666666
13573.166666666666
13514.375
13558.541666666666
13601.791666666666
13590.583333333334
13611.583333333334
13591.958333333334
13506.416666666666
13427.75
13378.791666666666
13368.083333333334
13404.083333333334
13451.166666666666
13479.708333333334
13486.041666666666
13445.0
13464.041666666666
13451.916666666666
13424.958333333334
13477.791666666666
13495.333333333334
13517.875
13541.791666666666
13578.375
13553.25
13585.708333333334
13640.333333333334
13661.458333333334
13715.083333333334
13406.958333333334
13089.666666666666
13329.833333333334
13448.25
13516.5
13496.583333333334
13367.208333333334
13302.5
13257.416666666666
13262.833333333334
13238.541666666666
13293.208333333334
13311.041666666666
13274.0
13289.791666666666
13236.333333333334
13135.625
13134.5
13185.208333333334
13161.208333333334
13194.625
13254.333333333334
13313.208333333334
13346.333333333334
13384.5
13469.541666666666
13511.75
13470.875
13491.458333333334
13504.916666666666
13439.583333333334
13408.125
13348.208333333334
13250.416666666666
13161.666666666666
13045.458333333334
13024.708333333334
13035.166666666666
13064.375
13076.75
13137.166666666666
13164.791666666666
13202.75
13264.875
13306.208333333334
13329.125
13307.916666666666
13316.083333333334
13298.916666666666
13321.333333333334
13309.833333333334
13340.25
13404.458333333334
13295.541666666666
12613.083333333334
12809.666666666666
13102.166666666666
13195.666666666666
13160.875
13139.458333333334
13088.875
12989.5
13038.416666666666
13112.291666666666
13147.041666666666
13124.041666666666
13118.25
13126.125
13171.166666666666
13159.958333333334
13132.541666666666
13083.416666666666
13141.791666666666
13065.416666666666
12941.291666666666
13012.041666666666
13089.541666666666
13099.916666666666
13141.0
13196.958333333334
13219.125
13192.75
13187.541666666666
13222.583333333334
13143.458333333334
13177.833333333334
13180.666666666666
13177.791666666666
13196.291666666666
13151.714285714286
13149.041666666666
13180.625
13239.666666666666
13311.208333333334
13346.25
13352.708333333334
13341.5
13384.541666666666
13241.208333333334
13216.166666666666
13174.5
13152.125
13224.916666666666
13237.0
13224.625
13294.791666666666
13356.041666666666
13483.375
13528.208333333334
13407.5
13350.583333333334
13289.666666666666
13266.833333333334
13297.583333333334
13289.958333333334
13211.708333333334
13185.208333333334
13150.833333333334
13214.541666666666
13236.041666666666
13244.25
13223.416666666666
13256.5
13230.25
13291.666666666666
13340.916666666666
13379.791666666666
13455.333333333334
13294.166666666666
13406.75
13469.458333333334
13509.208333333334
13384.291666666666
13414.25
13391.916666666666
13336.708333333334
13298.333333333334
13207.916666666666
13131.0
13160.208333333334
13218.291666666666
13256.083333333334
13192.5
13105.083333333334
13087.791666666666
13126.0
13155.375
13200.583333333334
13254.291666666666
13211.291666666666
13199.708333333334
13212.208333333334
13217.208333333334
13249.708333333334
13212.208333333334
13254.25
13243.0
13282.0
13293.458333333334
13354.708333333334
13371.166666666666
13307.0
13278.875
13246.375
13203.083333333334
13143.333333333334
13145.958333333334
13111.416666666666
13127.083333333334
13590.083333333334
13609.958333333334
13627.708333333334
13628.083333333334
13668.083333333334
13721.583333333334
13794.541666666666
13732.458333333334
13672.791666666666
13675.666666666666
13720.708333333334
13746.041666666666
13764.041666666666
13711.583333333334
13713.875
13773.916666666666
13869.291666666666
13928.708333333334
13969.75
13856.375
13812.666666666666
13767.958333333334
13780.041666666666
13820.208333333334
13766.041666666666
13710.375
13683.208333333334
13662.333333333334
13609.541666666666
13628.333333333334
13635.333333333334
13622.708333333334
13642.916666666666
13656.25
13682.375
13687.041666666666
13708.416666666666
13708.458333333334
13721.583333333334
13722.5
13792.208333333334
13820.0
13826.083333333334
13882.75
13890.5
13939.166666666666
13894.583333333334
13821.416666666666
13865.5
13833.333333333334
13850.125
13901.291666666666
13842.041666666666
13726.625
13693.666666666666
13683.583333333334
13655.458333333334
13689.666666666666
13696.625
13699.25
13675.041666666666
13692.541666666666
13653.958333333334
13645.0
13660.333333333334
13664.625
13686.166666666666
13742.208333333334
13728.083333333334
13797.166666666666
13848.708333333334
13882.333333333334
13869.791666666666
13890.75
13862.958333333334
13797.25
13815.0
13820.25
13868.083333333334
13907.583333333334
13892.958333333334
13687.291666666666
13675.875
13678.75
13727.291666666666
13754.75
13785.916666666666
13801.583333333334
13774.75
13736.583333333334
13803.25
13836.041666666666
13853.708333333334
13865.625
13849.875
13829.583333333334
13883.333333333334
13942.875
13961.208333333334
13942.25
13956.041666666666
13979.166666666666
13976.291666666666
13995.166666666666
14045.125
14061.541666666666
14053.416666666666
14017.75
13998.708333333334
13900.916666666666
13787.333333333334
13782.208333333334
13772.25
13784.458333333334
13831.416666666666
13859.791666666666
13818.375
13829.75
13858.083333333334
13867.083333333334
13832.583333333334
13858.041666666666
13857.416666666666
13862.5
13862.041666666666
13864.291666666666
13880.291666666666
13862.708333333334
13851.791666666666
13863.166666666666
13866.208333333334
13871.291666666666
13886.083333333334
13871.166666666666
13906.666666666666
13912.125
13824.125
13786.916666666666
13838.041666666666
13892.083333333334
13915.791666666666
13842.458333333334
13799.916666666666
13831.916666666666
13860.791666666666
13879.35294117647
13880.833333333334
13865.333333333334
13888.291666666666
13938.541666666666
13999.375
13951.0
13944.166666666666
13877.083333333334
13875.291666666666
13917.25
13935.916666666666
13944.916666666666
13964.75
14014.041666666666
14045.583333333334
14064.25
14130.57142857143
14074.0
13852.6
13835.083333333334
13858.5
13921.833333333334
13981.916666666666
13824.208333333334
13744.818181818182
13932.9
13959.625
13980.083333333334
13965.958333333334
13978.117647058823
13847.777777777777
13852.125
13846.75
13916.083333333334
13921.0
13844.708333333334
13879.458333333334
13927.5
13909.125
13803.083333333334
13847.125
13894.5
13867.416666666666
13913.041666666666
13959.833333333334
13913.625
13910.125
13927.04347826087
13849.75
13861.666666666666
13836.083333333334
13912.708333333334
13896.416666666666
13920.958333333334
13923.583333333334
13898.333333333334
13890.708333333334
13859.458333333334
13893.625
13827.583333333334
13850.166666666666
13876.75
13895.375
13968.458333333334
13990.375
13896.208333333334
13853.5
13825.833333333334
13853.416666666666
13836.458333333334
13845.375
13831.083333333334
13942.375
13884.791666666666
13839.208333333334
13867.541666666666
13766.375
13818.333333333334
13840.583333333334
13886.958333333334
13848.875
13901.166666666666
13910.666666666666
13858.333333333334
13897.708333333334
13867.916666666666
13845.125
13818.333333333334
13835.0
13845.333333333334
13905.041666666666
13799.875
13817.375
13830.833333333334
13818.083333333334
13836.625
13849.541666666666
13929.416666666666
13937.041666666666
13895.25
13898.166666666666
13918.375
13861.166666666666
13759.541666666666
13797.5
13827.166666666666
13842.666666666666
13844.333333333334
13856.333333333334
13866.375
13850.833333333334
13969.708333333334
13964.708333333334
13987.166666666666
13902.041666666666
13972.166666666666
14017.291666666666
13920.208333333334
13808.375
13863.0
13909.666666666666
13889.166666666666
13906.166666666666
13909.958333333334
13866.041666666666
13840.5
13836.875
13816.958333333334
13874.041666666666
13804.208333333334
13918.5
13867.083333333334
13830.666666666666
13850.208333333334
13884.75
13929.25
13862.416666666666
13856.666666666666
13898.875
13937.583333333334
13919.708333333334
13900.333333333334
13988.708333333334
14021.25
14035.5
13989.333333333334
13837.458333333334
13837.833333333334
13894.708333333334
13796.25
13854.875
13821.458333333334
13803.5
13742.583333333334
13762.75
13719.958333333334
13784.041666666666
13768.0
13785.958333333334
13795.541666666666
13772.625
13820.416666666666
13818.541666666666
13863.083333333334
13875.875
13893.541666666666
13929.083333333334
13902.041666666666
13883.0
13875.041666666666
13927.458333333334
13948.041666666666
13904.375
13889.5
13861.666666666666
13804.791666666666
13802.958333333334
13815.583333333334
13792.541666666666
13738.291666666666
13647.291666666666
13691.125
13727.333333333334
13760.333333333334
13783.041666666666
13781.333333333334
13792.541666666666
13773.375
13755.0
13773.916666666666
13816.125
13803.0
13850.833333333334
13849.166666666666
13861.5
13882.458333333334
13854.916666666666
13849.791666666666
13871.3
13814.25
13831.125
13834.5
13757.708333333334
13429.291666666666
13439.458333333334
13701.916666666666
13700.041666666666
13592.541666666666
13569.458333333334
13570.375
13496.75
13462.333333333334
13452.791666666666
13430.125
13445.458333333334
13459.625
13471.083333333334
13449.291666666666
13472.458333333334
13504.375
13522.5
13561.541666666666
13613.0
13641.541666666666
13678.666666666666
13671.458333333334
13620.625
13562.291666666666
13523.583333333334
13526.666666666666
13528.291666666666
13519.375
13552.291666666666
13559.958333333334
13498.083333333334
13494.833333333334
13497.833333333334
13553.666666666666
13568.541666666666
13516.041666666666
13513.958333333334
13380.416666666666
13460.166666666666
13448.75
13402.0
13515.416666666666
13550.0
13506.833333333334
13533.916666666666
13432.958333333334
13535.875
13544.25
13621.666666666666
13673.416666666666
13636.041666666666
13654.166666666666
13644.375
13646.958333333334
13565.916666666666
13432.208333333334
13484.25
13617.166666666666
13586.416666666666
13545.833333333334
13510.875
13570.416666666666
13608.791666666666
13586.291666666666
13616.64705882353
13505.541666666666
13501.125
13594.25
13742.25
13704.125
13646.875
13608.5
13612.333333333334
13608.25
13543.291666666666
13547.416666666666
13614.75
13659.083333333334
13690.958333333334
13734.875
13800.708333333334
13797.166666666666
13839.291666666666
13799.833333333334
13805.916666666666
13670.375
13670.958333333334
13670.416666666666
13592.958333333334
13867.166666666666
13818.166666666666
13601.458333333334
13740.541666666666
13745.375
13758.333333333334
13709.458333333334
13630.458333333334
13667.75
13666.166666666666
13540.125
13540.083333333334
13604.041666666666
13619.416666666666
13605.916666666666
13526.625
13491.333333333334
13551.333333333334
13629.0
13668.25
13747.541666666666
13777.875
13817.791666666666
13800.166666666666
13837.541666666666
13843.5
13744.541666666666
13831.333333333334
13868.333333333334
13877.5
13873.916666666666
13879.041666666666
13843.0
13788.791666666666
13830.458333333334
13759.041666666666
13820.666666666666
13816.333333333334
13857.125
13857.625
13881.666666666666
13799.666666666666
13890.833333333334
13813.291666666666
13749.25
13717.958333333334
13804.416666666666
13853.75
13901.166666666666
13968.166666666666
13937.041666666666
13860.75
13880.583333333334
13933.083333333334
13948.791666666666
13945.875
14007.0
13929.791666666666
13885.791666666666
13895.291666666666
13864.458333333334
13843.208333333334
13825.791666666666
13834.541666666666
13826.541666666666
13841.875
13889.333333333334
13855.208333333334
13937.208333333334
13801.833333333334
13737.791666666666
13787.708333333334
13818.791666666666
13761.25
13800.125
13751.791666666666
13803.916666666666
13861.791666666666
13903.541666666666
13963.333333333334
13931.458333333334
13940.458333333334
13927.916666666666
13875.0
14754.0
14727.208333333334
14642.041666666666
14621.208333333334
14610.0
14647.863636363636
14056.6
14249.25
14582.57142857143
14622.7
14493.076923076924
14421.666666666666
14571.625
14566.904761904761
14563.458333333334
14597.666666666666
14603.375
14600.083333333334
14578.708333333334
14587.208333333334
14627.904761904761
14558.458333333334
14586.5
14652.833333333334
14636.5
14713.545454545454
14694.5
14731.0
14717.708333333334
14644.541666666666
14551.333333333334
13576.833333333334
13962.0
14511.083333333334
14535.208333333334
14347.708333333334
14536.083333333334
14581.583333333334
14421.875
14639.208333333334
14672.25
14194.916666666666
14651.791666666666
14641.625
14625.541666666666
14210.666666666666
14618.583333333334
14529.708333333334
14640.583333333334
14672.916666666666
14622.208333333334
13910.833333333334
14723.166666666666
14714.375
14356.041666666666
14694.958333333334
14732.541666666666
14679.333333333334
14609.583333333334
14637.291666666666
14652.0
14267.75
13618.5
13609.875
14405.791666666666
13781.25
13650.875
14570.166666666666
14667.5
14073.125
14587.416666666666
14632.541666666666
14669.333333333334
14671.083333333334
14684.291666666666
14570.125
14594.0
14626.5
14638.136363636364
14658.5
14640.583333333334
14643.75
14682.208333333334
14675.333333333334
14634.0
14609.0
14530.125
14557.916666666666
14556.842105263158
14558.0
14518.708333333334
14532.5
14570.125
14535.25
14545.625
14589.0
14573.666666666666
14601.125
14590.541666666666
14594.363636363636
14590.333333333334
14515.9
14480.625
14482.708333333334
14517.125
14549.208333333334
14577.0
14530.5
14446.42857142857
14545.5
14586.875
14590.25
14612.291666666666
14586.375
14553.208333333334
14526.190476190477
14535.958333333334
14515.333333333334
14477.625
