4504.875
4515.416666666667
4513.083333333333
4514.375
4504.083333333333
4475.125
4485.208333333333
4501.083333333333
4510.0
4508.958333333333
4504.5
4502.291666666667
4510.708333333333
4510.166666666667
4522.625
4521.5
4508.458333333333
4503.0
4511.583333333333
4523.458333333333
4527.875
4523.916666666667
4514.208333333333
4514.875
4508.958333333333
4533.458333333333
4543.0
4553.625
4549.25
4542.458333333333
4530.291666666667
4521.416666666667
4514.75
4505.666666666667
4507.75
4514.291666666667
4518.833333333333
4533.0
4533.958333333333
4533.833333333333
4522.041666666667
4529.833333333333
4526.75
4510.708333333333
4519.375
4518.083333333333
4524.25
4536.916666666667
4532.416666666667
4506.541666666667
4523.416666666667
4537.0
4542.541666666667
4541.416666666667
4549.125
4555.083333333333
4543.625
4536.666666666667
4539.541666666667
4531.833333333333
4537.666666666667
4518.25
4529.208333333333
4540.666666666667
4544.25
4540.125
4544.583333333333
4535.708333333333
4541.416666666667
4546.166666666667
4549.875
4547.833333333333
4546.458333333333
4568.0
4566.666666666667
4559.541666666667
4546.333333333333
4555.625
4561.791666666667
4569.75
4563.333333333333
4566.625
4557.25
4543.541666666667
4548.5
4550.083333333333
4552.916666666667
4549.75
4544.5
4542.375
4546.208333333333
4555.125
4544.4
4556.071428571428
4557.833333333333
4558.75
4563.333333333333
4551.5
4556.916666666667
4570.416666666667
4562.875
4549.541666666667
4551.5
4538.291666666667
4552.583333333333
4550.5
4561.083333333333
4567.208333333333
4574.5
4574.541666666667
4552.166666666667
4553.166666666667
4543.75
4554.708333333333
4556.958333333333
4553.958333333333
4569.0
4557.75
4553.083333333333
4553.083333333333
4561.833333333333
4565.333333333333
4560.208333333333
4564.416666666667
4564.25
4558.125
4560.75
4566.791666666667
4563.916666666667
4552.208333333333
4550.541666666667
4555.666666666667
4564.291666666667
4574.458333333333
4587.125
4574.666666666667
4565.583333333333
4560.0
4557.375
4552.416666666667
4550.5
4553.0
4570.083333333333
4572.625
4558.625
4554.041666666667
4552.208333333333
4562.541666666667
4574.333333333333
4575.583333333333
4575.416666666667
4562.75
4577.909090909091
4575.583333333333
4568.833333333333
4557.8421052631575
4558.333333333333
4558.416666666667
4563.166666666667
4575.625
4591.583333333333
4586.791666666667
4586.25
4594.416666666667
4583.291666666667
4573.75
4548.25
4540.208333333333
4555.416666666667
4549.833333333333
4558.791666666667
4556.5
4561.458333333333
4561.083333333333
4553.625
4563.0
4582.583333333333
4590.125
4574.375
4561.875
4555.0
4567.166666666667
4568.333333333333
4553.25
4536.25
4556.833333333333
4556.083333333333
4558.708333333333
4550.0
4556.25
4560.208333333333
4564.416666666667
4569.875
4576.208333333333
4551.75
4579.625
4570.25
4559.375
4568.208333333333
4560.125
4560.041666666667
4561.375
4576.25
4562.625
4551.125
4541.708333333333
4534.791666666667
4539.0
4531.916666666667
4548.666666666667
4546.958333333333
4551.916666666667
4561.208333333333
4554.708333333333
4557.333333333333
4549.0
4558.5
4555.583333333333
4573.875
4568.916666666667
4564.083333333333
4560.958333333333
4562.708333333333
4568.833333333333
4556.916666666667
4549.958333333333
4546.75
4549.333333333333
4543.958333333333
4556.166666666667
4565.083333333333
4553.916666666667
4573.916666666667
4559.958333333333
4550.833333333333
4550.458333333333
4552.916666666667
4553.291666666667
4568.375
4569.791666666667
4558.791666666667
4566.625
4555.333333333333
4551.25
4562.208333333333
4564.25
4552.541666666667
4522.291666666667
4528.333333333333
4526.125
4541.083333333333
4530.75
4547.291666666667
4559.0
4552.583333333333
4554.125
4551.333333333333
4563.083333333333
4573.041666666667
4571.583333333333
4558.208333333333
4543.75
4538.583333333333
4549.375
4541.5
4554.75
4544.5
4550.791666666667
4548.916666666667
4554.375
4552.5
4557.208333333333
4557.666666666667
4561.5
4553.583333333333
4556.875
4545.125
4542.083333333333
4551.625
4551.833333333333
4559.833333333333
4546.916666666667
4544.375
4539.875
4544.75
4559.5
4545.833333333333
4545.541666666667
4544.541666666667
4549.166666666667
4543.291666666667
4545.833333333333
4550.583333333333
4547.708333333333
4550.416666666667
4564.5
4571.666666666667
4559.291666666667
4567.875
4544.083333333333
4548.041666666667
4548.958333333333
4536.416666666667
4552.458333333333
4560.5
4564.375
4549.083333333333
4537.166666666667
4545.166666666667
4546.583333333333
4558.791666666667
4556.75
4564.708333333333
4558.458333333333
4543.875
4539.833333333333
4555.666666666667
4571.083333333333
4554.25
4564.5
4559.083333333333
4558.166666666667
4567.291666666667
4563.916666666667
4567.583333333333
4565.708333333333
4560.5
4562.541666666667
4562.083333333333
4568.333333333333
4555.708333333333
4541.75
4551.333333333333
4555.625
4552.75
4552.75
4549.291666666667
4551.833333333333
4547.125
4553.541666666667
4551.333333333333
4553.25
4554.666666666667
4550.875
4541.375
4557.0
4555.291666666667
4547.541666666667
4560.75
4556.916666666667
4562.708333333333
4563.333333333333
4570.041666666667
4562.666666666667
4559.541666666667
4558.208333333333
4566.208333333333
4568.125
4567.333333333333
4569.041666666667
4564.916666666667
4570.666666666667
4567.333333333333
4573.25
4578.208333333333
4563.125
4567.833333333333
4569.25
4571.333333333333
4572.208333333333
4561.833333333333
4565.541666666667
4565.708333333333
4562.666666666667
4565.0
4563.791666666667
4556.166666666667
4573.833333333333
4560.75
4570.041666666667
4573.791666666667
4566.458333333333
4562.833333333333
4568.291666666667
4571.291666666667
4564.916666666667
4561.041666666667
4575.875
4563.041666666667
4557.625
4556.791666666667
4564.041666666667
4567.041666666667
4565.041666666667
4554.375
4557.166666666667
4544.375
4551.958333333333
4558.041666666667
4566.875
4563.75
4567.583333333333
4585.375
4581.916666666667
4563.666666666667
4550.125
4560.333333333333
4561.625
4561.666666666667
4560.041666666667
4567.666666666667
4575.583333333333
4578.166666666667
4579.208333333333
4571.958333333333
4545.083333333333
4529.0
4534.708333333333
4544.166666666667
4535.25
4540.666666666667
4538.625
4547.166666666667
4543.916666666667
4551.166666666667
4542.75
4538.583333333333
4538.416666666667
4536.333333333333
4542.25
4547.541666666667
4541.541666666667
4528.083333333333
4505.583333333333
4528.625
4533.791666666667
4531.458333333333
4519.916666666667
4497.083333333333
4503.458333333333
4536.958333333333
4536.083333333333
4516.375
4503.208333333333
4503.125
4486.625
4461.041666666667
4494.166666666667
4511.708333333333
4518.333333333333
4523.541666666667
4520.166666666667
4519.125
4512.75
4506.416666666667
4495.541666666667
4505.916666666667
4507.125
4501.208333333333
4498.25
4486.958333333333
4503.125
4490.458333333333
4485.208333333333
4474.375
4477.0
4489.375
4501.125
4509.291666666667
4510.166666666667
4497.416666666667
4477.458333333333
4477.666666666667
4468.208333333333
4479.583333333333
4477.416666666667
4485.541666666667
4498.416666666667
4483.916666666667
4482.625
4475.416666666667
4472.833333333333
4481.791666666667
4484.708333333333
4485.875
4486.375
4465.416666666667
4455.875
4466.083333333333
4449.75
4439.666666666667
4444.208333333333
4452.75
4454.333333333333
4465.75
4477.458333333333
4468.5
4465.375
4454.583333333333
4437.25
4446.25
4448.583333333333
4455.041666666667
4464.125
4468.25
4467.0
4453.166666666667
4458.0
4458.5
4453.666666666667
4456.791666666667
4449.75
4434.083333333333
4446.125
4439.791666666667
4450.166666666667
4474.541666666667
4466.416666666667
4469.541666666667
4479.791666666667
4481.666666666667
4471.958333333333
4481.375
4484.458333333333
4482.75
4484.041666666667
4470.083333333333
4483.25
4475.083333333333
4475.666666666667
4467.625
4472.333333333333
4478.75
4457.375
4452.458333333333
4452.458333333333
4460.458333333333
4469.708333333333
4470.541666666667
4490.708333333333
4482.375
4486.458333333333
4468.375
4447.708333333333
4440.708333333333
4446.041666666667
4463.458333333333
4465.166666666667
4460.666666666667
4447.5
4446.708333333333
4455.166666666667
4465.25
4463.208333333333
4464.375
4461.5
4467.0
4460.083333333333
4467.875
4479.583333333333
4454.041666666667
4454.958333333333
4453.041666666667
4450.708333333333
4456.833333333333
4448.083333333333
4440.375
4425.0
4449.083333333333
4435.0
4443.0
4427.583333333333
4432.0
4463.583333333333
4465.458333333333
4455.458333333333
4458.666666666667
4453.375
4446.583333333333
4453.5
4460.791666666667
4455.041666666667
4463.458333333333
4456.208333333333
4480.458333333333
4480.0
4468.791666666667
4463.25
4466.583333333333
4468.541666666667
4458.583333333333
4449.458333333333
4450.916666666667
4452.375
4465.916666666667
4456.875
4458.0
4476.833333333333
4452.25
4433.791666666667
4435.958333333333
4437.166666666667
4436.583333333333
4438.208333333333
4443.375
4449.833333333333
4461.625
4456.208333333333
4450.541666666667
4442.5
4381.125
4391.0
4406.416666666667
4427.041666666667
4448.666666666667
4458.291666666667
4448.541666666667
4444.583333333333
4438.166666666667
4441.958333333333
4451.958333333333
4449.958333333333
4460.708333333333
4468.166666666667
4460.333333333333
4455.166666666667
4475.291666666667
4477.333333333333
4474.291666666667
4456.666666666667
4453.666666666667
4450.041666666667
4451.916666666667
4453.166666666667
4443.458333333333
4454.625
4447.75
4469.875
4443.916666666667
4447.5
4464.375
4470.708333333333
4481.458333333333
4473.25
4465.333333333333
4460.083333333333
4454.0
4435.083333333333
4441.0
4440.458333333333
4449.791666666667
4455.875
4440.208333333333
4390.083333333333
4406.666666666667
4415.916666666667
4439.708333333333
4455.5
4455.333333333333
4447.0
4426.5
4430.333333333333
4445.541666666667
4441.291666666667
4435.75
4432.541666666667
4447.416666666667
4465.833333333333
4463.625
4462.416666666667
4468.083333333333
4476.0
4474.833333333333
4452.541666666667
4461.541666666667
4466.208333333333
4479.083333333333
4501.041666666667
4486.666666666667
4475.125
4468.083333333333
4467.458333333333
4466.708333333333
4470.041666666667
4460.708333333333
4473.083333333333
4464.666666666667
4487.125
4464.583333333333
4468.791666666667
4447.916666666667
4432.708333333333
4419.166666666667
4431.791666666667
4443.125
4442.125
4451.958333333333
4435.416666666667
4410.041666666667
4404.625
4429.291666666667
4454.875
4465.458333333333
4460.083333333333
4453.25
4456.416666666667
4470.291666666667
4466.916666666667
4462.541666666667
4461.041666666667
4460.875
4461.625
4450.666666666667
4426.791666666667
4429.0
4439.125
4447.333333333333
4442.833333333333
4435.75
4438.0
4449.708333333333
4436.666666666667
4427.875
4423.083333333333
4425.333333333333
4430.166666666667
4410.875
4422.333333333333
4436.208333333333
4446.083333333333
4438.25
4430.125
4430.791666666667
4436.458333333333
4427.5
4436.708333333333
4445.5
4446.166666666667
4444.541666666667
4452.0
4451.291666666667
4432.75
4393.375
4388.375
4406.208333333333
4421.625
4426.041666666667
4420.625
4428.75
4443.791666666667
4442.958333333333
4455.291666666667
4454.875
4456.0
4453.916666666667
4456.166666666667
4448.041666666667
4442.125
4445.125
4447.75
4454.625
4446.208333333333
4441.625
4452.75
4463.083333333333
4489.791666666667
4494.25
4476.583333333333
4474.416666666667
4481.416666666667
4490.416666666667
4475.583333333333
4469.333333333333
4442.125
4447.041666666667
4452.333333333333
4455.833333333333
4465.291666666667
4460.041666666667
4466.75
4469.208333333333
4459.333333333333
4466.833333333333
4451.125
4466.791666666667
4466.416666666667
4460.833333333333
4472.541666666667
4477.25
4472.791666666667
4455.25
4455.086956521739
4445.291666666667
4464.833333333333
4475.25
4463.416666666667
4468.541666666667
4470.041666666667
4483.708333333333
4484.666666666667
4495.25
4494.083333333333
4489.583333333333
4498.166666666667
4517.125
4498.875
4497.125
4503.416666666667
4372.125
4384.166666666667
4420.416666666667
4445.958333333333
4459.083333333333
4467.083333333333
4472.916666666667
4481.833333333333
4481.25
4467.125
4457.666666666667
4476.695652173913
4451.708333333333
4461.458333333333
4457.458333333333
4457.333333333333
4444.75
4461.458333333333
4466.041666666667
4461.375
4467.75
4437.458333333333
4440.458333333333
4420.166666666667
4418.791666666667
4418.0
4419.125
4402.416666666667
4401.041666666667
4409.166666666667
4417.125
4401.958333333333
4406.166666666667
4430.75
4440.875
4428.458333333333
4415.125
4417.833333333333
4410.75
4400.25
4324.208333333333
4348.291666666667
4387.217391304348
4365.375
4331.875
4348.5
4361.541666666667
4320.125
4297.041666666667
4264.958333333333
4317.583333333333
4334.291666666667
4342.166666666667
4328.583333333333
4342.916666666667
4348.375
4366.75
4365.083333333333
4375.791666666667
4391.625
4392.083333333333
4373.875
4367.916666666667
4365.583333333333
4371.0
4361.75
4376.666666666667
4379.291666666667
4385.791666666667
4373.791666666667
4380.666666666667
4366.625
4355.695652173913
4336.958333333333
4339.541666666667
4363.375
4391.166666666667
4400.291666666667
4406.791666666667
4405.333333333333
4420.5
4418.291666666667
4435.625
4437.25
4432.916666666667
4434.875
4417.333333333333
4415.291666666667
4419.375
4410.0
4408.708333333333
4396.75
4396.125
4392.0
4397.0
4404.875
4404.666666666667
4411.0
4398.625
4398.583333333333
4379.166666666667
4364.458333333333
4360.375
4364.086956521739
4377.083333333333
4374.791666666667
4382.833333333333
4309.083333333333
4358.041666666667
4357.458333333333
4357.666666666667
4352.833333333333
4304.291666666667
4299.791666666667
4328.708333333333
4332.666666666667
4324.583333333333
4338.208333333333
4325.625
4244.833333333333
4243.333333333333
4261.041666666667
4279.708333333333
4297.833333333333
4303.458333333333
4240.416666666667
4186.0
4202.041666666667
4248.416666666667
4290.708333333333
4315.166666666667
4324.375
4320.416666666667
4323.260869565217
4330.625
4351.375
4337.75
4355.708333333333
4348.291666666667
4336.708333333333
4367.458333333333
4391.333333333333
4379.416666666667
4307.708333333333
4286.416666666667
4309.666666666667
4326.416666666667
4319.541666666667
4330.833333333333
4345.375
4352.541666666667
4344.916666666667
4338.041666666667
4317.958333333333
4317.625
4333.166666666667
4355.708333333333
4366.25
4379.833333333333
4388.791666666667
4381.916666666667
4364.791666666667
4351.708333333333
4344.958333333333
4348.95652173913
4366.791666666667
4368.875
4385.75
4344.416666666667
4282.083333333333
4279.583333333333
4326.791666666667
4343.375
4349.625
4351.375
4352.666666666667
4355.083333333333
4355.416666666667
4355.125
4342.5
4334.625
4347.166666666667
4360.791666666667
4381.083333333333
4380.958333333333
4366.375
4357.333333333333
4346.041666666667
4364.458333333333
4366.625
4367.375
4359.833333333333
4369.5
4380.916666666667
4383.333333333333
4400.304347826087
4393.166666666667
4402.166666666667
4384.75
4381.041666666667
4384.583333333333
4386.916666666667
4392.958333333333
4396.416666666667
4329.583333333333
4319.791666666667
4323.166666666667
4308.666666666667
4292.916666666667
4312.458333333333
4326.791666666667
4334.875
4304.916666666667
4342.791666666667
4353.541666666667
4382.916666666667
4395.375
4385.833333333333
4379.208333333333
4379.166666666667
4329.333333333333
4261.875
4267.041666666667
4284.208333333333
4303.666666666667
4308.333333333333
4316.166666666667
4317.833333333333
4329.375
4320.375
4272.166666666667
4293.0
4298.75
4298.666666666667
4289.916666666667
4282.458333333333
4293.0
4306.75
4310.208333333333
4289.583333333333
4301.583333333333
4331.458333333333
4361.583333333333
4375.458333333333
4375.708333333333
4387.75
4393.75
4384.833333333333
4414.625
4315.583333333333
4329.791666666667
4350.666666666667
4367.333333333333
4394.041666666667
4413.708333333333
4379.291666666667
4357.95652173913
4333.583333333333
4334.416666666667
4351.791666666667
4367.875
4350.416666666667
4360.25
4347.041666666667
4386.791666666667
4366.041666666667
4353.458333333333
4372.958333333333
4374.041666666667
4367.875
4374.833333333333
4363.958333333333
4363.708333333333
4367.625
4374.333333333333
4389.916666666667
4400.541666666667
4389.583333333333
4392.791666666667
4385.583333333333
4397.083333333333
4394.916666666667
4389.875
4408.291666666667
4372.083333333333
4365.083333333333
4415.478260869565
4404.416666666667
4383.583333333333
4401.875
4406.708333333333
4390.166666666667
4396.333333333333
4406.208333333333
4409.625
4422.875
4409.541666666667
4414.083333333333
4448.125
4450.458333333333
4441.083333333333
4442.875
4440.875
4444.125
4427.625
4424.958333333333
4412.041666666667
4407.291666666667
4409.833333333333
4420.208333333333
4420.666666666667
4427.333333333333
4442.041666666667
4417.208333333333
4414.916666666667
4405.0
4404.083333333333
4410.333333333333
4394.458333333333
4398.791666666667
4383.583333333333
4388.666666666667
4410.5
4420.291666666667
4424.125
4427.75
4417.708333333333
4430.958333333333
4427.958333333333
4426.125
4431.083333333333
4430.166666666667
4432.708333333333
4426.541666666667
4438.041666666667
4447.708333333333
4432.25
4421.958333333333
4406.5
4375.916666666667
4374.0
4336.0
4341.5
4339.208333333333
4345.625
4349.125
4336.083333333333
4285.291666666667
4215.583333333333
4242.916666666667
4314.583333333333
4361.166666666667
4365.791666666667
4364.125
4363.666666666667
4380.0
4381.875
4390.208333333333
4378.666666666667
4365.375
4375.083333333333
4362.75
4342.083333333333
4334.916666666667
4344.291666666667
4352.958333333333
4384.125
4385.125
4406.166666666667
4414.583333333333
4408.958333333333
4416.625
4412.833333333333
4404.291666666667
4340.208333333333
4296.75
4301.208333333333
4305.083333333333
4329.416666666667
4338.625
4331.25
4347.458333333333
4332.75
4362.958333333333
4157.25
3976.625
4053.4166666666665
4104.916666666667
4100.25
4053.375
4153.166666666667
4183.708333333333
4198.791666666667
4233.666666666667
4271.041666666667
4274.291666666667
4303.916666666667
4324.583333333333
4349.75
4364.916666666667
4366.541666666667
4365.916666666667
4370.5
4381.625
4364.125
4362.5
4365.75
4352.833333333333
4349.416666666667
4346.291666666667
4363.916666666667
4380.166666666667
4382.583333333333
4287.083333333333
4339.833333333333
4339.166666666667
4334.0
4335.208333333333
4340.958333333333
4371.25
4393.583333333333
4419.333333333333
4419.375
4428.625
4435.25
4438.166666666667
4439.916666666667
4449.875
4419.458333333333
4415.333333333333
4415.541666666667
4414.083333333333
4357.333333333333
4330.5
4345.166666666667
4357.083333333333
4378.958333333333
4411.791666666667
4404.5
4417.958333333333
4422.541666666667
4374.75
4367.75
4373.708333333333
4371.916666666667
4369.291666666667
4374.666666666667
4377.125
4398.291666666667
4392.375
4378.25
4382.541666666667
4376.625
4386.458333333333
4414.125
4361.208333333333
4361.333333333333
4359.5
4329.166666666667
4342.75
4349.0
4351.625
4357.375
4376.625
4376.125
4379.958333333333
4370.25
4352.416666666667
4272.75
4291.958333333333
4295.083333333333
4308.666666666667
4315.416666666667
4325.166666666667
4304.5
4324.375
4310.0
4305.375
4296.083333333333
4319.583333333333
4368.958333333333
4361.041666666667
4367.583333333333
4370.333333333333
4337.375
4259.791666666667
4286.541666666667
4303.208333333333
4323.791666666667
4326.75
4341.416666666667
4353.666666666667
4372.458333333333
4355.958333333333
4372.583333333333
4347.416666666667
4354.75
4352.333333333333
4354.958333333333
4344.208333333333
4344.25
4337.142857142857
4311.0
4235.166666666667
4247.166666666667
4251.375
4232.708333333333
4232.833333333333
4264.375
4278.291666666667
4297.208333333333
4303.458333333333
4287.666666666667
4164.5
4146.375
4188.041666666667
4211.875
4205.041666666667
4144.166666666667
4135.416666666667
4140.458333333333
4147.625
4176.166666666667
4205.583333333333
4219.083333333333
4185.083333333333
4178.0
4229.75
4232.666666666667
4248.083333333333
4235.625
4206.5
4220.833333333333
4226.75
4232.791666666667
4243.083333333333
4247.083333333333
4251.791666666667
4258.375
4259.708333333333
4240.583333333333
4246.0
4223.458333333333
4242.208333333333
4237.333333333333
4248.916666666667
4258.625
4272.0
4264.333333333333
4249.791666666667
4251.708333333333
4252.458333333333
4281.0
4260.75
4278.5
4264.625
4271.625
4287.791666666667
4300.291666666667
4307.75
4338.416666666667
4322.125
4323.916666666667
4322.791666666667
4277.416666666667
4205.708333333333
4219.375
4270.0
4296.958333333333
4304.25
4296.291666666667
4308.833333333333
4318.333333333333
4290.208333333333
4290.916666666667
4298.875
4316.666666666667
4319.833333333333
4329.833333333333
4316.125
4326.666666666667
4318.708333333333
4321.458333333333
4322.625
4323.75
4329.041666666667
4316.666666666667
4318.125
4327.541666666667
4317.708333333333
4314.875
4314.208333333333
4274.291666666667
4296.875
4320.375
4330.708333333333
4337.75
4303.791666666667
4308.208333333333
4291.875
4248.958333333333
4265.916666666667
4227.375
4241.5
4252.5
4253.791666666667
4261.416666666667
4282.5
4288.916666666667
4297.666666666667
4301.375
4297.208333333333
4311.833333333333
4321.625
4329.75
4340.083333333333
4332.625
4328.541666666667
4324.541666666667
4328.625
4331.583333333333
4322.041666666667
4324.375
4329.458333333333
4331.208333333333
4329.875
4333.125
4330.416666666667
4330.791666666667
4336.5
4350.291666666667
4356.791666666667
4355.083333333333
4372.333333333333
4322.125
4308.75
4285.291666666667
4301.916666666667
4326.25
4339.625
4322.416666666667
4330.083333333333
4323.875
4320.625
4340.416666666667
4273.875
4218.708333333333
4226.583333333333
4238.0
4260.583333333333
4266.583333333333
4292.25
4302.208333333333
4300.75
4275.708333333333
4285.916666666667
4302.541666666667
4323.083333333333
4339.25
4354.041666666667
4353.166666666667
4351.25
4340.416666666667
4325.166666666667
4348.708333333333
4337.75
4328.416666666667
4332.0
4320.25
4328.958333333333
4319.208333333333
4309.583333333333
4308.291666666667
4320.916666666667
4339.041666666667
4351.458333333333
4354.583333333333
4356.916666666667
4371.0
4346.291666666667
4353.25
4355.25
4353.541666666667
4365.291666666667
4368.416666666667
4366.75
4364.833333333333
4380.875
4375.125
4366.083333333333
4368.375
4371.666666666667
4388.208333333333
4389.125
4386.166666666667
4388.458333333333
4387.291666666667
4386.083333333333
4365.375
4346.958333333333
4334.75
4325.916666666667
4321.416666666667
4337.666666666667
4356.916666666667
4366.416666666667
4381.916666666667
4378.458333333333
4372.166666666667
4351.083333333333
4345.5
4358.416666666667
4367.5
4374.541666666667
4372.083333333333
4375.958333333333
4373.25
4381.541666666667
4387.708333333333
4375.75
4380.083333333333
4369.458333333333
4366.25
4377.416666666667
4382.75
4377.833333333333
4370.75
4384.375
4391.5
4377.666666666667
4346.583333333333
4350.208333333333
4362.833333333333
4364.25
4357.666666666667
4355.166666666667
4356.541666666667
4367.333333333333
4353.041666666667
4335.916666666667
4358.125
4350.291666666667
4364.291666666667
4351.958333333333
4351.041666666667
4348.0
4351.375
4373.458333333333
4370.125
4369.916666666667
4370.333333333333
4367.541666666667
4379.416666666667
4375.833333333333
4371.791666666667
4370.75
4319.041666666667
4297.291666666667
4233.291666666667
4189.583333333333
4175.25
4207.25
4239.791666666667
4249.541666666667
4276.125
4298.375
4302.791666666667
4299.25
4319.041666666667
4317.041666666667
4338.666666666667
4313.041666666667
4319.791666666667
4342.041666666667
4350.958333333333
4364.291666666667
4371.75
4371.791666666667
4349.833333333333
4367.5
4362.458333333333
4368.791666666667
4346.291666666667
4337.458333333333
4340.125
4345.791666666667
4244.208333333333
4220.5
4279.708333333333
4278.583333333333
4286.708333333333
4290.166666666667
4296.541666666667
4302.416666666667
4289.166666666667
4278.208333333333
4283.958333333333
4283.333333333333
4306.541666666667
4325.916666666667
4340.666666666667
4351.583333333333
4317.166666666667
4325.916666666667
4316.583333333333
4312.166666666667
4313.75
4317.625
4299.5
4277.375
4268.5
4269.0
4279.291666666667
4276.416666666667
4270.333333333333
4264.708333333333
4262.166666666667
4231.083333333333
4198.666666666667
4186.0
4159.958333333333
4160.958333333333
4150.458333333333
4149.375
4159.75
4170.541666666667
4180.375
4157.25
4117.458333333333
4165.208333333333
4195.166666666667
4218.375
4223.666666666667
4249.0
4267.458333333333
4226.833333333333
4215.333333333333
4218.541666666667
4227.25
4232.041666666667
4210.375
4180.833333333333
4187.625
4180.458333333333
4197.458333333333
4223.833333333333
4240.041666666667
4248.583333333333
4260.416666666667
4250.291666666667
4254.166666666667
4277.416666666667
4270.375
4281.208333333333
4284.541666666667
4287.041666666667
4256.0
4199.875
4219.875
4204.083333333333
4221.291666666667
4187.0
4268.958333333333
4252.0
4261.458333333333
4269.791666666667
4274.583333333333
4266.333333333333
4266.916666666667
4271.041666666667
4239.833333333333
4259.041666666667
4241.875
4222.291666666667
4228.375
4239.75
4179.458333333333
4216.041666666667
4226.625
4241.958333333333
4266.333333333333
4266.083333333333
4278.666666666667
4286.125
4284.333333333333
4288.541666666667
4292.75
4298.75
4292.625
4299.5
4312.833333333333
4284.458333333333
4257.333333333333
4245.041666666667
4253.708333333333
4256.75
4262.916666666667
4265.541666666667
4251.791666666667
4246.333333333333
4254.291666666667
4277.166666666667
4288.375
4287.666666666667
4275.666666666667
4271.5
4285.0
4287.333333333333
4296.041666666667
4302.25
4304.875
4308.0
4294.666666666667
4293.375
4296.125
4283.375
4289.125
4290.958333333333
4236.291666666667
4248.375
4251.041666666667
4294.416666666667
4287.875
4294.041666666667
4268.791666666667
4265.041666666667
4249.25
4261.375
4214.041666666667
4191.0
4196.708333333333
4217.916666666667
4238.5
4254.375
4267.375
4288.291666666667
4294.625
4299.666666666667
4303.916666666667
4305.75
4302.0
4289.041666666667
4268.125
4279.625
4303.958333333333
4304.916666666667
4302.833333333333
4297.958333333333
4308.75
4297.333333333333
4306.833333333333
4309.583333333333
4304.333333333333
4323.916666666667
4316.958333333333
4327.458333333333
4312.291666666667
4249.666666666667
4281.041666666667
4302.541666666667
4316.5
4330.833333333333
4329.208333333333
4337.375
4304.416666666667
4318.833333333333
4331.75
4346.458333333333
4337.458333333333
4342.875
4310.291666666667
4284.0
4311.208333333333
4301.708333333333
4314.083333333333
4338.416666666667
4364.208333333333
4340.916666666667
4341.25
4322.0
4315.541666666667
4334.041666666667
4344.0
4346.25
4346.375
4316.041666666667
4315.5
4311.208333333333
4307.291666666667
4328.75
4327.083333333333
4336.333333333333
4338.75
4332.75
4321.875
4307.958333333333
4297.5
4264.791666666667
4262.375
4275.916666666667
4283.416666666667
4301.0
4307.083333333333
4304.958333333333
4308.375
4314.291666666667
4317.708333333333
4319.416666666667
4316.041666666667
4306.541666666667
4312.083333333333
4312.083333333333
4301.041666666667
4284.625
4275.833333333333
4303.25
4320.625
4271.565217391304
4230.875
4249.458333333333
4268.375
4275.291666666667
4274.333333333333
4282.541666666667
4259.541666666667
4256.083333333333
4258.25
4269.166666666667
4304.75
4302.875
4296.166666666667
4224.541666666667
4221.958333333333
4254.458333333333
4272.125
4276.166666666667
4274.208333333333
4276.791666666667
4281.25
4280.166666666667
4292.583333333333
4280.5
4294.625
4291.208333333333
4311.041666666667
4325.291666666667
4311.125
4306.666666666667
4298.833333333333
4269.125
4281.583333333333
4294.875
4313.708333333333
4304.833333333333
4314.125
4285.583333333333
4282.333333333333
4225.833333333333
4213.583333333333
4228.375
4244.958333333333
4280.166666666667
4286.875
4288.833333333333
4283.041666666667
4303.875
4283.083333333333
4294.5
4289.208333333333
4277.416666666667
4270.916666666667
4275.083333333333
4264.916666666667
4268.625
4269.083333333333
4246.833333333333
4245.625
4257.666666666667
4262.333333333333
4278.125
4281.416666666667
4262.625
4230.333333333333
4228.541666666667
4221.75
4246.0
4250.666666666667
4282.291666666667
4287.166666666667
4269.791666666667
4240.5
4227.458333333333
4235.875
4221.166666666667
4167.708333333333
4187.541666666667
4209.166666666667
4239.083333333333
4209.958333333333
4165.708333333333
4154.875
4167.583333333333
4172.291666666667
4180.75
4200.458333333333
4230.375
4150.083333333333
4111.083333333333
4125.916666666667
4156.041666666667
4186.375
4198.291666666667
4213.458333333333
4230.458333333333
4257.416666666667
4279.25
4292.208333333333
4284.166666666667
4284.583333333333
4274.708333333333
4241.541666666667
4244.541666666667
4254.458333333333
4258.833333333333
4281.208333333333
4278.208333333333
4262.583333333333
4269.25
4280.75
4258.666666666667
4251.041666666667
4271.583333333333
4249.125
4220.708333333333
4230.125
4254.916666666667
4277.583333333333
4298.416666666667
4305.875
4303.041666666667
4302.625
4291.625
4285.833333333333
4222.791666666667
4236.75
4234.208333333333
4227.166666666667
4231.25
4242.416666666667
4285.791666666667
4280.75
4281.375
4304.166666666667
4311.666666666667
4319.875
4251.791666666667
4200.416666666667
4197.625
4202.166666666667
4227.833333333333
4248.25
4227.458333333333
4242.666666666667
4246.416666666667
4257.583333333333
4282.5
4287.791666666667
4307.666666666667
4323.083333333333
4326.0
4311.041666666667
4298.875
4280.166666666667
4290.458333333333
4294.75
4326.375
4306.166666666667
4299.208333333333
4309.083333333333
4326.375
4321.708333333333
4325.125
4325.25
4300.875
4295.166666666667
4306.5
4300.875
4303.291666666667
4292.625
4288.0
4226.916666666667
4238.708333333333
4240.791666666667
4245.458333333333
4269.125
4270.791666666667
4280.208333333333
4262.0
4219.375
4253.375
4284.125
4300.75
4301.791666666667
4306.541666666667
4297.875
4266.291666666667
4183.833333333333
4216.916666666667
4257.666666666667
4261.458333333333
4272.916666666667
4281.791666666667
4286.0
4250.666666666667
4229.791666666667
4213.041666666667
4173.625
4135.875
4124.541666666667
4152.541666666667
4175.25
4181.291666666667
4195.083333333333
4196.75
4211.208333333333
4213.833333333333
4219.375
4211.166666666667
4211.083333333333
4230.416666666667
4229.791666666667
4244.25
4261.5
4260.875
4262.75
4271.541666666667
4248.5
4245.833333333333
4229.666666666667
4238.25
4259.916666666667
4241.416666666667
4202.041666666667
4190.125
4211.666666666667
4194.375
4235.041666666667
4235.166666666667
4243.833333333333
4258.75
4271.0
4284.708333333333
4299.5
4302.666666666667
4290.291666666667
4274.875
4267.041666666667
4272.791666666667
4282.583333333333
4290.916666666667
4306.083333333333
4293.833333333333
4297.875
4282.666666666667
4273.375
4296.875
4284.75
4249.291666666667
4254.875
4269.333333333333
4252.333333333333
4243.625
4250.375
4237.166666666667
4249.166666666667
4266.416666666667
4273.458333333333
4271.666666666667
4288.75
4281.541666666667
4299.875
4308.625
4313.583333333333
4309.208333333333
4317.458333333333
4327.958333333333
4365.333333333333
4335.916666666667
4300.541666666667
4292.0
4304.708333333333
4308.166666666667
4304.75
4316.083333333333
4327.541666666667
4278.833333333333
4250.125
4184.791666666667
4168.0
4185.0
4177.708333333333
4194.958333333333
4128.083333333333
4048.7916666666665
4074.625
4134.208333333333
4188.208333333333
4223.875
4216.0
4257.958333333333
4291.166666666667
4334.625
4358.125
4351.625
4334.125
4281.708333333333
4279.375
4274.583333333333
4258.125
4245.625
4214.041666666667
4198.458333333333
4215.416666666667
4219.375
4193.916666666667
4186.208333333333
4184.166666666667
4198.083333333333
4226.666666666667
4249.791666666667
4235.416666666667
4230.458333333333
4244.416666666667
4240.583333333333
4241.083333333333
4273.083333333333
4307.916666666667
4321.625
4344.333333333333
4323.833333333333
4299.833333333333
4243.708333333333
4228.833333333333
4239.458333333333
4226.666666666667
4210.541666666667
4225.541666666667
4205.083333333333
4189.375
4199.0
4219.458333333333
4204.041666666667
4174.166666666667
4152.916666666667
4149.791666666667
4130.458333333333
4116.666666666667
4111.166666666667
4142.083333333333
4152.708333333333
4160.416666666667
4093.125
4117.333333333333
4164.0
4205.375
4240.791666666667
4235.708333333333
4255.0
4272.833333333333
4316.75
4331.833333333333
4350.833333333333
4349.541666666667
4303.583333333333
4282.25
4264.208333333333
4258.416666666667
4273.458333333333
4264.125
4255.0
4244.5
4225.75
4182.5
4126.083333333333
4115.125
4079.875
4073.9583333333335
4073.0
4096.833333333333
4110.0
4126.416666666667
4149.541666666667
4175.5
4197.0
4200.541666666667
4221.458333333333
4277.166666666667
4297.958333333333
4342.375
4332.5
4312.916666666667
4319.041666666667
4288.666666666667
4087.5833333333335
4039.375
4036.125
4069.0416666666665
4089.9583333333335
4103.958333333333
4108.416666666667
4096.791666666667
4094.7916666666665
4091.9583333333335
4094.625
4108.125
4138.0
4161.791666666667
4161.291666666667
4170.083333333333
4170.375
4182.875
4200.041666666667
4235.75
4275.25
4288.958333333333
4297.125
4314.708333333333
4324.291666666667
4306.166666666667
4267.083333333333
4254.25
4259.625
4273.625
4239.125
4226.833333333333
4241.291666666667
4242.958333333333
4228.916666666667
4193.708333333333
4203.541666666667
4190.291666666667
4176.291666666667
4171.875
4171.333333333333
4160.083333333333
4170.208333333333
4169.0
4184.0
4199.416666666667
4204.083333333333
4211.708333333333
4212.416666666667
4227.541666666667
4258.041666666667
4267.041666666667
4277.166666666667
4282.041666666667
4265.0
4261.583333333333
4256.416666666667
4258.875
4229.625
4215.958333333333
4228.166666666667
4229.625
4202.875
4225.083333333333
4220.5
4217.041666666667
4228.208333333333
4238.166666666667
4226.875
4230.25
4202.5
4193.333333333333
4195.875
4201.666666666667
4211.541666666667
4213.583333333333
4226.083333333333
4236.166666666667
4233.125
4215.25
4161.166666666667
4162.125
4171.833333333333
4188.875
4171.166666666667
4119.666666666667
4116.958333333333
4116.791666666667
4136.0
4153.291666666667
4130.041666666667
4136.416666666667
4154.625
4186.541666666667
4181.208333333333
4171.208333333333
4166.291666666667
4168.25
4172.791666666667
4162.291666666667
4117.75
4155.333333333333
4174.25
4196.125
4207.708333333333
4219.875
4223.041666666667
4233.0
4221.916666666667
4172.5
4175.625
4173.083333333333
4179.083333333333
4201.791666666667
4202.625
4217.0
4203.166666666667
4205.875
4218.708333333333
4230.208333333333
4235.625
4218.125
4215.125
4217.416666666667
4211.875
4216.916666666667
4232.0
4254.458333333333
4261.25
4253.708333333333
4238.25
4229.583333333333
4231.166666666667
4220.125
4213.541666666667
4160.333333333333
4139.083333333333
4163.0
4182.916666666667
4199.208333333333
4218.791666666667
4224.0
4235.708333333333
4248.916666666667
4254.458333333333
4269.916666666667
4270.666666666667
4272.791666666667
4246.625
4239.0
4239.125
4250.833333333333
4248.958333333333
4271.0
4283.25
4311.125
4314.5
4319.208333333333
4308.875
4300.125
4285.083333333333
4276.041666666667
4268.833333333333
4272.25
4276.375
4277.333333333333
4279.291666666667
4280.375
4261.571428571428
4289.208333333333
4298.75
4310.75
4315.166666666667
4294.333333333333
4283.75
4238.125
4256.291666666667
4266.625
4255.125
4277.583333333333
4279.75
4271.0
4224.375
4059.0
4063.3333333333335
4002.9583333333335
4066.125
4078.0
4122.583333333333
4157.041666666667
4215.583333333333
4238.083333333333
4250.416666666667
4263.666666666667
4270.541666666667
4263.916666666667
4257.125
4267.541666666667
4278.0
4288.875
4301.416666666667
4298.166666666667
4285.791666666667
4244.541666666667
4233.875
4257.208333333333
4250.5
4254.25
4262.75
4265.791666666667
4261.458333333333
4279.416666666667
4276.541666666667
4296.833333333333
4299.791666666667
4288.708333333333
4285.375
4277.166666666667
4297.375
4323.708333333333
4324.958333333333
4305.958333333333
4292.458333333333
4291.541666666667
4312.708333333333
4310.083333333333
4316.041666666667
4316.0
4301.916666666667
4291.875
4286.875
4293.625
4245.541666666667
4219.958333333333
4249.041666666667
4243.25
4231.416666666667
4211.416666666667
4220.916666666667
4242.458333333333
4285.166666666667
4285.791666666667
4281.5
4275.083333333333
4289.416666666667
4313.083333333333
4308.375
4270.833333333333
4257.583333333333
4266.791666666667
4260.75
4289.958333333333
4294.041666666667
4312.333333333333
4320.75
4307.1
4316.958333333333
4292.75
4293.583333333333
4292.5
4231.25
4255.666666666667
4237.708333333333
4217.291666666667
4210.25
4212.875
4224.958333333333
4241.416666666667
4247.916666666667
4260.458333333333
4274.125
4299.0
4301.958333333333
4308.166666666667
4290.791666666667
4271.125
4266.375
4259.333333333333
4265.375
4274.041666666667
4280.0
4291.916666666667
4291.458333333333
4305.666666666667
4294.708333333333
4252.083333333333
4245.458333333333
4250.833333333333
4252.333333333333
4259.375
4268.0
4271.416666666667
4271.0
4264.25
4266.375
4273.125
4276.791666666667
4257.583333333333
4257.041666666667
4275.333333333333
4293.125
4289.583333333333
4295.708333333333
4299.375
4309.708333333333
4306.708333333333
4302.125
4275.625
4253.0
4279.291666666667
4280.875
4290.75
4294.041666666667
4296.708333333333
4317.625
4305.863636363636
4329.166666666667
4298.708333333333
4292.541666666667
4289.708333333333
4234.958333333333
4232.625
4251.583333333333
4225.125
4234.541666666667
4237.583333333333
4250.416666666667
4266.416666666667
4283.166666666667
4284.875
4306.541666666667
4313.5
4287.833333333333
4278.333333333333
4272.958333333333
4285.541666666667
4293.75
4331.875
4339.5
4346.958333333333
4322.75
4318.041666666667
4319.916666666667
4344.166666666667
4351.791666666667
4343.916666666667
4336.583333333333
4310.541666666667
4289.291666666667
4279.791666666667
4263.458333333333
4269.333333333333
4277.0
4283.541666666667
4291.375
4306.083333333333
4305.291666666667
4329.333333333333
4303.125
4309.0
4311.166666666667
4316.833333333333
4321.666666666667
4296.625
4308.833333333333
4314.458333333333
4318.833333333333
4333.583333333333
4321.75
4332.791666666667
4339.0
4342.125
4356.666666666667
4366.25
4297.083333333333
4300.0
4308.25
4319.5
4329.416666666667
4328.666666666667
4346.25
4352.083333333333
4353.0
4365.5
4360.0
4355.208333333333
4343.958333333333
4332.916666666667
4345.791666666667
4360.708333333333
4360.375
4349.708333333333
4351.416666666667
4332.291666666667
4339.708333333333
4344.125
4336.833333333333
4362.083333333333
4405.958333333333
4435.666666666667
4438.416666666667
4410.291666666667
4397.0
4386.125
4382.791666666667
4400.083333333333
4410.0
4415.041666666667
4436.125
4363.875
4357.25
4371.291666666667
4382.875
4400.416666666667
4391.083333333333
4406.791666666667
4431.625
4417.708333333333
4391.916666666667
4401.25
4387.125
4385.708333333333
4391.458333333333
4380.5
4392.083333333333
4393.208333333333
4396.625
4399.0
4407.625
4429.083333333333
4422.083333333333
4404.625
4385.208333333333
4365.875
4363.416666666667
4374.458333333333
4400.125
4384.5
4418.208333333333
4416.291666666667
4416.25
4398.583333333333
4393.583333333333
4408.958333333333
4418.625
4395.666666666667
4392.0
4385.791666666667
4373.583333333333
4368.958333333333
4365.083333333333
4352.166666666667
4377.083333333333
4383.958333333333
4395.416666666667
4389.916666666667
4382.333333333333
4377.208333333333
4354.541666666667
4351.75
4359.875
4350.25
4369.541666666667
4388.833333333333
4370.791666666667
4381.708333333333
4403.75
4425.0
4419.958333333333
4406.958333333333
4405.833333333333
4413.0
4407.333333333333
4403.875
4411.375
4406.416666666667
4373.458333333333
4377.041666666667
4374.583333333333
4325.708333333333
4323.791666666667
4334.5
4356.666666666667
4369.041666666667
4362.625
4362.958333333333
4331.166666666667
4318.541666666667
4310.833333333333
4318.458333333333
4332.125
4342.083333333333
4352.916666666667
4381.958333333333
4398.75
4398.625
4390.208333333333
4396.0
4384.291666666667
4388.625
4396.333333333333
4390.875
4382.5
4397.541666666667
4381.5
4390.083333333333
4401.5
4419.375
4422.333333333333
4415.916666666667
4395.0
4383.791666666667
4368.583333333333
4365.666666666667
4343.125
4307.833333333333
4318.833333333333
4341.708333333333
4356.083333333333
4374.583333333333
4378.791666666667
4399.208333333333
4391.041666666667
4384.25
4399.541666666667
4402.708333333333
4410.625
4427.375
4434.25
4452.041666666667
4456.583333333333
4432.416666666667
4432.25
4421.791666666667
4433.208333333333
4434.5
4434.916666666667
4430.125
4429.5
4392.958333333333
4343.541666666667
4329.5
4315.916666666667
4320.5
4332.75
4358.291666666667
4384.625
4407.583333333333
4422.25
4353.875
4352.458333333333
4363.416666666667
4375.166666666667
4360.875
4367.083333333333
4375.541666666667
4402.125
4396.125
4396.833333333333
4398.916666666667
4408.125
4441.166666666667
4435.375
4421.75
4374.458333333333
4384.041666666667
4358.958333333333
4355.333333333333
4340.25
4325.583333333333
4323.875
4335.625
4350.375
4369.708333333333
4385.291666666667
4400.416666666667
4343.666666666667
4321.041666666667
4356.416666666667
4388.208333333333
4395.25
4401.291666666667
4402.166666666667
4405.458333333333
4403.708333333333
4405.333333333333
4419.25
4437.458333333333
4439.875
4442.083333333333
4404.083333333333
4400.875
4397.458333333333
4394.166666666667
4384.041666666667
4391.041666666667
4371.541666666667
4367.625
4370.5
4391.458333333333
4433.166666666667
4428.791666666667
4434.291666666667
4425.75
4426.25
4411.708333333333
4394.5
4371.166666666667
4365.291666666667
4369.958333333333
4408.791666666667
4375.916666666667
4394.541666666667
4410.583333333333
4426.291666666667
4426.875
4436.916666666667
4449.125
4442.666666666667
4405.125
4382.125
4359.833333333333
4367.166666666667
4371.416666666667
4378.791666666667
4384.041666666667
4374.125
4390.833333333333
4419.958333333333
4435.5
4426.958333333333
4429.708333333333
4449.875
4468.75
4448.208333333333
4439.791666666667
4416.0
4402.583333333333
4398.791666666667
4400.916666666667
4399.583333333333
4384.583333333333
4391.333333333333
4429.916666666667
4463.416666666667
4438.583333333333
4409.375
4394.666666666667
4385.583333333333
4400.125
4415.166666666667
4404.666666666667
4430.625
4433.166666666667
4446.208333333333
4460.583333333333
4483.833333333333
4485.75
4484.583333333333
4460.416666666667
4431.666666666667
4446.375
4471.625
4410.958333333333
4430.458333333333
4412.5
4421.541666666667
4424.708333333333
4436.916666666667
4441.541666666667
4458.958333333333
4470.958333333333
4452.791666666667
4450.625
4418.791666666667
4404.083333333333
4391.416666666667
4402.708333333333
4401.958333333333
4414.166666666667
4436.375
4446.833333333333
4432.208333333333
4434.291666666667
4465.916666666667
4478.75
4470.333333333333
4476.875
4470.666666666667
4476.833333333333
4465.958333333333
4466.875
4450.208333333333
4434.333333333333
4439.791666666667
4451.375
4466.916666666667
4477.916666666667
4490.375
4490.666666666667
4491.625
4440.791666666667
4402.75
4436.0625
4444.958333333333
4452.625
4463.166666666667
4483.25
4494.166666666667
4495.666666666667
4487.0
4506.333333333333
4502.958333333333
4467.125
4446.708333333333
4447.625
4434.333333333333
4459.041666666667
4472.958333333333
4478.583333333333
4484.083333333333
4490.625
4483.708333333333
4464.375
4459.625
4455.25
4451.041666666667
4448.666666666667
4430.75
4422.208333333333
4422.25
4435.0
4456.125
4473.291666666667
4487.291666666667
4486.25
4477.875
4463.833333333333
4471.291666666667
4475.25
4484.875
4492.375
4506.708333333333
4489.541666666667
4488.375
4481.958333333333
4490.0
4496.833333333333
4503.875
4516.458333333333
4525.208333333333
4527.916666666667
4534.625
4539.75
4535.666666666667
4521.041666666667
4521.166666666667
4526.958333333333
4528.625
4520.166666666667
4524.916666666667
4503.541666666667
4490.75
4480.458333333333
4478.416666666667
4474.333333333333
4487.916666666667
4491.458333333333
4487.25
4489.208333333333
4490.083333333333
4498.25
4487.875
4500.458333333333
4506.0
4527.791666666667
4516.375
4523.666666666667
4512.583333333333
4512.375
4526.333333333333
4547.833333333333
4519.625
4509.875
4523.916666666667
4534.25
4531.166666666667
4534.166666666667
4532.458333333333
4510.5
4489.25
4472.875
4475.875
4485.833333333333
4494.458333333333
4494.5
4502.666666666667
4492.375
4493.291666666667
4479.291666666667
4478.5
4486.0
4488.791666666667
4499.625
4516.916666666667
4504.416666666667
4513.083333333333
4521.083333333333
4527.166666666667
4534.208333333333
4534.875
4506.916666666667
4523.708333333333
4527.666666666667
4527.333333333333
4536.708333333333
4519.875
4484.708333333333
4474.333333333333
4471.625
4474.75
4485.916666666667
4494.708333333333
4495.291666666667
4480.458333333333
4471.333333333333
4471.083333333333
4484.583333333333
4489.583333333333
4484.375
4494.666666666667
4496.791666666667
4498.208333333333
4515.041666666667
4520.125
4524.875
4524.166666666667
4533.375
4534.5
4538.583333333333
4544.875
4549.583333333333
4539.875
4528.291666666667
4517.541666666667
4529.291666666667
4493.666666666667
4479.458333333333
4489.047619047619
4479.958333333333
4491.833333333333
4494.458333333333
4486.708333333333
4479.75
4490.958333333333
4495.375
4495.833333333333
4494.916666666667
4502.208333333333
4507.041666666667
4522.166666666667
4528.083333333333
4531.708333333333
4522.0
4516.375
4523.958333333333
4515.208333333333
4508.458333333333
4506.333333333333
4505.166666666667
4515.125
4516.041666666667
4498.625
4491.791666666667
4507.125
4507.0
4498.625
4469.5
4455.875
4464.333333333333
4474.458333333333
4477.416666666667
4482.625
4497.416666666667
4494.041666666667
4505.541666666667
4526.0
4518.75
4506.541666666667
4494.583333333333
4491.083333333333
4501.041666666667
4512.291666666667
4502.791666666667
4517.125
4527.208333333333
4538.833333333333
4530.583333333333
4535.541666666667
4531.875
4522.833333333333
4512.166666666667
4512.833333333333
4516.333333333333
4509.083333333333
4486.333333333333
4491.958333333333
4498.125
4497.916666666667
4492.291666666667
4475.75
4497.5
4494.041666666667
4485.083333333333
4487.291666666667
4482.5
4490.958333333333
4493.75
4494.416666666667
4490.041666666667
4487.458333333333
4496.5
4491.541666666667
4500.25
4514.583333333333
4527.0
4517.0
4520.291666666667
4505.416666666667
4509.916666666667
4505.875
4509.75
4513.5
4494.541666666667
4497.791666666667
4511.875
4516.0
4505.041666666667
4511.916666666667
4513.541666666667
4502.708333333333
4513.25
4524.125
4514.416666666667
4503.208333333333
4512.333333333333
4500.291666666667
4498.791666666667
4503.875
4503.416666666667
4506.583333333333
4519.291666666667
4515.875
4509.291666666667
4500.791666666667
4507.25
4518.75
4512.208333333333
4507.208333333333
4498.375
4504.333333333333
4508.166666666667
4528.958333333333
4519.833333333333
4516.75
4509.083333333333
4505.833333333333
4503.583333333333
4491.541666666667
4489.958333333333
4497.208333333333
4497.708333333333
4490.666666666667
4557.833333333333
4500.375
4491.833333333333
4507.375
4508.666666666667
4507.125
4520.708333333333
4525.041666666667
4521.333333333333
4534.916666666667
4530.583333333333
4527.625
4515.333333333333
4509.708333333333
4499.708333333333
4516.375
4509.125
4501.916666666667
4517.166666666667
4502.125
4507.791666666667
4522.791666666667
4528.5
4510.125
4502.166666666667
4499.166666666667
4498.75
4509.375
4487.333333333333
4485.416666666667
4494.583333333333
4516.083333333333
4508.583333333333
4505.208333333333
4512.875
4516.458333333333
4506.75
4516.291666666667
4516.791666666667
4507.291666666667
4514.916666666667
4519.083333333333
4525.291666666667
4519.583333333333
4526.916666666667
4539.291666666667
4530.458333333333
4525.041666666667
4522.25
4508.75
4496.125
4493.708333333333
4497.458333333333
4488.916666666667
4495.333333333333
4495.916666666667
4500.875
4512.583333333333
4509.833333333333
4507.0
4511.708333333333
4508.458333333333
4509.625
4525.416666666667
4538.0
4534.958333333333
4544.708333333333
4545.208333333333
4541.125
4558.416666666667
4560.5
4543.791666666667
4531.833333333333
4526.666666666667
4503.333333333333
4520.416666666667
4500.708333333333
4491.666666666667
4481.541666666667
4482.875
4485.208333333333
4487.208333333333
4477.125
4495.125
4492.708333333333
4493.958333333333
4502.333333333333
4502.0
4505.291666666667
4507.916666666667
4518.0
4522.583333333333
4534.041666666667
4525.5
4521.166666666667
4525.291666666667
4533.333333333333
4535.458333333333
4543.75
4541.291666666667
4512.5
4505.333333333333
4509.583333333333
4512.0
4497.791666666667
4478.916666666667
4476.041666666667
4483.25
4489.666666666667
4494.791666666667
4489.75
4497.083333333333
4505.416666666667
4504.75
4514.666666666667
4517.75
4522.291666666667
4534.125
4531.708333333333
4532.458333333333
4543.583333333333
4532.333333333333
4529.666666666667
4532.125
4543.25
4541.083333333333
4535.083333333333
4531.916666666667
4521.583333333333
4520.375
4528.208333333333
4529.166666666667
4527.791666666667
4509.416666666667
4512.833333333333
4502.166666666667
4489.916666666667
4485.041666666667
4484.625
4486.708333333333
4494.208333333333
4495.541666666667
4498.083333333333
4509.708333333333
4517.708333333333
4519.5
4529.208333333333
4532.916666666667
4531.75
4537.75
4550.958333333333
4545.875
4531.291666666667
4516.875
4517.083333333333
4528.791666666667
4524.25
4524.666666666667
4525.5
4518.791666666667
4514.916666666667
4516.541666666667
4518.25
4519.5
4510.833333333333
4522.833333333333
4508.208333333333
4502.25
4494.0
4509.791666666667
4513.666666666667
4515.208333333333
4512.125
4516.291666666667
4522.541666666667
4514.625
4525.166666666667
4537.625
4542.916666666667
4541.5
4539.791666666667
4537.541666666667
4543.375
4542.333333333333
4544.125
4529.041666666667
4524.125
4516.333333333333
4517.708333333333
4524.75
4524.833333333333
4531.833333333333
4533.708333333333
4517.75
4536.666666666667
4538.75
4537.5
4531.541666666667
4526.333333333333
4503.375
4506.208333333333
4518.166666666667
4528.235294117647
4539.958333333333
4545.708333333333
4540.458333333333
4530.791666666667
4544.375
4514.125
4507.958333333333
4515.625
4520.458333333333
4518.75
4515.666666666667
4521.708333333333
4518.333333333333
4515.291666666667
4520.416666666667
4523.708333333333
4505.708333333333
4511.208333333333
4519.458333333333
4510.208333333333
4504.0
4509.291666666667
4504.375
4514.208333333333
4511.208333333333
4501.041666666667
4491.625
4482.083333333333
4500.708333333333
4500.166666666667
4502.409090909091
4453.5
4447.708333333333
4442.625
4456.875
4475.291666666667
4477.625
4487.791666666667
4490.541666666667
4493.916666666667
4492.666666666667
4495.166666666667
4521.130434782609
4511.541666666667
4512.083333333333
4518.416666666667
4510.458333333333
4510.791666666667
4508.833333333333
4493.625
4493.25
4501.041666666667
4498.291666666667
4501.125
4489.5
4487.75
4509.666666666667
4504.416666666667
4526.666666666667
4513.0
4468.333333333333
4474.041666666667
4477.5
4494.583333333333
4499.083333333333
4499.166666666667
4506.708333333333
4504.875
4516.444444444444
4517.25
4518.0
4520.708333333333
4524.25
4497.041666666667
4501.416666666667
4508.375
4500.041666666667
4493.083333333333
4502.625
4506.375
4503.833333333333
4505.875
4509.375
4497.458333333333
4475.458333333333
4483.458333333333
4485.166666666667
4490.208333333333
4486.5
4493.916666666667
4487.208333333333
4486.625
4498.166666666667
4499.916666666667
4485.875
4503.541666666667
4494.833333333333
4535.083333333333
4524.458333333333
4501.583333333333
4495.708333333333
4489.333333333333
4495.5
4491.416666666667
4495.125
4507.791666666667
4487.5
4488.444444444444
4494.625
4502.291666666667
4497.625
4504.041666666667
4501.166666666667
4509.625
4506.583333333333
4480.75
4486.5
4503.5
4490.041666666667
4477.416666666667
4481.666666666667
4483.083333333333
4491.25
4492.041666666667
4499.791666666667
4500.041666666667
4492.695652173913
4498.083333333333
4498.916666666667
4503.25
4508.0
4512.666666666667
4518.125
4510.375
4511.666666666667
4514.625
4512.166666666667
4501.541666666667
4508.458333333333
4514.208333333333
4512.833333333333
4512.833333333333
4523.208333333333
4534.0
4543.166666666667
4538.75
4545.583333333333
4516.708333333333
4508.916666666667
4489.916666666667
4503.375
4487.416666666667
4508.0
4521.541666666667
4532.958333333333
4546.666666666667
4530.166666666667
4506.416666666667
4516.375
4515.958333333333
4531.0
4535.875
4539.791666666667
4550.208333333333
4549.166666666667
4544.428571428572
4518.25
4500.083333333333
4505.041666666667
4523.583333333333
4513.125
4514.166666666667
4516.875
4515.375
4525.291666666667
4526.75
4522.5
4509.458333333333
4499.958333333333
4502.916666666667
4508.434782608696
4515.625
4522.958333333333
4525.0
4521.416666666667
4536.375
4543.958333333333
4554.291666666667
4534.333333333333
4525.083333333333
4534.875
4531.0
4530.083333333333
4514.375
4495.791666666667
4500.833333333333
4494.791666666667
4492.041666666667
4507.6
4519.875
4534.25
4531.083333333333
4524.708333333333
4534.208333333333
4540.25
4534.75
4512.333333333333
4507.666666666667
4501.25
4508.333333333333
4516.833333333333
4520.333333333333
4523.416666666667
4531.583333333333
4532.625
4536.833333333333
4540.208333333333
4542.75
4536.333333333333
4533.041666666667
4530.416666666667
4535.458333333333
4526.458333333333
4532.666666666667
4523.0
