4515.884408602151
4527.954301075269
4550.459821428572
4556.779166666666
4563.236111111111
4567.5703812316715
4557.245833333333
4558.537634408603
4550.268817204301
4550.720833333334
4556.866935483871
4558.655555555555
4565.798387096775
4556.760752688172
4519.138392857143
4489.368279569892
4456.083333333333
4470.157258064516
4454.058333333333
4455.903225806452
4448.045698924731
4445.281944444445
4460.408602150537
4442.634722222222
4437.07123655914
4465.092741935484
4468.38002980626
4426.204576043068
4356.118219749652
4398.539703903096
4308.105702364395
4344.741588156124
4354.033647375505
4347.9415855354655
4335.604838709677
4371.842837273992
4418.121130551817
4396.794836956522
4358.859195402299
4270.354838709677
4381.308333333333
4370.7760989010985
4330.2375
4227.321870701513
4256.7970430107525
4305.520833333333
4298.98252688172
4312.606944444445
4331.9005376344085
4365.7338709677415
4367.940476190476
4316.4838709677415
4319.815277777778
4229.8911290322585
4234.373611111111
4261.692204301075
4277.903225806452
4280.8805555555555
4322.163978494624
4306.698611111111
4276.586810228802
4274.381720430108
4221.403273809524
4244.435483870968
4261.579166666666
4290.4637096774195
4228.881944444444
4252.647849462365
4287.05376344086
4239.694444444444
4236.334677419355
4218.085507246376
4158.595430107527
4218.393817204301
4225.955357142857
4176.997311827957
4208.172222222222
4244.844086021505
4226.421052631579
4275.798387096775
4275.9838709677415
4271.449720670391
4277.677419354839
4289.841225626741
4313.778225806452
4359.165322580645
4395.892241379311
4383.726648351649
4371.644444444444
4383.176075268817
4392.580555555555
4383.272849462365
4406.043010752688
4408.251388888889
4435.479838709677
4459.409722222223
4465.873655913979
4501.958333333333
4508.278273809524
4501.3588709677415
4506.761506276151
4501.967741935484
4505.375
4506.3588709677415
4507.7338709677415
4511.229166666667
4514.4946236559135
4513.895833333333
4516.7553763440865
4517.080645161291
4522.7827380952385
4524.577586206897
4519.56564019449
4490.709796672828
4502.461290322581
4497.22102425876
4498.795683453237
4522.322916666667
4520.4985754985755
4523.847025495751
