7237.064516129032
7254.609655172414
7290.642857142857
7325.969086021505
7348.4111111111115
7376.231182795699
7369.136111111111
7364.8795669824085
7353.028225806452
7378.263888888889
7374.6467741935485
7370.955493741308
7372.826612903225
7360.17876344086
7259.509146341464
7223.477088948787
7141.893518518518
7186.254032258064
7147.321279554937
7141.363881401618
7104.6720430107525
7121.258426966292
7132.122311827957
7083.853963838665
7068.323580034424
7134.051075268817
7129.901785714285
7058.774193548387
6910.956944444444
6955.584905660377
6795.666666666667
6855.862903225807
6871.362903225807
6868.511591962906
6822.760752688172
6918.3625
6999.420698924731
6925.806451612903
6833.079136690648
6650.315860215053
6869.908333333334
6893.154569892473
6797.966666666666
6595.337365591397
6627.876344086021
6732.9125
6734.772849462365
6740.879166666667
6773.2029569892475
6811.67876344086
6805.235119047619
6729.182795698925
6781.083333333333
6596.454301075269
6576.958333333333
6615.534946236559
6644.759408602151
6678.938888888889
6761.596774193548
6750.584722222222
6699.694892473119
6671.088948787062
6570.849702380952
6601.556451612903
6633.763888888889
6709.145748987854
6631.61580882353
6654.930107526881
6714.758064516129
6657.622222222222
6653.201612903225
6583.487427466151
6503.889784946236
6594.282258064516
6588.943939393939
6485.402702702702
6544.190277777778
6619.5887096774195
6580.2027833001985
6679.431118314425
6742.816411682893
6716.820121951219
6712.333333333333
6733.127131782946
6765.438172043011
6839.242088607595
6910.76690647482
6897.938172043011
6913.897222222222
6964.790322580645
6982.170833333334
6952.3588709677415
6982.137096774193
7033.643055555555
7091.911051212938
7101.251388888889
7123.6411290322585
7142.345430107527
7140.383928571428
7174.6196236559135
7122.14406779661
7152.347708894878
7181.3694444444445
7106.518970189702
7027.9358974358975
7025.690277777778
7092.901773533425
7158.656944444445
7140.149193548387
7165.076612903225
7187.4077380952385
7184.581989247312
7219.593837535014
7239.040322580645
7236.795833333334
7241.234817813765
7230.970430107527
7266.179166666667
7255.193548387097
7207.958333333333
7197.56043956044
7202.159946236559
7216.285714285715
7261.626344086021
7288.315277777778
7224.798387096775
7259.0875
7250.106182795699
7236.795081967213
7307.674074074074
7306.606676342525
7303.4450127877235
