7218.583333333333
7248.291666666667
7236.958333333333
7201.375
7166.666666666667
7141.708333333333
7189.916666666667
7208.541666666667
7219.541666666667
7225.583333333333
7206.958333333333
7211.875
7216.375
7214.083333333333
7209.625
7261.666666666667
7230.875
7208.75
7223.625
7231.333333333333
7253.791666666667
7249.25
7239.916666666667
7230.708333333333
7245.708333333333
7282.291666666667
7296.125
7314.125
7342.875
7339.541666666667
7282.333333333333
7252.875
7244.083333333333
7235.583333333333
7237.708333333333
7239.708333333333
7274.75
7301.458333333333
7304.5
7287.541666666667
7286.625
7285.083333333333
7279.125
7254.458333333333
7206.375
7186.083333333333
7209.5
7225.791666666667
7244.0
7195.333333333333
7206.5
7258.0
7291.153846153846
7274.458333333333
7260.791666666667
7290.5
7260.25
7252.75
7279.916666666667
7272.875
7270.833333333333
7242.166666666667
7269.916666666667
7277.333333333333
7283.125
7257.208333333333
7291.541666666667
7275.416666666667
7285.833333333333
7303.083333333333
7315.041666666667
7326.125
7324.916666666667
7310.5
7310.625
7282.041666666667
7251.416666666667
7272.0
7288.5
7320.291666666667
7303.75
7320.333333333333
7340.541666666667
7299.5
7259.916666666667
7250.0
7274.833333333333
7278.875
7287.75
7277.583333333333
7280.458333333333
7321.583333333333
7296.833333333333
7316.5
7320.833333333333
7319.333333333333
7349.75
7357.875
7368.5
7352.75
7344.708333333333
7318.333333333333
7305.291666666667
7315.625
7321.375
7324.166666666667
7328.375
7342.208333333333
7350.75
7355.208333333333
7320.833333333333
7335.791666666667
7301.791666666667
7300.875
7305.125
7304.416666666667
7322.041666666667
7328.75
7318.5
7322.208333333333
7354.25
7355.416666666667
7351.5
7365.041666666667
7367.333333333333
7346.333333333333
7343.75
7358.583333333333
7361.833333333333
7343.583333333333
7321.666666666667
7329.25
7333.666666666667
7348.916666666667
7371.833333333333
7377.416666666667
7364.958333333333
7323.958333333333
7323.916666666667
7337.125
7342.125
7349.166666666667
7352.75
7359.041666666667
7319.625
7345.583333333333
7345.875
7318.625
7353.5
7376.125
7363.833333333333
7376.041666666667
7369.041666666667
7388.291666666667
7395.458333333333
7395.541666666667
7388.333333333333
7372.583333333333
7359.625
7360.541666666667
7392.416666666667
7393.291666666667
7396.375
7412.583333333333
7408.833333333333
7381.25
7375.416666666667
7376.708333333333
7380.708333333333
7364.916666666667
7361.208333333333
7321.875
7334.0
7348.666666666667
7361.416666666667
7365.416666666667
7394.0
7393.666666666667
7385.833333333333
7369.333333333333
7374.166666666667
7365.625
7377.833333333333
7372.625
7375.625
7329.541666666667
7359.375
7369.916666666667
7361.416666666667
7362.958333333333
7366.041666666667
7374.416666666667
7385.5
7392.625
7394.958333333333
7354.916666666667
7378.708333333333
7383.416666666667
7375.25
7369.916666666667
7382.958333333333
7392.041666666667
7376.375
7363.75
7381.708333333333
7380.791666666667
7345.25
7339.083333333333
7370.208333333333
7365.166666666667
7342.083333333333
7349.625
7356.125
7363.0
7369.0
7376.541666666667
7366.458333333333
7375.0
7356.666666666667
7361.666666666667
7386.125
7375.666666666667
7359.916666666667
7372.041666666667
7371.416666666667
7336.210526315789
7369.0
7371.833333333333
7383.416666666667
7387.083333333333
7398.458333333333
7415.291666666667
7366.375
7364.291666666667
7342.208333333333
7341.666666666667
7356.291666666667
7348.625
7344.25
7353.25
7358.791666666667
7333.0
7345.625
7344.291666666667
7362.416666666667
7371.375
7368.833333333333
7317.291666666667
7286.291666666667
7307.166666666667
7296.708333333333
7309.541666666667
7328.25
7341.833333333333
7343.375
7357.208333333333
7350.708333333333
7363.25
7380.791666666667
7372.625
7381.541666666667
7380.666666666667
7371.75
7354.125
7352.791666666667
7368.166666666667
7372.958333333333
7367.958333333333
7362.541666666667
7377.625
7356.625
7371.333333333333
7361.708333333333
7362.125
7356.958333333333
7362.375
7372.0
7347.791666666667
7347.333333333333
7363.125
7384.208333333333
7400.208333333333
7384.666666666667
7385.666666666667
7342.916666666667
7359.541666666667
7399.666666666667
7366.791666666667
7347.375
7346.958333333333
7358.291666666667
7361.041666666667
7372.25
7392.166666666667
7373.708333333333
7379.083333333333
7392.458333333333
7416.0
7414.708333333333
7437.75
7390.041666666667
7398.833333333333
7396.75
7397.25
7395.125
7402.333333333333
7411.5
7386.416666666667
7370.875
7385.75
7356.791666666667
7374.0
7360.666666666667
7367.25
7357.833333333333
7321.708333333333
7334.6875
7356.666666666667
7354.25
7351.083333333333
7370.266666666666
7402.4
7388.458333333333
7373.833333333333
7384.166666666667
7380.0
7394.0
7396.125
7390.958333333333
7360.125
7369.291666666667
7379.208333333333
7375.291666666667
7375.791666666667
7378.541666666667
7378.0
7350.25
7322.416666666667
7323.541666666667
7338.541666666667
7336.333333333333
7331.666666666667
7327.75
7346.166666666667
7366.708333333333
7351.125
7404.125
7412.333333333333
7412.541666666667
7417.541666666667
7421.083333333333
7407.5
7378.791666666667
7368.708333333333
7370.833333333333
7377.541666666667
7360.833333333333
7377.041666666667
7362.375
7377.083333333333
7386.583333333333
7391.916666666667
7384.5
7391.125
7391.291666666667
7411.75
7430.375
7370.458333333333
7370.541666666667
7363.375
7372.833333333333
7375.166666666667
7385.291666666667
7397.583333333333
7392.5
7393.916666666667
7377.541666666667
7386.708333333333
7377.5
7351.541666666667
7349.875
7359.666666666667
7364.166666666667
7356.583333333333
7338.833333333333
7354.125
7350.333333333333
7343.125
7338.833333333333
7347.041666666667
7375.291666666667
7380.166666666667
7375.583333333333
7409.041666666667
7361.083333333333
7392.041666666667
7381.041666666667
7372.833333333333
7370.958333333333
7388.958333333333
7411.666666666667
7442.791666666667
7427.958333333333
7399.708333333333
7379.875
7367.375
7353.5
7376.041666666667
7391.833333333333
7397.291666666667
7394.208333333333
7416.666666666667
7356.041666666667
7281.166666666667
7269.958333333333
7286.0
7300.791666666667
7305.666666666667
7313.875
7316.833333333333
7330.083333333333
7331.0
7321.083333333333
7318.166666666667
7308.0
7305.875
7299.791666666667
7326.541666666667
7336.083333333333
7280.541666666667
7278.916666666667
7263.041666666667
7270.166666666667
7285.416666666667
7258.708333333333
7238.708333333333
7209.833333333333
7200.458333333333
7245.833333333333
7206.625
7202.708333333333
7207.0
7200.0
7189.541666666667
7195.75
7229.083333333333
7265.333333333333
7298.041666666667
7315.875
7308.958333333333
7298.75
7250.875
7262.318181818182
7249.208333333333
7256.625
7250.5
7243.25
7260.75
7228.625
7241.5
7245.375
7222.416666666667
7186.333333333333
7186.125
7208.916666666667
7209.25
7232.375
7255.833333333333
7223.541666666667
7194.583333333333
7175.916666666667
7199.583333333333
7214.416666666667
7220.583333333333
7232.458333333333
7252.958333333333
7224.5
7211.041666666667
7204.375
7187.0
7220.333333333333
7223.0
7207.333333333333
7224.541666666667
7168.25
7152.833333333333
7164.75
7110.625
7050.583333333333
7121.791666666667
7150.75
7166.458333333333
7180.166666666667
7172.666666666667
7119.041666666667
7143.25
7136.0
7110.375
7124.375
7114.125
7120.5
7137.75
7154.791666666667
7148.875
7119.833333333333
7129.217391304348
7141.222222222223
7148.9375
7153.541666666667
7166.75
7142.416666666667
7187.375
7181.583333333333
7157.291666666667
7173.166666666667
7180.625
7188.166666666667
7191.333333333333
7187.791666666667
7199.375
7221.75
7207.166666666667
7178.166666666667
7192.25
7180.958333333333
7192.041666666667
7204.791666666667
7221.208333333333
7224.666666666667
7175.208333333333
7149.583333333333
7166.875
7182.5
7194.458333333333
7232.041666666667
7252.375
7214.458333333333
7206.625
7204.75
7115.458333333333
7105.375
7104.458333333333
7145.666666666667
7151.833333333333
7155.125
7121.041666666667
7146.458333333333
7150.833333333333
7164.875
7166.625
7163.0
7162.625
7164.583333333333
7160.791666666667
7163.166666666667
7177.875
7153.208333333333
7122.083333333333
7129.0
7130.791666666667
7144.791666666667
7154.958333333333
7134.875
7120.083333333333
7153.25
7168.416666666667
7165.25
7135.041666666667
7108.541666666667
7128.625
7142.75
7132.869565217391
7138.25
7128.708333333333
7128.375
7132.041666666667
7137.291666666667
7135.833333333333
7145.333333333333
7145.791666666667
7136.625
7157.625
7153.125
7160.416666666667
7172.708333333333
7148.818181818182
7107.75
7147.416666666667
7158.0
7157.333333333333
7175.208333333333
7177.833333333333
7167.5
7156.5
7148.208333333333
7100.416666666667
7118.208333333333
7127.833333333333
7127.541666666667
7134.875
7128.166666666667
7112.208333333333
7116.958333333333
7131.541666666667
7134.875
7117.75
6938.25
6932.5
6982.166666666667
7048.666666666667
7087.0
7118.25
7099.416666666667
7075.833333333333
7095.958333333333
7112.0
7126.875
7138.416666666667
7115.416666666667
7122.583333333333
7118.166666666667
7143.833333333333
7180.791666666667
7150.333333333333
7141.333333333333
7165.958333333333
7138.208333333333
7112.5
7118.375
7114.833333333333
7111.75
7108.416666666667
7124.708333333333
7138.125
7127.916666666667
7140.666666666667
7157.583333333333
7173.0
7181.416666666667
7177.875
7127.291666666667
7136.083333333333
7131.708333333333
7105.833333333333
7109.875
7100.083333333333
7109.166666666667
7130.125
7105.25
7051.583333333333
7054.583333333333
7081.333333333333
7105.666666666667
7117.708333333333
7123.375
7136.75
7118.916666666667
7129.833333333333
7104.416666666667
7115.291666666667
7121.25
7102.5
7113.5
7141.833333333333
7135.0
7157.291666666667
7163.208333333333
7182.291666666667
7142.791666666667
7130.166666666667
7147.708333333333
7161.208333333333
7173.791666666667
7181.791666666667
7161.125
7105.625
7134.833333333333
7162.0
7168.708333333333
7160.125
7128.583333333333
7155.291666666667
7131.666666666667
7152.708333333333
7142.375
7141.375
7101.375
7062.375
7050.916666666667
7061.125
7088.291666666667
7093.0
7112.375
7114.416666666667
7092.25
7047.125
7072.291666666667
7088.041666666667
7107.291666666667
7120.95652173913
7127.833333333333
7141.875
7130.041666666667
7134.125
7138.0
7092.416666666667
7096.083333333333
7093.208333333333
7082.25
7069.375
7085.958333333333
7090.958333333333
7054.666666666667
7084.875
7072.75
7100.083333333333
7106.541666666667
7060.458333333333
7053.458333333333
7044.083333333333
7050.25
7062.083333333333
7006.416666666667
7043.458333333333
7060.208333333333
7069.291666666667
7073.541666666667
7057.708333333333
7052.208333333333
7054.5
7070.5
7044.714285714285
7057.666666666667
7031.0
7050.958333333333
7059.541666666667
7053.791666666667
7045.5
7026.541666666667
7047.5
7068.541666666667
7103.681818181818
7092.875
7097.458333333333
7103.458333333333
7096.916666666667
7071.625
7092.083333333333
7091.625
7081.083333333333
7084.666666666667
7080.916666666667
7070.708333333333
7092.291666666667
7115.75
7150.166666666667
7139.208333333333
7140.5
7141.458333333333
7137.458333333333
7196.208333333333
7192.541666666667
7178.708333333333
7113.375
7098.333333333333
7124.583333333333
7110.5
7146.25
7163.666666666667
7163.458333333333
7160.041666666667
7138.375
7152.458333333333
7125.083333333333
7123.416666666667
7128.208333333333
7140.916666666667
7166.041666666667
7156.041666666667
7137.625
7086.625
7083.708333333333
7064.791666666667
7101.25
7105.416666666667
7094.75
7099.416666666667
7144.666666666667
7151.25
7132.083333333333
7190.791666666667
7186.416666666667
7180.541666666667
7205.166666666667
7233.625
7179.25
7189.958333333333
7207.583333333333
6948.583333333333
6943.625
7025.333333333333
7065.125
7134.0
7172.458333333333
7131.0
7138.916666666667
7183.208333333333
7171.625
7172.708333333333
7166.625
7108.875
7126.583333333333
7124.625
7099.625
7039.083333333333
7109.125
7154.625
7165.333333333333
7127.333333333333
7027.958333333333
7055.25
7024.291666666667
7051.791666666667
7041.833333333333
7043.416666666667
7033.083333333333
6996.25
7029.416666666667
7022.666666666667
7009.375
7033.166666666667
7078.458333333333
7083.291666666667
7050.5
7037.375
7037.958333333333
7041.708333333333
7065.041666666667
6903.791666666667
6933.541666666667
6999.25
6953.583333333333
6879.416666666667
6886.041666666667
6885.958333333333
6854.166666666667
6784.875
6755.833333333333
6857.916666666667
6912.333333333333
6932.125
6882.166666666667
6895.041666666667
6923.333333333333
6934.083333333333
6942.833333333333
6955.208333333333
6962.083333333333
6957.583333333333
6915.5
6905.708333333333
6897.666666666667
6913.833333333333
6888.75
6925.916666666667
6940.0
6955.125
6965.916666666667
6966.625
6899.833333333333
6865.125
6840.25
6843.5
6879.833333333333
6936.958333333333
6956.208333333333
6968.791666666667
6993.291666666667
7007.708333333333
6999.291666666667
7013.541666666667
7031.166666666667
7018.0
7014.833333333333
6995.833333333333
6956.25
6972.25
6961.954545454545
6966.166666666667
6966.083333333333
6966.166666666667
6954.25
6961.083333333333
6983.333333333333
6990.416666666667
7002.583333333333
6989.0
6941.416666666667
6890.666666666667
6883.833333333333
6873.875
6885.916666666667
6934.291666666667
6935.541666666667
6968.583333333333
6819.458333333333
6855.291666666667
6899.833333333333
6885.791666666667
6891.125
6819.916666666667
6768.875
6829.708333333333
6846.875
6814.166666666667
6813.666666666667
6818.791666666667
6712.541666666667
6660.541666666667
6717.375
6756.958333333333
6788.0
6776.291666666667
6671.708333333333
6536.875
6607.916666666667
6678.541666666667
6739.333333333333
6808.708333333333
6809.208333333333
6818.166666666667
6833.291666666667
6828.25
6843.75
6855.5
6869.208333333333
6876.416666666667
6859.0
6867.875
6899.708333333333
6908.25
6820.416666666667
6733.541666666667
6774.791666666667
6812.583333333333
6810.916666666667
6839.291666666667
6874.708333333333
6888.416666666667
6874.833333333333
6858.583333333333
6819.666666666667
6812.458333333333
6831.791666666667
6855.333333333333
6884.833333333333
6901.291666666667
6916.083333333333
6919.833333333333
6918.166666666667
6887.833333333333
6855.125
6849.583333333333
6875.625
6868.166666666667
6874.0
6866.291666666667
6649.291666666667
6700.916666666667
6810.791666666667
6849.541666666667
6865.875
6859.5
6845.708333333333
6862.875
6903.125
6881.041666666667
6859.958333333333
6839.25
6840.083333333333
6873.083333333333
6902.541666666667
6916.541666666667
6918.708333333333
6904.625
6894.291666666667
6917.791666666667
6931.875
6925.708333333333
6903.458333333333
6922.791666666667
6943.041666666667
6956.166666666667
6977.916666666667
6990.583333333333
6962.208333333333
6947.583333333333
6954.166666666667
6951.916666666667
6938.125
6960.75
6973.125
6836.041666666667
6765.291666666667
6810.208333333333
6761.458333333333
6755.833333333333
6772.25
6819.608695652174
6868.875
6907.291666666667
6959.666666666667
6975.375
6952.958333333333
6965.625
6851.375
6653.75
6676.416666666667
6706.75
6752.625
6753.083333333333
6758.0
6768.291666666667
6789.375
6779.791666666667
6734.916666666667
6770.916666666667
6792.208333333333
6750.958333333333
6744.375
6753.583333333333
6767.5
6801.333333333333
6797.333333333333
6763.291666666667
6764.458333333333
6818.583333333333
6857.791666666667
6914.5
6931.875
6935.166666666667
6951.041666666667
6970.458333333333
7005.75
6690.958333333333
6729.583333333333
6812.708333333333
6857.291666666667
6900.916666666667
6946.583333333333
6892.958333333333
6839.166666666667
6789.666666666667
6826.708333333333
6845.958333333333
6881.75
6896.833333333333
6878.666666666667
6908.75
6928.291666666667
6907.541666666667
6906.625
6911.375
6897.791666666667
6929.833333333333
6951.833333333333
6942.25
6950.708333333333
6952.708333333333
6949.083333333333
6960.541666666667
6955.583333333333
6938.75
6945.833333333333
6955.0
6949.333333333333
6980.75
6971.875
6989.833333333333
6921.208333333333
6886.625
6943.958333333333
6961.583333333333
6936.5
6947.666666666667
6927.75
6988.916666666667
6997.291666666667
6979.083333333333
6997.583333333333
7012.291666666667
6986.75
6977.875
7023.416666666667
7061.5
7082.583333333333
7084.041666666667
7070.291666666667
7058.25
7026.458333333333
7031.166666666667
6992.25
6972.291666666667
6978.0
7011.166666666667
7013.791666666667
7036.208333333333
7016.875
6984.0
6992.041666666667
6938.375
6952.083333333333
6946.916666666667
6904.791666666667
6895.0
6902.0
6903.541666666667
6940.583333333333
6978.583333333333
6998.041666666667
6995.041666666667
7005.291666666667
6967.0
6995.083333333333
6986.916666666667
7012.708333333333
7043.0
7037.625
6991.625
7023.666666666667
7034.75
7017.875
6993.333333333333
6943.833333333333
6845.208333333333
6863.0
6759.625
6757.0
6836.208333333333
6821.875
6831.541666666667
6794.625
6673.708333333333
6578.625
6611.083333333333
6726.916666666667
6832.208333333333
6865.5
6862.416666666667
6864.458333333333
6864.166666666667
6867.208333333333
6856.041666666667
6861.333333333333
6859.5
6869.958333333333
6832.083333333333
6732.0
6759.166666666667
6804.458333333333
6835.166666666667
6853.833333333333
6869.875
6896.791666666667
6949.625
6956.086956521739
6965.875
6972.458333333333
6924.25
6815.375
6731.833333333333
6746.125
6794.208333333333
6801.0
6830.708333333333
6851.333333333333
6847.791666666667
6792.708333333333
6760.75
6494.291666666667
6013.0
6201.541666666667
6319.708333333333
6292.541666666667
6212.708333333333
6422.0
6479.25
6485.458333333333
6587.833333333333
6668.583333333333
6669.041666666667
6718.166666666667
6767.875
6819.583333333333
6841.375
6815.166666666667
6811.875
6830.833333333333
6856.333333333333
6796.583333333333
6788.791666666667
6786.708333333333
6802.041666666667
6856.0
6834.416666666667
6845.125
6872.625
6758.666666666667
6694.958333333333
6751.958333333333
6787.5
6800.416666666667
6801.5
6804.25
6863.458333333333
6886.916666666667
6934.375
6956.333333333333
6966.083333333333
6988.291666666667
6972.083333333333
7003.125
7000.041666666667
6957.625
6904.791666666667
6909.083333333333
6901.166666666667
6840.458333333333
6768.291666666667
6820.875
6841.666666666667
6871.375
6903.791666666667
6933.0
6967.166666666667
6920.333333333333
6878.75
6899.375
6927.333333333333
6930.875
6903.0
6882.291666666667
6894.166666666667
6920.875
6901.166666666667
6869.875
6891.125
6941.75
6937.333333333333
6966.666666666667
6876.625
6892.0
6879.791666666667
6879.333333333333
6862.25
6874.875
6875.458333333333
6859.041666666667
6892.666666666667
6898.833333333333
6897.125
6887.333333333333
6829.75
6717.625
6740.416666666667
6770.25
6765.791666666667
6784.375
6774.625
6752.791666666667
6748.541666666667
6732.833333333333
6728.416666666667
6756.25
6794.416666666667
6845.583333333333
6863.75
6881.375
6886.375
6835.291666666667
6660.958333333333
6731.541666666667
6744.708333333333
6792.833333333333
6804.708333333333
6811.708333333333
6824.833333333333
6858.75
6827.75
6847.166666666667
6843.875
6831.708333333333
6848.916666666667
6848.458333333333
6830.541666666667
6805.458333333333
6813.625
6738.708333333333
6624.458333333333
6628.416666666667
6674.083333333333
6667.083333333333
6631.5
6678.583333333333
6700.916666666667
6715.625
6737.5
6715.166666666667
6436.708333333333
6432.25
6549.208333333333
6556.75
6498.041666666667
6444.541666666667
6400.791666666667
6403.916666666667
6421.333333333333
6486.5
6566.916666666667
6602.75
6562.5
6491.041666666667
6519.708333333333
6545.708333333333
6575.125
6565.25
6552.0
6580.041666666667
6584.25
6586.25
6580.166666666667
6573.75
6599.583333333333
6606.458333333333
6600.875
6603.666666666667
6643.291666666667
6618.791666666667
6592.958333333333
6597.666666666667
6608.083333333333
6628.666666666667
6654.916666666667
6634.083333333333
6608.291666666667
6598.166666666667
6622.166666666667
6651.083333333333
6661.708333333333
6662.208333333333
6680.333333333333
6666.958333333333
6693.666666666667
6727.166666666667
6729.666666666667
6752.0
6737.958333333333
6736.916666666667
6703.0
6599.333333333333
6483.041666666667
6550.583333333333
6628.208333333333
6706.458333333333
6733.541666666667
6752.916666666667
6784.208333333333
6802.375
6770.0
6758.458333333333
6762.625
6765.458333333333
6753.875
6767.5
6723.125
6718.5
6730.416666666667
6753.666666666667
6762.166666666667
6776.583333333333
6802.0
6768.5
6753.666666666667
6784.833333333333
6805.916666666667
6811.541666666667
6734.916666666667
6702.333333333333
6746.5
6762.25
6785.708333333333
6783.416666666667
6733.041666666667
6653.166666666667
6691.791666666667
6646.458333333333
6710.416666666667
6683.916666666667
6615.791666666667
6640.416666666667
6647.541666666667
6677.166666666667
6723.416666666667
6706.166666666667
6723.375
6734.083333333333
6755.333333333333
6780.833333333333
6801.291666666667
6812.166666666667
6829.458333333333
6794.416666666667
6794.333333333333
6766.5
6775.583333333333
6770.208333333333
6795.958333333333
6723.208333333333
6742.708333333333
6753.166666666667
6778.916666666667
6771.125
6782.625
6782.291666666667
6786.75
6804.583333333333
6803.5
6813.541666666667
6864.083333333333
6740.5
6678.625
6696.166666666667
6749.416666666667
6791.125
6806.458333333333
6813.041666666667
6756.75
6740.25
6760.416666666667
6767.041666666667
6607.625
6576.5
6590.458333333333
6644.25
6681.375
6689.416666666667
6730.458333333333
6732.041666666667
6691.0
6705.25
6712.291666666667
6707.083333333333
6761.375
6816.833333333333
6847.458333333333
6812.833333333333
6801.708333333333
6804.291666666667
6782.0
6798.708333333333
6779.166666666667
6761.833333333333
6753.666666666667
6782.333333333333
6779.583333333333
6751.25
6735.791666666667
6744.75
6778.458333333333
6808.583333333333
6798.083333333333
6791.958333333333
6793.25
6791.125
6797.625
6781.0
6790.708333333333
6777.25
6800.125
6802.25
6797.125
6796.541666666667
6834.791666666667
6848.791666666667
6826.291666666667
6836.875
6840.5
6856.958333333333
6860.458333333333
6857.958333333333
6830.291666666667
6818.458333333333
6831.541666666667
6855.791666666667
6782.0
6748.166666666667
6731.333333333333
6721.208333333333
6767.291666666667
6807.625
6819.75
6837.916666666667
6846.541666666667
6815.291666666667
6784.416666666667
6781.708333333333
6792.125
6812.833333333333
6819.083333333333
6835.916666666667
6829.333333333333
6801.125
6807.625
6817.541666666667
6817.25
6825.083333333333
6778.291666666667
6811.25
6800.291666666667
6823.958333333333
6827.0
6818.083333333333
6803.916666666667
6811.583333333333
6794.75
6759.0
6766.666666666667
6804.083333333333
6821.333333333333
6800.333333333333
6814.25
6822.416666666667
6813.0
6806.083333333333
6785.75
6777.958333333333
6772.708333333333
6795.0
6796.333333333333
6804.75
6787.75
6810.416666666667
6837.125
6831.833333333333
6827.291666666667
6818.333333333333
6821.666666666667
6862.083333333333
6883.125
6902.041666666667
6865.0
6728.708333333333
6684.791666666667
6581.083333333333
6482.833333333333
6463.25
6510.833333333333
6567.041666666667
6604.333333333333
6625.083333333333
6664.541666666667
6683.958333333333
6669.041666666667
6703.125
6744.125
6774.916666666667
6722.666666666667
6751.583333333333
6781.416666666667
6819.833333333333
6858.958333333333
6879.625
6874.791666666667
6846.125
6811.541666666667
6792.083333333333
6808.333333333333
6791.083333333333
6767.333333333333
6778.625
6815.375
6681.291666666667
6672.083333333333
6697.5
6711.208333333333
6727.958333333333
6738.791666666667
6749.875
6776.916666666667
6763.5
6742.291666666667
6694.375
6713.75
6783.625
6812.291666666667
6854.166666666667
6865.375
6822.375
6798.458333333333
6769.708333333333
6764.458333333333
6761.458333333333
6761.708333333333
6739.708333333333
6671.541666666667
6667.125
6680.583333333333
6687.916666666667
6683.291666666667
6678.333333333333
6659.375
6630.083333333333
6616.583333333333
6491.708333333333
6524.291666666667
6439.583333333333
6441.541666666667
6490.125
6470.166666666667
6497.291666666667
6498.916666666667
6498.083333333333
6459.083333333333
6400.875
6452.416666666667
6527.5
6542.416666666667
6565.916666666667
6619.833333333333
6541.208333333333
6567.375
6561.791666666667
6552.75
6549.333333333333
6538.25
6470.166666666667
6499.666666666667
6510.25
6489.083333333333
6542.75
6591.666666666667
6616.375
6627.0
6648.333333333333
6616.666666666667
6622.708333333333
6683.583333333333
6684.583333333333
6680.0
6672.375
6681.375
6605.291666666667
6486.208333333333
6584.75
6559.916666666667
6574.458333333333
6475.291666666667
6502.416666666667
6573.125
6601.5
6616.083333333333
6626.791666666667
6629.083333333333
6583.083333333333
6575.791666666667
6572.5
6581.916666666667
6584.291666666667
6558.833333333333
6557.458333333333
6584.916666666667
6482.916666666667
6518.833333333333
6544.375
6574.833333333333
6622.291666666667
6627.875
6663.041666666667
6687.416666666667
6697.333333333333
6695.708333333333
6675.625
6684.25
6718.25
6683.833333333333
6682.0
6642.833333333333
6597.583333333333
6605.125
6605.208333333333
6620.833333333333
6625.0
6626.291666666667
6533.583333333333
6555.583333333333
6580.916666666667
6605.208333333333
6635.625
6657.25
6616.583333333333
6597.416666666667
6630.958333333333
6657.625
6663.291666666667
6670.875
6688.75
6692.458333333333
6691.166666666667
6706.25
6715.083333333333
6672.208333333333
6670.583333333333
6691.833333333333
6607.75
6640.416666666667
6656.541666666667
6669.75
6678.416666666667
6686.416666666667
6624.125
6618.75
6625.125
6607.333333333333
6566.666666666667
6498.083333333333
6552.166666666667
6588.0
6600.0
6617.875
6649.125
6685.833333333333
6677.958333333333
6675.916666666667
6685.125
6692.0
6727.708333333333
6754.958333333333
6732.083333333333
6703.875
6669.25
6705.25
6714.083333333333
6743.0
6714.125
6715.0
6736.041666666667
6730.583333333333
6749.5
6751.958333333333
6751.041666666667
6748.5
6784.458333333333
6673.833333333333
6651.833333333333
6701.666666666667
6734.0
6778.791666666667
6782.916666666667
6791.958333333333
6710.916666666667
6737.958333333333
6797.916666666667
6824.625
6803.291666666667
6775.041666666667
6689.5
6667.416666666667
6706.666666666667
6708.875
6725.916666666667
6775.541666666667
6845.208333333333
6834.375
6839.416666666667
6800.083333333333
6777.791666666667
6804.958333333333
6834.541666666667
6809.5
6779.875
6722.375
6738.25
6757.875
6764.291666666667
6777.166666666667
6750.791666666667
6770.041666666667
6784.625
6795.583333333333
6803.541666666667
6698.375
6651.166666666667
6612.958333333333
6678.166666666667
6711.708333333333
6678.166666666667
6724.208333333333
6750.375
6786.166666666667
6802.0
6830.791666666667
6837.75
6809.958333333333
6796.0
6770.208333333333
6752.416666666667
6761.166666666667
6757.583333333333
6694.916666666667
6693.333333333333
6740.666666666667
6775.541666666667
6674.75
6623.458333333333
6652.5
6673.208333333333
6699.791666666667
6695.25
6698.083333333333
6587.083333333333
6664.583333333333
6678.041666666667
6708.5
6754.083333333333
6766.5
6719.541666666667
6555.833333333333
6588.083333333333
6649.291666666667
6710.0
6711.666666666667
6705.708333333333
6702.208333333333
6676.5
6698.083333333333
6737.041666666667
6740.791666666667
6749.833333333333
6764.583333333333
6775.166666666667
6789.291666666667
6771.5
6769.583333333333
6699.333333333333
6645.875
6714.5
6739.875
6753.708333333333
6761.166666666667
6726.958333333333
6682.291666666667
6681.541666666667
6647.666666666667
6594.666666666667
6606.458333333333
6643.208333333333
6699.666666666667
6709.5
6717.125
6717.916666666667
6714.708333333333
6704.458333333333
6710.208333333333
6687.958333333333
6640.041666666667
6644.125
6638.5
6626.083333333333
6620.625
6611.875
6586.5
6601.25
6631.833333333333
6647.333333333333
6678.041666666667
6707.208333333333
6693.041666666667
6646.291666666667
6610.125
6581.375
6651.375
6673.291666666667
6706.458333333333
6729.666666666667
6651.208333333333
6615.291666666667
6618.0
6620.875
6588.333333333333
6444.875
6486.875
6540.625
6563.958333333333
6428.041666666667
6424.666666666667
6433.125
6449.625
6455.5
6466.458333333333
6511.458333333333
6564.416666666667
6443.583333333333
6349.125
6367.041666666667
6423.958333333333
6473.75
6513.416666666667
6548.708333333333
6586.916666666667
6629.333333333333
6665.833333333333
6691.333333333333
6670.666666666667
6638.25
6587.833333333333
6562.666666666667
6575.25
6600.625
6629.291666666667
6662.5
6679.708333333333
6707.083333333333
6681.333333333333
6682.5
6646.208333333333
6643.875
6648.666666666667
6599.791666666667
6599.916666666667
6593.916666666667
6623.0
6666.291666666667
6699.458333333333
6721.708333333333
6729.875
6732.625
6721.583333333333
6670.208333333333
6567.791666666667
6573.833333333333
6576.75
6564.791666666667
6608.375
6619.958333333333
6642.291666666667
6631.875
6645.208333333333
6681.666666666667
6700.125
6690.5
6616.083333333333
6523.125
6523.666666666667
6554.833333333333
6591.375
6600.75
6563.75
6591.875
6611.666666666667
6641.375
6708.375
6724.958333333333
6681.916666666667
6774.333333333333
6775.625
6751.0
6697.166666666667
6668.208333333333
6686.958333333333
6689.083333333333
6715.333333333333
6730.375
6746.375
6764.958333333333
6795.875
6816.958333333333
6817.833333333333
6787.625
6716.958333333333
6707.0
6716.25
6737.166666666667
6737.416666666667
6721.875
6725.958333333333
6656.666666666667
6614.875
6612.0
6626.541666666667
6633.285714285715
6649.666666666667
6683.0
6644.0
6573.666666666667
6645.25
6698.833333333333
6713.666666666667
6738.458333333333
6749.333333333333
6738.291666666667
6701.047619047619
6558.421052631579
6621.777777777777
6687.041666666667
6683.875
6698.791666666667
6707.916666666667
6668.0
6653.75
6607.791666666667
6584.458333333333
6515.333333333333
6459.083333333333
6460.583333333333
6446.5
6589.4
6572.791666666667
6563.541666666667
6572.333333333333
6603.291666666667
6622.25
6633.833333333333
6636.875
6651.75
6648.833333333333
6652.958333333333
6651.5
6639.541666666667
6605.041666666667
6629.958333333333
6635.125
6628.083333333333
6632.208333333333
6552.583333333333
6563.916666666667
6559.666666666667
6585.416666666667
6624.958333333333
6644.75
6673.583333333333
6702.208333333333
6716.958333333333
6712.291666666667
6725.791666666667
6712.708333333333
6736.666666666667
6708.625
6714.083333333333
6737.958333333333
6759.416666666667
6723.666666666667
6698.833333333333
6709.75
6680.583333333333
6684.0
6696.375
6698.708333333333
6652.291666666667
6684.125
6726.708333333333
6700.125
6647.791666666667
6634.208333333333
6644.125
6649.958333333333
6672.583333333333
6694.291666666667
6688.375
6721.333333333333
6717.75
6727.583333333333
6765.125
6776.875
6773.458333333333
6785.708333333333
6818.291666666667
6808.375
6736.666666666667
6734.5
6744.125
6761.208333333333
6777.958333333333
6769.208333333333
6808.916666666667
6824.083333333333
6741.333333333333
6692.458333333333
6569.25
6567.041666666667
6589.583333333333
6578.291666666667
6574.25
6454.041666666667
6293.75
6339.75
6448.125
6559.958333333333
6586.541666666667
6580.708333333333
6670.625
6774.708333333333
6830.791666666667
6864.291666666667
6836.333333333333
6809.791666666667
6773.416666666667
6755.666666666667
6717.041666666667
6685.041666666667
6657.791666666667
6597.916666666667
6605.333333333333
6636.041666666667
6633.0
6606.125
6573.875
6568.541666666667
6598.541666666667
6623.458333333333
6640.5
6631.541666666667
6641.375
6675.541666666667
6686.5
6669.625
6743.833333333333
6803.875
6824.916666666667
6842.25
6806.208333333333
6721.416666666667
6623.583333333333
6658.291666666667
6681.875
6615.75
6603.0
6630.125
6585.416666666667
6524.291666666667
6573.333333333333
6626.916666666667
6594.166666666667
6556.583333333333
6536.416666666667
6404.958333333333
6501.666666666667
6448.9
6170.0
5916.5
6500.666666666667
6529.0
6393.666666666667
6408.142857142857
6459.818181818182
6848.5
6854.333333333333
6760.708333333333
6727.833333333333
6707.208333333333
6699.625
6734.416666666667
6752.208333333333
6721.541666666667
6698.541666666667
6676.958333333333
6580.291666666667
6490.125
6446.75
6416.625
6396.166666666667
6394.458333333333
6403.25
6414.333333333333
6441.666666666667
6462.5
6531.125
6544.833333333333
6574.375
6659.875
6686.208333333333
6751.791666666667
6827.958333333333
6805.041666666667
6775.166666666667
6763.375
6651.875
6372.791666666667
6265.583333333333
6277.791666666667
6326.958333333333
6352.25
6394.916666666667
6467.791666666667
6404.583333333333
6367.666666666667
6372.458333333333
6403.041666666667
6443.666666666667
6477.916666666667
6497.625
6500.5
6504.041666666667
6482.541666666667
6497.541666666667
6564.583333333333
6626.875
6676.0
6727.916666666667
6762.666666666667
6796.041666666667
6781.583333333333
6711.958333333333
6672.291666666667
6649.166666666667
6671.75
6699.25
6629.958333333333
6605.125
6602.625
6619.458333333333
6628.916666666667
6547.666666666667
6549.875
6565.458333333333
6531.541666666667
6503.625
6491.541666666667
6493.291666666667
6456.416666666667
6453.083333333333
6514.833333333333
6566.791666666667
6563.083333333333
6570.041666666667
6565.125
6619.916666666667
6687.166666666667
6692.727272727273
6693.714285714285
6692.208333333333
6674.666666666667
6680.416666666667
6668.666666666667
6594.916666666667
6554.666666666667
6554.625
6575.208333333333
6585.166666666667
6537.875
6559.708333333333
6567.0
6581.541666666667
6612.833333333333
6613.416666666667
6613.625
6615.1
6582.833333333333
6513.5
6497.208333333333
6534.666666666667
6558.75
6560.041666666667
6573.875
6621.0
6644.916666666667
6592.916666666667
6523.791666666667
6507.541666666667
6521.75
6551.583333333333
6523.583333333333
6341.708333333333
6297.041666666667
6334.708333333333
6393.291666666667
6399.333333333333
6377.083333333333
6390.625
6431.833333333333
6474.458333333333
6462.125
6448.833333333333
6460.75
6421.0
6453.666666666667
6459.583333333333
6426.25
6448.791666666667
6490.666666666667
6562.958333333333
6563.916666666667
6565.666666666667
6580.416666666667
6569.833333333333
6527.708333333333
6438.125
6416.0
6447.333333333333
6479.375
6513.333333333333
6508.5
6522.083333333333
6522.583333333333
6521.083333333333
6520.25
6554.291666666667
6528.416666666667
6532.458333333333
6530.666666666667
6539.333333333333
6554.125
6580.166666666667
6718.291666666667
6718.541666666667
6749.75
6694.791666666667
6602.0
6604.75
6612.0
6606.0
6585.583333333333
6507.666666666667
6460.833333333333
6462.541666666667
6493.083333333333
6521.333333333333
6523.375
6555.833333333333
6579.458333333333
6605.583333333333
6629.291666666667
6647.875
6665.083333333333
6636.208333333333
6604.083333333333
6580.416666666667
6625.666666666667
6627.708333333333
6637.041666666667
6657.75
6684.625
6730.375
6774.541666666667
6765.083333333333
6744.291666666667
6747.708333333333
6729.458333333333
6706.666666666667
6720.75
6715.0526315789475
6754.75
6747.5
6795.958333333333
6763.375
6688.708333333333
6625.833333333333
6629.25
6651.875
6662.875
6702.416666666667
6717.625
6701.875
6581.416666666667
6219.583333333333
6227.666666666667
6163.708333333333
6271.208333333333
6309.625
6580.291666666667
6623.583333333333
6643.176470588235
6683.458333333333
6714.833333333333
6729.5
6670.666666666667
6671.125
6575.208333333333
6579.833333333333
6623.083333333333
6596.375
6626.333333333333
6663.0
6687.875
6694.583333333333
6699.291666666667
6685.041666666667
6683.5
6696.666666666667
6711.708333333333
6702.666666666667
6678.833333333333
6723.625
6755.625
6782.708333333333
6752.333333333333
6733.916666666667
6745.458333333333
6728.25
6725.958333333333
6754.625
6766.0
6727.541666666667
6980.136363636364
7255.166666666667
7475.0
6746.583333333333
6724.208333333333
6776.208333333333
6759.666666666667
6612.625
6590.041666666667
6648.708333333333
6680.791666666667
6743.916666666667
6754.916666666667
6743.416666666667
6746.208333333333
6752.541666666667
6768.625
6768.041666666667
6601.25
6591.791666666667
6674.625
6706.083333333333
6725.208333333333
6741.25
6763.541666666667
6784.708333333333
6788.833333333333
6775.25
6751.125
6737.5
6693.0
6607.083333333333
6632.541666666667
6648.75
6589.75
6593.041666666667
6624.333333333333
6669.0
6662.708333333333
6668.083333333333
6682.875
6762.125
6747.0
6805.666666666667
6769.708333333333
6754.166666666667
6738.083333333333
6736.958333333333
6739.875
6748.041666666667
6732.625
6734.333333333333
6733.875
6760.541666666667
6705.166666666667
6683.666666666667
6654.791666666667
6689.541666666667
6666.083333333333
6665.0
6695.833333333333
6708.0
6692.791666666667
6701.307692307692
6658.5
6680.875
6673.166666666667
6695.041666666667
6715.666666666667
6734.416666666667
6745.458333333333
6757.5
6769.125
6765.916666666667
6786.916666666667
6764.916666666667
6700.375
6682.458333333333
6700.166666666667
6715.791666666667
6717.083333333333
6722.125
6720.833333333333
6740.0
6725.833333333333
6756.5
6692.208333333333
6717.375
6705.666666666667
6588.958333333333
6606.666666666667
6618.708333333333
6580.454545454545
6684.55
6701.916666666667
6702.541666666667
6697.375
6772.541666666667
6804.208333333333
6765.208333333333
6708.208333333333
6687.291666666667
6728.333333333333
6784.083333333333
6826.954545454545
6815.625
6809.291666666667
6774.833333333333
6805.333333333333
6817.458333333333
6853.958333333333
6859.833333333333
6841.708333333333
6827.208333333333
6793.833333333333
6739.208333333333
6693.625
6676.458333333333
6696.75
6715.833333333333
6717.958333333333
6720.958333333333
6711.583333333333
6742.25
6768.333333333333
6733.958333333333
6754.041666666667
6766.333333333333
6773.0
6796.625
6674.791666666667
6670.333333333333
6759.75
6811.583333333333
6847.708333333333
6847.833333333333
6834.041666666667
6816.0
6817.0
6824.458333333333
6821.958333333333
6673.625
6637.458333333333
6738.833333333333
6750.5
6776.333333333333
6798.291666666667
6826.916666666667
6831.25
6860.083333333333
6872.166666666667
6866.25
6865.041666666667
6821.083333333333
6813.833333333333
6781.375
6799.875
6817.5
6788.708333333333
6810.791666666667
6844.166666666667
6908.166666666667
6962.708333333333
6958.541666666667
6944.916666666667
6867.916666666667
6869.875
6910.25
6898.125
6904.375
6940.25
6973.041666666667
6888.75
6856.25
6873.5
6897.375
6909.95652173913
6881.75
6899.208333333333
6936.791666666667
6912.833333333333
6885.916666666667
6900.083333333333
6883.666666666667
6884.375
6911.791666666667
6893.083333333333
6896.416666666667
6896.875
6917.375
6908.333333333333
6947.875
6976.041666666667
6990.583333333333
6966.75
6939.583333333333
6881.208333333333
6858.166666666667
6895.166666666667
6960.916666666667
6987.375
6994.125
7001.5
6958.5
6880.833333333333
6842.25
6878.75
6939.416666666667
6919.458333333333
6915.166666666667
6914.041666666667
6891.916666666667
6870.833333333333
6858.416666666667
6834.0
6883.0
6891.208333333333
6891.125
6899.916666666667
6901.791666666667
6857.0
6835.125
6829.125
6818.5
6840.625
6901.708333333333
6904.791666666667
6907.0
6932.5
6983.875
6985.5
6962.375
6969.375
6977.625
6975.625
6968.666666666667
6922.916666666667
6967.625
6944.208333333333
6896.958333333333
6930.416666666667
6908.333333333333
6819.916666666667
6804.791666666667
6818.041666666667
6864.083333333333
6878.333333333333
6898.75
6897.083333333333
6872.125
6822.291666666667
6795.375
6847.916666666667
6869.666666666667
6895.708333333333
6919.583333333333
6965.708333333333
7016.166666666667
7037.875
7000.125
6975.5
6971.833333333333
6955.708333333333
6990.375
6987.041666666667
6944.0
6921.791666666667
6927.833333333333
6970.916666666667
6997.708333333333
7010.333333333333
7038.208333333333
7032.875
6986.916666666667
6973.708333333333
6934.833333333333
6928.291666666667
6915.083333333333
6845.5
6842.958333333333
6886.625
6935.083333333333
6950.708333333333
6986.416666666667
7048.333333333333
7036.166666666667
6998.25
6989.375
6962.25
6963.75
6990.333333333333
7019.833333333333
7050.75
7075.708333333333
7034.958333333333
7042.041666666667
7053.041666666667
7062.5
7084.333333333333
7084.791666666667
7065.75
7022.958333333333
6964.25
6895.916666666667
6849.458333333333
6835.291666666667
6842.375
6856.25
6904.458333333333
6965.708333333333
7026.125
7082.791666666667
6976.916666666667
6955.833333333333
6933.166666666667
6934.833333333333
6925.458333333333
6955.375
6975.666666666667
6998.25
6990.916666666667
7001.625
6999.75
7014.833333333333
7049.5
7069.708333333333
7050.25
6973.083333333333
6952.75
6919.375
6881.208333333333
6852.625
6832.625
6834.25
6851.041666666667
6896.583333333333
6938.833333333333
6956.416666666667
7012.916666666667
6899.208333333333
6845.958333333333
6885.208333333333
6944.166666666667
6952.125
6963.375
6965.416666666667
6964.916666666667
6982.583333333333
6992.708333333333
7011.291666666667
7037.875
7064.291666666667
7063.666666666667
6952.916666666667
6970.208333333333
7000.083333333333
6958.458333333333
6922.791666666667
6920.333333333333
6894.0
6888.625
6915.166666666667
6948.25
6980.041666666667
7002.875
7011.833333333333
7068.75
7024.583333333333
6997.583333333333
6973.0
6926.458333333333
6907.5
6919.666666666667
6976.166666666667
6949.541666666667
6962.0
6996.0
7033.0
7053.75
7075.416666666667
7067.0
7022.291666666667
6961.25
6946.166666666667
6910.125
6916.083333333333
6934.958333333333
6968.958333333333
6991.333333333333
6986.958333333333
7018.666666666667
7070.0
7078.041666666667
7062.583333333333
7095.0
7139.708333333333
7138.041666666667
7097.416666666667
7101.875
7065.5
7070.083333333333
7029.5
7030.708333333333
7025.958333333333
7026.208333333333
7036.333333333333
7089.5
7110.541666666667
7074.041666666667
7020.166666666667
6998.0
7015.583333333333
7029.208333333333
7049.625
7051.875
7056.875
7101.583333333333
7129.25
7138.545454545455
7179.791666666667
7196.291666666667
7184.25
7199.416666666667
7162.708333333333
7114.833333333333
7155.583333333333
7089.833333333333
7098.958333333333
7078.916666666667
7082.916666666667
7089.166666666667
7086.5
7102.041666666667
7158.458333333333
7155.916666666667
7123.75
7047.083333333333
6985.583333333333
6989.583333333333
6993.291666666667
6979.458333333333
6991.125
7050.708333333333
7102.125
7070.208333333333
7064.458333333333
7097.958333333333
7129.875
7192.416666666667
7204.083333333333
7191.5
7171.583333333333
7116.416666666667
7113.083333333333
7107.083333333333
7091.083333333333
7077.583333333333
7081.416666666667
7099.0
7144.75
7171.333333333333
7185.125
7196.375
7177.666666666667
7068.125
7011.458333333333
6996.583333333333
7000.958333333333
6999.041666666667
7006.416666666667
7025.625
7062.208333333333
7082.0
7107.041666666667
7112.25
7181.166666666667
7240.291666666667
7218.958333333333
7195.083333333333
7215.583333333333
7212.375
7145.0
7090.875
7085.75
7079.0
7111.833333333333
7163.416666666667
7184.708333333333
7180.708333333333
7193.583333333333
7162.333333333333
7088.708333333333
7048.0
7048.958333333333
7054.875
7050.916666666667
7035.75
7031.416666666667
7026.708333333333
7054.916666666667
7110.0
7145.291666666667
7130.375
7127.0
7113.958333333333
7122.375
7159.791666666667
7149.375
7145.166666666667
7150.125
7145.375
7116.125
7113.083333333333
7130.958333333333
7168.166666666667
7214.958333333333
7233.833333333333
7218.833333333333
7170.708333333333
7154.583333333333
7123.833333333333
7155.5
7127.333333333333
7111.166666666667
7098.125
7110.083333333333
7125.25
7140.0
7120.125
7112.291666666667
7088.916666666667
7122.583333333333
7139.708333333333
7182.541666666667
7147.833333333333
7144.291666666667
7152.333333333333
7096.416666666667
7113.291666666667
7096.666666666667
7128.666666666667
7160.25
7188.666666666667
7184.333333333333
7169.416666666667
7175.166666666667
7155.666666666667
7134.875
7100.333333333333
7114.625
7167.25
7110.583333333333
7112.875
7121.375
7135.625
7151.541666666667
7143.875
7139.833333333333
7091.333333333333
7111.833333333333
7142.041666666667
7183.541666666667
7204.041666666667
7160.416666666667
7109.291666666667
7101.541666666667
7111.458333333333
7158.166666666667
7148.541666666667
7162.083333333333
7174.666666666667
7164.416666666667
7141.791666666667
7158.666666666667
7167.958333333333
7161.541666666667
7180.25
7203.833333333333
7203.625
7211.166666666667
7214.875
7225.208333333333
7231.208333333333
7195.333333333333
7157.833333333333
7196.916666666667
7153.541666666667
7173.541666666667
7229.541666666667
7214.125
7197.291666666667
7183.833333333333
7171.333333333333
7149.208333333333
7131.041666666667
7107.125
7118.708333333333
7055.541666666667
7035.458333333333
7043.75
7081.625
7092.791666666667
7097.333333333333
7113.125
7128.541666666667
7163.333333333333
7193.666666666667
7183.166666666667
7222.25
7265.25
7271.333333333333
7277.75
7240.625
7161.125
7107.214285714285
7062.958333333333
7023.5
7041.333333333333
7057.045454545455
7066.958333333333
7060.75
7064.541666666667
7083.583333333333
7101.25
7092.75
7089.125
7110.208333333333
7123.416666666667
7122.125
7109.636363636364
7145.541666666667
7167.333333333333
7167.166666666667
7176.25
7167.083333333333
7194.333333333333
7221.041666666667
7255.333333333333
7227.541666666667
7189.416666666667
7192.458333333333
7212.375
7248.25
7195.208333333333
7190.708333333333
7178.416666666667
7176.75
7141.416666666667
7149.916666666667
7149.25
7127.5
7013.208333333333
7034.583333333333
7066.541666666667
7084.333333333333
7116.208333333333
7149.875
7158.625
7170.708333333333
7181.791666666667
7176.5
7201.833333333333
7222.375
7210.708333333333
7218.0
7246.416666666667
7241.916666666667
7217.291666666667
7241.208333333333
7260.291666666667
7269.958333333333
7220.083333333333
7186.291666666667
7209.75
7222.0
7220.5
7210.0
7185.541666666667
7152.708333333333
7111.0
7084.333333333333
7079.208333333333
7072.583333333333
7088.666666666667
7114.708333333333
7141.75
7123.458333333333
7140.166666666667
7132.333333333333
7148.833333333333
7157.833333333333
7153.083333333333
7167.208333333333
7159.125
7174.666666666667
7145.041666666667
7171.083333333333
7195.083333333333
7202.25
7247.375
7076.458333333333
6936.1578947368425
7073.333333333333
7129.333333333333
7154.782608695652
7143.291666666667
7089.791666666667
7033.666666666667
6991.708333333333
7016.291666666667
7024.5
7035.625
7041.125
7027.708333333333
7026.5
7009.041666666667
6931.0
6986.6
6976.75
6946.958333333333
6988.458333333333
7007.375
7034.916666666667
7053.333333333333
7058.166666666667
7093.75
7121.208333333333
7098.291666666667
7101.791666666667
7098.041666666667
7085.333333333333
7087.625
7052.0
7012.0
6958.416666666667
6950.166666666667
6957.833333333333
6954.458333333333
6975.708333333333
6961.708333333333
6988.958333333333
7010.166666666667
7016.708333333333
7039.25
7077.208333333333
7087.166666666667
7088.083333333333
7066.75
7077.208333333333
7111.958333333333
7112.041666666667
7128.083333333333
7158.75
7111.583333333333
6758.375
6832.041666666667
6999.208333333333
7065.875
7071.708333333333
7041.833333333333
7005.666666666667
6969.458333333333
7001.416666666667
7019.125
7030.75
6994.791666666667
7006.458333333333
7020.541666666667
7040.958333333333
7039.125
7022.666666666667
7032.708333333333
7056.916666666667
7020.416666666667
6947.5
6996.125
7030.666666666667
7027.041666666667
7039.958333333333
7080.625
7094.416666666667
7084.541666666667
7066.75
7072.125
7050.833333333333
7069.0
7081.875
7075.041666666667
7057.208333333333
7022.071428571428
7021.478260869565
7068.375
7106.166666666667
7145.083333333333
7168.5
7166.208333333333
7151.041666666667
7151.0
7103.416666666667
7091.458333333333
7078.083333333333
7051.75
7085.375
7092.458333333333
7079.625
7112.458333333333
7150.375
7203.125
7222.041666666667
7142.0
7116.333333333333
7115.5
7108.791666666667
7135.833333333333
7125.333333333333
7063.958333333333
7067.791666666667
7060.583333333333
7097.291666666667
7101.333333333333
7112.0
7115.291666666667
7133.0
7103.75
7147.666666666667
7191.875
7226.833333333333
7270.5
7183.166666666667
7208.75
7259.25
7281.583333333333
7221.291666666667
7244.833333333333
7224.583333333333
7184.375
7166.541666666667
7127.625
7077.708333333333
7087.416666666667
7104.625
7136.375
7098.041666666667
7068.291666666667
7066.416666666667
7085.291666666667
7102.458333333333
7138.291666666667
7156.75
7141.583333333333
7118.791666666667
7137.791666666667
7168.291666666667
7199.541666666667
7169.708333333333
7181.958333333333
7157.041666666667
7190.125
7203.208333333333
7210.333333333333
7223.583333333333
7188.5
7177.5
7163.25
7140.666666666667
7116.625
7109.416666666667
7113.333333333333
7111.708333333333
7083.625
7084.416666666667
7101.875
7105.75
7136.458333333333
7154.666666666667
7196.916666666667
7187.083333333333
7150.5
7138.583333333333
7158.833333333333
7180.75
7174.875
7152.75
7168.541666666667
7180.916666666667
7224.041666666667
7258.416666666667
7254.416666666667
7230.0
7215.791666666667
7198.083333333333
7207.5
7211.291666666667
7193.208333333333
7161.583333333333
7152.041666666667
7128.166666666667
7100.625
7100.083333333333
7125.583333333333
7112.625
7113.458333333333
7112.75
7145.541666666667
7153.25
7162.083333333333
7159.958333333333
7155.208333333333
7161.916666666667
7189.25
7206.75
7221.0
7250.875
7236.958333333333
7262.708333333333
7227.666666666667
7201.416666666667
7216.0
7210.583333333333
7214.416666666667
7239.083333333333
7239.5
7194.75
7172.416666666667
7163.916666666667
7163.833333333333
7180.291666666667
7179.208333333333
7194.166666666667
7176.458333333333
7164.791666666667
7141.5
7146.041666666667
7148.375
7155.125
7179.583333333333
7194.375
7188.375
7192.833333333333
7210.958333333333
7225.0
7255.125
7244.0
7235.791666666667
7205.916666666667
7213.666666666667
7197.333333333333
7215.583333333333
7243.333333333333
7245.708333333333
7152.291666666667
7121.458333333333
7129.791666666667
7146.125
7154.041666666667
7166.416666666667
7164.958333333333
7165.25
7147.666666666667
7153.375
7170.291666666667
7178.875
7184.625
7177.791666666667
7177.958333333333
7198.125
7229.083333333333
7248.416666666667
7232.458333333333
7247.666666666667
7259.416666666667
7258.888888888889
7268.166666666667
7293.75
7288.166666666667
7296.166666666667
7279.375
7276.916666666667
7233.75
7193.125
7160.583333333333
7162.583333333333
7169.833333333333
7184.916666666667
7195.416666666667
7204.541666666667
7224.916666666667
7229.333333333333
7219.125
7245.083333333333
7259.208333333333
7268.291666666667
7272.291666666667
7260.416666666667
7272.916666666667
7270.458333333333
7247.75
7250.291666666667
7251.583333333333
7245.041666666667
7241.041666666667
7242.083333333333
7252.958333333333
7268.083333333333
7260.208333333333
7230.75
7206.916666666667
7231.0
7242.291666666667
7231.958333333333
7206.458333333333
7180.916666666667
7182.083333333333
7189.708333333333
7207.083333333333
7221.333333333333
7217.25
7225.75
7250.958333333333
7278.083333333333
7290.416666666667
7270.25
7251.625
7238.166666666667
7249.541666666667
7278.25
7273.958333333333
7274.541666666667
7280.166666666667
7292.5
7282.958333333333
7287.25
7283.625
7277.083333333333
7270.333333333333
7289.583333333333
7265.458333333333
7191.75
7175.583333333333
7170.416666666667
7208.583333333333
7224.375
7160.083333333333
7156.0
7194.875
7176.458333333333
7192.291666666667
7193.75
7205.041666666667
7198.958333333333
7218.0
7236.125
7236.083333333333
7219.791666666667
7243.125
7235.208333333333
7226.083333333333
7258.916666666667
7283.125
7269.5
7270.541666666667
7238.125
7223.875
7231.291666666667
7247.375
7280.458333333333
7239.666666666667
7239.380952380952
7249.333333333333
7249.75
7194.666666666667
7202.833333333333
7224.833333333333
7241.666666666667
7248.666666666667
7276.833333333333
7264.25
7263.583333333333
7246.416666666667
7206.625
7211.916666666667
7238.833333333333
7245.458333333333
7234.458333333333
7222.458333333333
7250.333333333333
7250.791666666667
7246.958333333333
7229.208333333333
7234.125
7230.875
7208.458333333333
7200.25
7221.208333333333
7260.25
7255.458333333333
7219.25
7198.458333333333
7196.041666666667
7183.25
7191.083333333333
7190.75
7206.291666666667
7254.666666666667
7267.291666666667
7231.666666666667
7271.291666666667
7211.25
7231.0
7244.25
7266.833333333333
7267.583333333333
7279.291666666667
7289.458333333333
7287.5
7280.916666666667
7269.25
7261.291666666667
7267.541666666667
7267.458333333333
7263.791666666667
7278.75
7236.375
7249.708333333333
7248.458333333333
7242.583333333333
7255.75
7277.625
7323.791666666667
7320.541666666667
7283.416666666667
7295.291666666667
7279.625
7255.541666666667
7214.416666666667
7225.333333333333
7246.666666666667
7260.625
7257.166666666667
7268.666666666667
7253.083333333333
7245.458333333333
7265.291666666667
7271.458333333333
7291.416666666667
7293.291666666667
7282.375
7319.208333333333
7280.791666666667
7230.75
7258.875
7264.625
7265.958333333333
7274.625
7250.208333333333
7240.625
7226.916666666667
7221.583333333333
7205.583333333333
7221.125
7224.0
7257.458333333333
7227.875
7227.791666666667
7241.208333333333
7248.083333333333
7265.875
7265.875
7245.791666666667
7242.833333333333
7269.0
7259.958333333333
7270.541666666667
7277.083333333333
7286.583333333333
7287.791666666667
7262.916666666667
7207.708333333333
7209.291666666667
7180.75
7159.208333333333
7205.25
7185.125
7182.791666666667
7163.75
7170.625
7169.25
7188.375
7160.041666666667
7163.0
7169.541666666667
7168.083333333333
7184.625
7196.291666666667
7208.791666666667
7217.041666666667
7230.291666666667
7225.083333333333
7236.0
7236.25
7218.916666666667
7233.708333333333
7254.583333333333
7245.375
7226.25
7211.583333333333
7183.5
7193.833333333333
7199.583333333333
7185.666666666667
7173.375
7121.833333333333
7136.75
7147.916666666667
7159.166666666667
7171.958333333333
7174.791666666667
7173.375
7197.458333333333
7197.541666666667
7189.916666666667
7189.625
7193.708333333333
7219.833333333333
7224.708333333333
7235.916666666667
7260.375
7250.041666666667
7231.25
7250.625
7204.083333333333
7217.25
7206.041666666667
7186.416666666667
7192.333333333333
7234.083333333333
7245.625
7256.166666666667
7223.083333333333
7215.125
7212.041666666667
7189.083333333333
7168.583333333333
7165.75
7150.0
7141.041666666667
7145.541666666667
7138.708333333333
7149.708333333333
7156.416666666667
7182.0
7201.041666666667
7226.041666666667
7248.791666666667
7254.833333333333
7263.541666666667
7251.041666666667
7232.833333333333
7198.75
7197.166666666667
7184.166666666667
7177.75
7187.5
7228.583333333333
7249.625
7225.333333333333
7185.791666666667
7171.041666666667
7210.75
7207.166666666667
7195.291666666667
7199.375
7156.125
7150.75
7147.916666666667
7179.166666666667
7197.75
7225.458333333333
7212.208333333333
7216.166666666667
7217.958333333333
7194.625
7213.791666666667
7247.375
7271.0
7269.958333333333
7272.916666666667
7256.208333333333
7249.0
7237.75
7258.875
7237.875
7248.375
7232.958333333333
7218.375
7222.583333333333
7232.333333333333
7245.083333333333
7242.416666666667
7250.916666666667
7268.458333333333
7282.666666666667
7303.083333333333
7320.333333333333
7285.583333333333
7253.875
7241.708333333333
7236.791666666667
7234.458333333333
7199.041666666667
7227.208333333333
7252.416666666667
7276.458333333333
7283.375
7282.416666666667
7297.083333333333
7303.875
7319.583333333333
7285.0
7287.791666666667
7255.5
7250.583333333333
7256.666666666667
7261.791666666667
7255.666666666667
7283.916666666667
7296.083333333333
7269.666666666667
7277.625
7305.208333333333
7334.25
7311.208333333333
7314.708333333333
7274.666666666667
7266.625
7267.666666666667
7271.458333333333
7274.125
7269.416666666667
7287.875
7300.333333333333
7298.416666666667
7303.875
7298.166666666667
7287.5
7280.291666666667
7286.708333333333
7291.625
7287.166666666667
7287.708333333333
7291.416666666667
7273.375
7285.375
7317.333333333333
7289.208333333333
7277.583333333333
7247.583333333333
7250.208333333333
7270.875
7258.625
7221.208333333333
7185.0
7179.375
7196.583333333333
7144.75
7140.166666666667
7199.166666666667
7204.0
7202.833333333333
7154.666666666667
7140.041666666667
7176.541666666667
7198.666666666667
7205.208333333333
7230.791666666667
7253.833333333333
7265.75
7249.5
7255.041666666667
7289.166666666667
7262.833333333333
7240.083333333333
7262.833333333333
7255.875
7260.75
7265.375
7249.625
7239.75
7233.208333333333
7242.375
7251.041666666667
7250.166666666667
7278.041666666667
7271.916666666667
7287.958333333333
7289.5
7284.833333333333
7240.125
7200.208333333333
7213.208333333333
7233.0
7250.25
7242.208333333333
7272.208333333333
7259.291666666667
7245.791666666667
7265.75
7282.5
7282.166666666667
7280.0
7307.541666666667
7288.583333333333
7265.916666666667
7251.583333333333
7248.5
7222.416666666667
7214.458333333333
7238.583333333333
7231.833333333333
7248.375
7275.958333333333
7298.875
7280.583333333333
7210.25
7195.625
7216.041666666667
7230.958333333333
7227.458333333333
7240.541666666667
7215.5
7233.666666666667
7229.5
7234.208333333333
7266.208333333333
7269.916666666667
7269.708333333333
7260.5
7265.208333333333
7284.666666666667
7280.333333333333
7287.666666666667
7289.166666666667
7248.916666666667
7255.416666666667
7280.208333333333
7250.541666666667
7231.708333333333
7251.666666666667
7255.791666666667
7251.666666666667
7198.291666666667
7213.541666666667
7218.375
7231.208333333333
7192.791666666667
7202.875
7219.458333333333
7211.625
7200.208333333333
7219.375
7234.25
7243.583333333333
7222.583333333333
7226.166666666667
7254.166666666667
7235.041666666667
7241.541666666667
7253.291666666667
7264.833333333333
7279.625
7280.75
7270.541666666667
7257.791666666667
7244.083333333333
7268.791666666667
7246.958333333333
7199.333333333333
7177.818181818182
7192.333333333333
7318.958333333333
7280.333333333333
7241.416666666667
7274.583333333333
7295.208333333333
7309.416666666667
7331.041666666667
7329.0
7331.708333333333
7329.083333333333
7294.583333333333
7291.75
7313.416666666667
7304.083333333333
7315.75
7341.666666666667
7350.708333333333
7357.458333333333
7346.375
7337.416666666667
7345.958333333333
7319.416666666667
7308.583333333333
7303.083333333333
7301.375
7306.083333333333
7326.75
7333.416666666667
7314.916666666667
7303.25
7339.458333333333
7299.541666666667
7324.666666666667
7330.375
7331.333333333333
7328.125
7286.875
7288.916666666667
7307.916666666667
7298.416666666667
7319.208333333333
7316.0
7313.041666666667
7319.75
7326.5
7331.0
7294.75
7274.25
7243.416666666667
7244.416666666667
7263.64705882353
7277.0
7280.375
7288.125
7303.75
7308.75
7313.208333333333
7313.625
7336.454545454545
7336.833333333333
7316.8
7307.708333333333
7322.375
7315.208333333333
7305.916666666667
7298.458333333333
7286.571428571428
7298.041666666667
7291.708333333333
7286.125
