6116.594086021505
6127.8609986504725
6176.920060331825
6170.029729729729
6186.484536082474
6171.835
6156.23139158576
6155.477366255144
6160.744680851064
6157.23395149786
6179.837209302325
6185.657821229051
6198.76338028169
6175.739726027397
6115.702985074627
6058.498652291105
5997.9511173184355
6021.6513888888885
5991.272984441302
5990.664872139973
5966.241891891892
5952.92877094972
5970.778225806452
5966.373779637378
5959.911267605634
5980.772988505747
6006.3110119047615
5908.954301075269
5779.482490272374
5869.650842266463
5755.461197339246
5773.492592592593
5756.433673469388
5815.731707317073
5919.5
5894.481732070365
5834.556358381503
5670.794354838709
5863.268802228412
5862.656796769852
5838.104311543811
5720.97
5751.118055555556
5838.72564612326
5860.7875
5877.514782608696
5432.492424242424
5590.070093457944
5592.065099457504
5458.09375
5509.209039548023
5387.431472081218
5360.400282885432
5400.081690140845
5413.644444444444
5437.469696969697
5495.408934707903
5477.688
5456.944055944056
5464.20765832106
5476.9
5424.965408805031
5420.692556634304
5487.2446236559135
5392.540277777778
5441.817204301075
5495.201884253028
5417.345345345346
5419.375579598145
5419.691666666667
5297.269179004038
5385.26747311828
5384.55737704918
5303.555107526881
5339.940111420613
5425.089430894309
5398.983333333334
5471.378900445765
5471.466970387244
5483.290935672515
5494.013628620102
5520.05049088359
5561.125244618395
5627.393817204301
5690.364444444444
5683.9778106508875
5684.457971014493
5700.664864864865
5772.571428571428
5651.489655172414
5701.920567375886
5713.502103786816
5764.256097560976
5824.320189274448
5830.591397849463
5874.448571428571
5893.400297619048
5901.520861372813
5875.993055555556
5873.8929539295395
5886.980446927374
5844.403532608696
5810.435483870968
5765.777934936351
5775.858345021038
5820.541916167665
5866.8588709677415
5914.490909090909
5902.663125948407
5892.123287671233
5897.070931849791
5905.518850987432
5901.5391969407265
5912.755656108598
5898.368525896414
5918.6813627254505
5897.230148048452
5917.948611111111
5894.30258302583
5911.899057873486
5931.453996983409
5928.590053763441
5932.2415254237285
5871.0
5907.878787878788
5893.879076086957
5890.290184921764
5924.924731182796
5930.439306358381
5938.416666666667
