6156.125
6147.208333333333
6102.916666666667
6119.625
6102.125
6094.708333333333
6119.541666666667
6129.5
6124.125
6129.083333333333
6088.458333333333
6090.416666666667
6085.5
6119.666666666667
6142.958333333333
6135.583333333333
6107.666666666667
6098.625
6120.625
6098.375
6097.708333333333
6108.291666666667
6099.5
6091.125
6113.875
6141.625
6139.0
6136.5
6133.208333333333
6130.25
6110.5
6091.125
6065.041666666667
6079.5
6076.875
6081.458333333333
6097.833333333333
6110.166666666667
6103.875
6092.708333333333
6092.041666666667
6095.666666666667
6103.166666666667
6080.541666666667
6111.041666666667
6127.25
6158.458333333333
6160.833333333333
6173.791666666667
6126.916666666667
6163.916666666667
6170.958333333333
6155.708333333333
6134.416666666667
6162.458333333333
6184.833333333333
6193.5
6176.5
6165.5
6159.476190476191
6154.791666666667
6117.291666666667
6137.458333333333
6154.5
6170.833333333333
6153.791666666667
6167.916666666667
6149.541666666667
6148.25
6175.541666666667
6185.875
6210.5
6216.583333333333
6231.041666666667
6219.833333333333
6198.916666666667
6177.916666666667
6175.0
6188.916666666667
6188.541666666667
6206.0
6218.208333333333
6203.458333333333
6183.347826086957
6177.75
6155.25
6160.333333333333
6154.5
6126.5
6127.416666666667
6134.875
6161.583333333333
6172.333333333333
6185.125
6179.375
6180.333333333333
6194.333333333333
6184.125
6186.375
6191.708333333333
6171.875
6129.833333333333
6169.208333333333
6165.125
6195.541666666667
6204.583333333333
6199.333333333333
6189.541666666667
6185.208333333333
6189.5
6166.333333333333
6168.291666666667
6142.0
6155.571428571428
6157.958333333333
6150.666666666667
6149.458333333333
6132.625
6148.583333333333
6155.458333333333
6171.083333333333
6191.5
6190.166666666667
6172.083333333333
6165.958333333333
6172.64705882353
6185.173913043478
6192.833333333333
6221.9375
6195.375
6155.375
6157.5
6174.791666666667
6179.875
6171.541666666667
6188.75
6174.333333333333
6171.666666666667
6174.375
6194.722222222223
6134.533333333334
6132.458333333333
6109.833333333333
6134.666666666667
6130.541666666667
6144.625
6154.875
6170.708333333333
6173.708333333333
6165.791666666667
6156.083333333333
6190.166666666667
6189.0
6178.444444444444
6174.208333333333
6162.416666666667
6161.541666666667
6165.708333333333
6155.916666666667
6156.416666666667
6153.166666666667
6160.791666666667
6155.208333333333
6146.458333333333
6149.625
6132.0
6130.791666666667
6157.916666666667
6165.791666666667
6160.0
6145.666666666667
6151.791666666667
6145.75
6151.666666666667
6185.666666666667
6175.666666666667
6154.958333333333
6158.208333333333
6173.958333333333
6171.888888888889
6167.5
6170.416666666667
6161.5
6155.625
6155.833333333333
6157.041666666667
6171.416666666667
6158.083333333333
6147.2
6149.5
6154.583333333333
6163.727272727273
6166.833333333333
6153.166666666667
6153.75
6161.9
6139.625
6112.9
6121.083333333333
6132.083333333333
6135.458333333333
6144.458333333333
6146.458333333333
6136.333333333333
6130.291666666667
6157.583333333333
6170.541666666667
6155.875
6173.791666666667
6163.208333333333
6160.666666666667
6166.0
6155.708333333333
6154.125
6175.166666666667
6176.5
6184.916666666667
6184.375
6181.291666666667
6184.583333333333
6162.739130434783
6168.214285714285
6173.958333333333
6151.625
6158.875
6163.791666666667
6162.833333333333
6150.625
6132.666666666667
6141.625
6146.791666666667
6137.0
6152.291666666667
6155.208333333333
6146.25
6145.958333333333
6155.416666666667
6166.869565217391
6183.0
6205.041666666667
6220.583333333333
6227.791666666667
6226.583333333333
6235.083333333333
6222.583333333333
6226.583333333333
6213.25
6199.25
6200.875
6210.0
6217.583333333333
6206.541666666667
6158.875
6175.0
6149.958333333333
6139.916666666667
6150.0
6169.875
6164.541666666667
6188.625
6182.458333333333
6167.333333333333
6167.916666666667
6175.291666666667
6160.75
6171.916666666667
6165.291666666667
6164.65
6156.833333333333
6191.875
6193.708333333333
6201.208333333333
6209.791666666667
6198.333333333333
6213.458333333333
6209.125
6213.583333333333
6216.916666666667
6210.0
6210.083333333333
6202.791666666667
6183.0
6189.875
6193.291666666667
6203.791666666667
6206.041666666667
6209.5
6225.166666666667
6237.0
6232.5
6223.5
6212.916666666667
6225.333333333333
6208.0
6206.416666666667
6206.416666666667
6195.416666666667
6185.833333333333
6188.666666666667
6154.791666666667
6182.833333333333
6173.916666666667
6157.625
6142.958333333333
6179.208333333333
6203.333333333333
6208.416666666667
6196.416666666667
6193.75
6196.208333333333
6187.291666666667
6202.833333333333
6208.083333333333
6207.25
6213.708333333333
6218.583333333333
6208.625
6173.666666666667
6174.458333333333
6189.833333333333
6188.125
6198.458333333333
6213.541666666667
6218.875
6199.375
6207.0
6186.083333333333
6222.25
6201.954545454545
6175.583333333333
6180.375
6190.333333333333
6212.916666666667
6197.5
6183.208333333333
6154.291666666667
6107.75
6098.666666666667
6149.235294117647
6144.913043478261
6160.958333333333
6170.75
6146.416666666667
6168.75
6139.791666666667
6137.208333333333
6143.333333333333
6142.125
6141.25
6158.25
6169.5
6181.625
6164.0
6149.083333333333
6094.5
6112.75
6102.916666666667
6090.041666666667
6088.25
6046.333333333333
6058.083333333333
6136.541666666667
6125.083333333333
6093.583333333333
6083.791666666667
6099.75
6069.25
6051.333333333333
6104.833333333333
6132.583333333333
6133.583333333333
6132.0
6136.583333333333
6132.125
6114.416666666667
6115.478260869565
6120.75
6100.916666666667
6114.625
6085.25
6064.208333333333
6034.125
6045.833333333333
6065.791666666667
6084.291666666667
6061.333333333333
6049.25
6047.791666666667
6052.541666666667
6069.458333333333
6068.208333333333
6057.25
6049.25
6029.708333333333
6047.208333333333
6045.458333333333
6053.666666666667
6037.458333333333
6045.260869565217
6020.875
6010.916666666667
6021.375
6025.875
6065.458333333333
6064.583333333333
6061.083333333333
6080.708333333333
6045.045454545455
6019.666666666667
6018.541666666667
5984.583333333333
5978.125
6024.347826086957
6025.958333333333
6029.875
6040.791666666667
6043.0
6007.166666666667
6013.833333333333
6002.608695652174
5974.291666666667
5975.583333333333
5965.916666666667
5976.125
5976.25
5990.875
5999.041666666667
5984.291666666667
5976.875
5989.916666666667
5958.333333333333
5957.958333333333
5971.041666666667
5971.833333333333
5975.875
5985.291666666667
6016.625
6048.708333333333
6031.416666666667
6017.083333333333
6022.5
6027.916666666667
6018.166666666667
6024.0
6024.583333333333
6027.291666666667
6026.791666666667
6025.5
6042.416666666667
6004.083333333333
6030.833333333333
6055.958333333333
6067.916666666667
6017.75
6008.041666666667
6022.666666666667
6013.458333333333
6010.25
6020.375
6031.791666666667
6024.958333333333
6029.625
6024.916666666667
5976.333333333333
5977.25
5980.333333333333
6017.875
6008.458333333333
5976.0
5980.25
5997.375
6001.208333333333
6003.916666666667
6008.375
6000.958333333333
6002.625
6001.25
6008.458333333333
6007.875
6012.75
5991.083333333333
5997.916666666667
5983.916666666667
5969.416666666667
5975.958333333333
5987.916666666667
5985.125
5946.708333333333
5990.333333333333
5985.333333333333
5994.958333333333
5973.347826086957
5959.173913043478
5979.708333333333
5988.2307692307695
5998.208333333333
6012.260869565217
5996.333333333333
5976.416666666667
5978.958333333333
5987.958333333333
5996.791666666667
6001.5
6001.958333333333
6003.25
6014.916666666667
6014.041666666667
6009.208333333333
6018.166666666667
6006.041666666667
5984.333333333333
5993.125
5997.625
6009.875
6016.166666666667
6007.458333333333
5998.541666666667
5993.291666666667
5967.75
5923.75
5938.666666666667
5961.25
5972.583333333333
6001.708333333333
5987.541666666667
5967.75
5972.291666666667
5988.125
6015.416666666667
5971.583333333333
5876.5
5867.208333333333
5889.291666666667
5951.041666666667
5980.833333333333
5992.875
5991.25
5978.909090909091
5940.25
5954.666666666667
5962.166666666667
5985.916666666667
5997.375
5999.708333333333
5987.875
5980.375
5971.75
5977.833333333333
5985.875
5988.375
5981.875
5949.541666666667
5959.272727272727
5962.75
5961.625
5965.333333333333
5974.041666666667
5964.333333333333
5945.125
5984.75
6007.541666666667
5936.875
5946.333333333333
5976.916666666667
5970.875
5983.333333333333
5969.166666666667
5958.416666666667
5953.041666666667
5969.416666666667
5966.375
5972.208333333333
5949.708333333333
5897.0
5900.708333333333
5909.652173913043
5929.791666666667
5932.875
5937.333333333333
5954.916666666667
5947.75
5957.954545454545
5952.260869565217
5939.291666666667
5938.708333333333
5949.125
5971.791666666667
5977.208333333333
5968.875
5984.0
5992.583333333333
6024.083333333333
6009.5
5984.041666666667
5977.166666666667
5976.0
5992.625
6001.375
6023.458333333333
5973.375
5949.0
5958.25
5985.291666666667
5994.583333333333
5981.75
5982.916666666667
5981.5
5998.25
5994.666666666667
5969.666666666667
5933.416666666667
5907.25
5909.541666666667
5920.583333333333
5949.833333333333
5949.833333333333
5965.25
5948.416666666667
5907.041666666667
5875.833333333333
5926.5
5938.625
5961.875
5960.375
5968.208333333333
5970.833333333333
5982.666666666667
6001.75
6007.583333333333
6013.954545454545
5996.958333333333
5982.260869565217
5959.625
5942.875
5961.25
5959.458333333333
5971.25
5984.541666666667
5969.083333333333
5971.75
5996.833333333333
5973.166666666667
5960.458333333333
5957.541666666667
5961.083333333333
5961.833333333333
5931.791666666667
5957.583333333333
5988.291666666667
5967.375
5979.25
5986.916666666667
5953.916666666667
5947.5
5957.666666666667
5942.416666666667
5988.458333333333
5983.5
5991.5
6004.541666666667
5985.25
5851.318181818182
5866.125
5896.875
5948.25
5953.375
5963.833333333333
5965.041666666667
5970.375
5953.083333333333
5959.5
5962.208333333333
5989.166666666667
5978.291666666667
5995.333333333333
5963.375
5959.708333333333
5963.875
5968.708333333333
5971.125
5967.75
5957.333333333333
5951.791666666667
5952.208333333333
5975.333333333333
6005.583333333333
6025.333333333333
6045.958333333333
6029.25
5997.041666666667
5936.458333333333
5945.541666666667
5963.208333333333
5968.375
5979.958333333333
5990.583333333333
5997.5
5991.916666666667
5971.166666666667
5989.958333333333
5969.208333333333
5985.833333333333
5972.416666666667
5969.166666666667
5990.583333333333
5979.625
5992.875
5969.333333333333
5978.875
5987.708333333333
6006.291666666667
6029.541666666667
6000.666666666667
6011.833333333333
6022.416666666667
6032.833333333333
6033.958333333333
6031.416666666667
6029.541666666667
6028.416666666667
6054.541666666667
6074.291666666667
6046.791666666667
6059.333333333333
6068.083333333333
5863.625
5865.875
5938.166666666667
5990.0
6006.541666666667
6014.25
6011.25
6008.916666666667
6010.333333333333
5992.166666666667
5979.041666666667
5999.833333333333
5964.791666666667
5987.875
5972.25
5960.458333333333
5913.125
5961.25
5958.208333333333
5967.541666666667
5994.958333333333
5948.958333333333
5914.833333333333
5868.791666666667
5855.0
5886.0
5889.375
5895.5
5894.875
5878.666666666667
5891.5
5873.25
5890.291666666667
5914.708333333333
5920.458333333333
5903.291666666667
5872.083333333333
5871.666666666667
5881.25
5886.958333333333
5767.625
5792.208333333333
5832.708333333333
5805.083333333333
5782.166666666667
5777.958333333333
5793.708333333333
5757.666666666667
5714.782608695652
5663.291666666667
5745.375
5782.541666666667
5767.541666666667
5751.208333333333
5772.541666666667
5773.375
5790.85
5812.866666666667
5783.0
5783.458333333333
5805.791666666667
5797.166666666667
5825.041666666667
5847.9
5800.571428571428
5789.25
5789.476190476191
5808.5
5829.291666666667
5868.5
5896.5
5900.25
5884.0
5907.125
5903.791666666667
5906.708333333333
5920.25
5890.791666666667
5889.826086956522
5907.916666666667
5904.625
5885.380952380952
5864.666666666667
5870.166666666667
5859.291666666667
5875.416666666667
5884.666666666667
5885.291666666667
5902.75
5889.166666666667
5883.458333333333
5832.75
5799.541666666667
5818.375
5831.434782608696
5846.125
5831.083333333333
5845.625
5737.75
5795.291666666667
5789.041666666667
5790.625
5799.782608695652
5729.75
5712.333333333333
5770.958333333333
5775.291666666667
5736.958333333333
5738.208333333333
5733.380952380952
5608.416666666667
5616.333333333333
5624.461538461538
5718.636363636364
5791.333333333333
5819.625
5802.416666666667
5778.5
5805.25
5826.583333333333
5829.625
5751.521739130435
5686.190476190476
5713.333333333333
5753.571428571428
5725.363636363636
5745.75
5812.041666666667
5789.541666666667
5653.583333333333
5686.875
5747.75
5769.583333333333
5790.25
5794.625
5799.75
5790.944444444444
5835.130434782609
5922.541666666667
5907.291666666667
5904.375
5912.666666666667
5896.25
5868.75
5875.75
5867.125
5877.958333333333
5915.375
5902.25
5924.25
5936.041666666667
5959.041666666667
5963.916666666667
5974.875
5969.083333333333
5970.5
5947.5
5928.041666666667
5892.041666666667
5922.333333333333
5941.416666666667
5935.916666666667
5927.25
5937.666666666667
5960.583333333333
5914.625
5904.625
5872.75
5871.708333333333
5887.791666666667
5859.625
5878.083333333333
5865.958333333333
5865.791666666667
5911.708333333333
5936.916666666667
5946.208333333333
5933.833333333333
5933.333333333333
5949.041666666667
5945.708333333333
5935.458333333333
5952.916666666667
5971.791666666667
5970.416666666667
5973.875
5970.083333333333
5973.1
5954.708333333333
5919.333333333333
5918.166666666667
5860.5
5878.666666666667
5793.826086956522
5803.625
5829.333333333333
5811.583333333333
5826.75
5786.833333333333
5692.875
5594.875
5652.083333333333
5785.166666666667
5855.625
5851.208333333333
5847.0
5852.416666666667
5873.041666666667
5876.652173913043
5866.291666666667
5890.458333333333
5871.875
5880.875
5839.583333333333
5805.083333333333
5774.476190476191
5791.583333333333
5806.25
5874.541666666667
5893.833333333333
5909.208333333333
5909.791666666667
5894.083333333333
5899.416666666667
5905.416666666667
5903.708333333333
5820.416666666667
5741.416666666667
5730.0
5750.708333333333
5789.708333333333
5825.041666666667
5828.75
5819.416666666667
5811.916666666667
5830.75
5518.25
5172.25
5310.0
5389.083333333333
5385.666666666667
5292.25
5465.333333333333
5547.333333333333
5540.541666666667
5619.333333333333
5672.208333333333
5697.458333333333
5721.125
5750.125
5772.0
5798.25
5808.791666666667
5804.541666666667
5806.416666666667
5850.25
5814.375
5801.958333333333
5796.791666666667
5804.0
5807.458333333333
5798.208333333333
5811.666666666667
5814.5
5814.958333333333
5667.541666666667
5747.791666666667
5796.416666666667
5784.458333333333
5787.416666666667
5782.826086956522
5841.958333333333
5896.291666666667
5911.958333333333
5936.875
5941.0
5984.75
5980.625
5984.958333333333
5995.375
5954.875
5929.291666666667
5923.666666666667
5906.958333333333
5852.666666666667
5805.565217391304
5830.916666666667
5849.875
5862.25
5889.208333333333
5896.166666666667
5914.375
5921.0
5861.291666666667
5848.375
5861.791666666667
5874.416666666667
5865.833333333333
5890.0
5894.708333333333
5923.833333333333
5897.458333333333
5872.166666666667
5865.041666666667
5872.75
5896.625
5919.166666666667
5837.458333333333
5856.875
5849.041666666667
5813.416666666667
5824.708333333333
5835.434782608696
5844.541666666667
5836.208333333333
5867.458333333333
5863.625
5862.583333333333
5848.791666666667
5814.625
5711.458333333333
5818.75
5794.708333333333
5797.916666666667
5792.916666666667
5793.708333333333
5848.25
5876.5
5879.458333333333
5869.458333333333
5858.208333333333
5868.583333333333
5874.217391304348
5870.208333333333
5890.375
5909.333333333333
5904.958333333333
5909.083333333333
5914.708333333333
5912.5
5893.166666666667
5846.666666666667
5838.666666666667
5788.958333333333
5815.708333333333
5738.458333333333
5754.916666666667
5801.875
5760.666666666667
5785.541666666667
5736.166666666667
5910.291666666667
5922.333333333333
5903.291666666667
5851.083333333333
5749.0
5749.791666666667
5777.208333333333
5745.25
5783.083333333333
5827.666666666667
5805.333333333333
5804.583333333333
5598.25
5598.416666666667
5693.0
5640.875
5572.166666666667
5556.0
5553.208333333333
5612.5
5668.208333333333
5701.708333333333
5606.958333333333
5695.583333333333
5698.458333333333
5725.958333333333
5716.166666666667
5692.791666666667
5720.166666666667
5705.208333333333
5703.041666666667
5740.25
5755.083333333333
5739.75
5740.25
5734.5
5739.583333333333
5770.666666666667
5782.833333333333
5787.875
5780.166666666667
5834.916666666667
5850.916666666667
5837.416666666667
5871.416666666667
5869.208333333333
5680.5
5794.458333333333
5801.541666666667
5808.958333333333
5830.608695652174
5833.833333333333
5829.75
5847.958333333333
5860.5
5871.833333333333
5855.083333333333
5846.916666666667
5840.541666666667
5866.75
5856.833333333333
5882.125
5885.791666666667
5840.875
5820.125
5819.166666666667
5824.583333333333
5866.708333333333
5894.416666666667
5885.875
5863.875
5870.666666666667
5881.291666666667
5881.166666666667
5875.041666666667
5870.541666666667
5882.041666666667
5887.583333333333
5897.375
5894.25
5914.708333333333
5906.521739130435
5906.666666666667
5927.125
5929.708333333333
5964.791666666667
5876.916666666667
5833.833333333333
5851.291666666667
5876.583333333333
5905.625
5883.416666666667
5877.333333333333
5871.875
5870.625
5890.666666666667
5721.375
5745.666666666667
5363.333333333333
5359.791666666667
5416.583333333333
5445.541666666667
5460.666666666667
5462.125
5441.291666666667
5435.916666666667
5459.583333333333
5452.708333333333
5459.875
5586.454545454545
5618.625
5596.5
5580.541666666667
5552.958333333333
5563.541666666667
5586.5
5613.916666666667
5611.291666666667
5610.875
5613.333333333333
5593.625
5600.708333333333
5583.333333333333
5571.958333333333
5603.375
5586.625
5580.333333333333
5607.9375
5625.75
5636.04347826087
5606.863636363636
5578.208333333333
5567.791666666667
5576.833333333333
5598.166666666667
5567.333333333333
5577.291666666667
5582.04347826087
5594.818181818182
5580.913043478261
5581.95652173913
5587.833333333333
5578.75
5603.25
5607.833333333333
5586.9375
5479.375
5468.75
5411.95652173913
5312.375
5284.791666666667
5338.409090909091
5392.166666666667
5393.217391304348
5429.041666666667
5454.217391304348
5474.916666666667
5481.458333333333
5496.583333333333
5517.208333333333
5546.25
5517.916666666667
5507.782608695652
5534.173913043478
5566.875
5594.916666666667
5605.958333333333
5597.782608695652
5581.666666666667
5576.173913043478
5564.782608695652
5558.166666666667
5538.541666666667
5515.291666666667
5518.916666666667
5543.0
5410.772727272727
5347.333333333333
5418.083333333333
5426.708333333333
5436.0
5456.95652173913
5475.125
5494.333333333333
5477.958333333333
5456.125
5458.0952380952385
5474.416666666667
5518.304347826087
5518.083333333333
5543.708333333333
5550.875
5507.541666666667
5521.75
5520.380952380952
5501.416666666667
5509.869565217391
5505.0
5476.166666666667
5421.0
5413.291666666667
5424.625
5440.652173913043
5451.375
5441.944444444444
5433.541666666667
5401.583333333333
5369.291666666667
5300.478260869565
5320.041666666667
5261.541666666667
5267.333333333333
5264.875
5236.565217391304
5247.583333333333
5258.583333333333
5284.2
5356.739130434783
5388.041666666667
5396.5
5353.0
5330.826086956522
5343.521739130435
5354.04347826087
5349.208333333333
5311.583333333333
5277.304347826087
5278.791666666667
5289.333333333333
5322.375
5361.909090909091
5387.208333333333
5391.304347826087
5394.416666666667
5377.916666666667
5375.608695652174
5406.791666666667
5403.708333333333
5413.0
5433.333333333333
5450.318181818182
5393.458333333333
5274.875
5336.5
5329.666666666667
5356.125
5321.166666666667
5409.173913043478
5396.833333333333
5410.958333333333
5415.739130434783
5421.695652173913
5408.833333333333
5394.217391304348
5411.125
5375.708333333333
5387.25
5379.375
5351.772727272727
5333.260869565217
5336.260869565217
5260.291666666667
5327.458333333333
5350.047619047619
5364.347826086957
5394.521739130435
5405.833333333333
5429.35294117647
5453.571428571428
5450.416666666667
5434.875
5445.958333333333
5460.5
5473.869565217391
5456.5
5468.875
5431.545454545455
5407.0
5392.75
5393.708333333333
5404.208333333333
5398.833333333333
5401.95
5362.047619047619
5383.166666666667
5385.75
5391.375
5410.25
5421.208333333333
5410.375
5389.291666666667
5414.541666666667
5425.0
5436.478260869565
5448.541666666667
5467.25
5457.333333333333
5444.625
5466.357142857143
5456.782608695652
5422.875
5429.652173913043
5437.375
5381.375
5373.583333333333
5386.916666666667
5404.333333333333
5418.5
5414.217391304348
5395.347826086957
5400.625
5381.416666666667
5313.416666666667
5291.5
5311.208333333333
5338.791666666667
5363.0
5389.75
5422.75
5460.0
5469.0
5464.666666666667
5476.416666666667
5485.583333333333
5475.875
5469.791666666667
5446.583333333333
5442.25
5421.625
5459.125
5452.083333333333
5468.041666666667
5463.541666666667
5497.5
5494.0
5496.083333333333
5522.791666666667
5509.5
5488.25
5482.541666666667
5418.458333333333
5449.958333333333
5515.166666666667
5522.0
5519.291666666667
5524.739130434783
5540.75
5485.04347826087
5500.409090909091
5537.521739130435
5542.055555555556
5510.652173913043
5519.545454545455
5473.0
5458.708333333333
5471.5
5455.625
5471.875
5499.5
5540.666666666667
5528.1578947368425
5520.428571428572
5496.208333333333
5479.857142857143
5460.523809523809
5471.833333333333
5471.708333333333
5469.25
5503.458333333333
5506.041666666667
5520.5
5514.375
5524.0
5509.782608695652
5445.583333333333
5430.125
5389.0
5434.375
5436.541666666667
5463.125
5471.458333333333
5484.375
5478.541666666667
5485.333333333333
5473.0
5504.521739130435
5494.190476190476
5500.315789473684
5504.045454545455
5483.526315789473
5422.478260869565
5432.083333333333
5467.916666666667
5488.291666666667
5386.666666666667
5439.458333333333
5428.333333333333
5429.458333333333
5443.083333333333
5432.608695652174
5440.708333333333
5467.916666666667
5490.0
5528.041666666667
5509.304347826087
5488.916666666667
5488.916666666667
5454.291666666667
5472.25
5480.666666666667
5518.291666666667
5529.1
5534.368421052632
5484.565217391304
5461.625
5400.25
5349.041666666667
5379.291666666667
5401.708333333333
5473.1
5471.1875
5487.041666666667
5495.25
5471.416666666667
5486.916666666667
5488.875
5488.75
5477.5
5466.625
5461.708333333333
5454.5
5454.0
5442.25
5441.583333333333
5458.434782608696
5483.041666666667
5496.833333333333
5483.478260869565
5449.521739130435
5449.714285714285
5395.0
5432.64705882353
5430.125
5425.666666666667
5425.458333333333
5421.625
5427.083333333333
5416.125
5417.625
5390.181818181818
5396.208333333333
5416.333333333333
5449.5
5462.125
5469.875
5443.875
5461.666666666667
5465.916666666667
5454.416666666667
5365.0
5394.166666666667
5378.875
5364.708333333333
5380.041666666667
5400.791666666667
5455.166666666667
5440.041666666667
5458.208333333333
5476.541666666667
5484.541666666667
5501.391304347826
5413.375
5343.416666666667
5319.791666666667
5352.166666666667
5388.041666666667
5386.166666666667
5366.791666666667
5486.0
5504.0
5543.166666666667
5526.958333333333
5506.333333333333
5491.75
5464.625
5472.375
5470.166666666667
5486.666666666667
5496.541666666667
5507.875
5538.625
5564.833333333333
5580.291666666667
5579.041666666667
5557.083333333333
5512.833333333333
5488.666666666667
5500.833333333333
5503.833333333333
5509.375
5485.416666666667
5473.166666666667
5396.208333333333
5395.75
5417.583333333333
5430.25
5439.708333333333
5446.125
5471.25
5459.875
5387.375
5414.75
5459.541666666667
5468.5
5503.708333333333
5518.375
5507.166666666667
5457.291666666667
5343.375
5380.916666666667
5447.333333333333
5463.0
5454.916666666667
5472.5
5478.041666666667
5437.208333333333
5415.0
5365.875
5312.458333333333
5263.083333333333
5241.125
5279.0
5308.75
5327.916666666667
5333.5
5348.875
5348.5
5350.916666666667
5365.583333333333
5356.541666666667
5352.458333333333
5389.541666666667
5411.625
5425.541666666667
5433.958333333333
5426.916666666667
5434.916666666667
5443.25
5440.583333333333
5424.708333333333
5393.083333333333
5391.666666666667
5433.041666666667
5412.916666666667
5386.125
5333.416666666667
5361.041666666667
5362.666666666667
5406.375
5424.416666666667
5436.458333333333
5447.208333333333
5483.958333333333
5508.958333333333
5515.25
5500.958333333333
5506.833333333333
5506.583333333333
5502.125
5502.041666666667
5514.25
5535.916666666667
5520.166666666667
5506.541666666667
5487.291666666667
5486.791666666667
5470.541666666667
5500.666666666667
5502.583333333333
5440.25
5450.458333333333
5469.208333333333
5451.041666666667
5422.875
5423.166666666667
5430.666666666667
5449.458333333333
5466.625
5466.583333333333
5450.083333333333
5478.416666666667
5497.5
5517.541666666667
5542.458333333333
5535.875
5538.208333333333
5551.125
5565.625
5605.304347826087
5548.916666666667
5537.666666666667
5517.916666666667
5524.291666666667
5536.652173913043
5512.708333333333
5550.826086956522
5548.086956521739
5523.045454545455
5452.166666666667
5343.125
5341.666666666667
5369.041666666667
5358.25
5372.875
5536.222222222223
5488.375
5250.5
5101.5
5365.6875
5390.833333333333
5388.75
5350.291666666667
5348.083333333333
5359.625
5392.625
5401.458333333333
5423.958333333333
5418.833333333333
5413.875
5440.458333333333
5465.0
5443.041666666667
5514.166666666667
5554.75
5588.041666666667
5619.153846153846
5434.555555555556
5460.375
5419.541666666667
5373.041666666667
5386.291666666667
5381.708333333333
5332.458333333333
5365.791666666667
5410.875
5376.708333333333
5344.875
5310.541666666667
5316.083333333333
5279.166666666667
5259.458333333333
5233.875
5287.375
5296.541666666667
5309.666666666667
5240.791666666667
5240.791666666667
5280.541666666667
5374.333333333333
5417.875
5428.541666666667
5454.916666666667
5485.0
5591.708333333333
5627.125
5640.5
5636.791666666667
5553.5
5519.375
5524.0
5519.291666666667
5515.166666666667
5519.583333333333
5501.333333333333
5458.625
5423.375
5355.666666666667
5264.083333333333
5229.958333333333
5194.666666666667
5163.291666666667
5185.458333333333
5207.083333333333
5223.0
5246.75
5266.666666666667
5322.958333333333
5353.625
5365.458333333333
5388.166666666667
5478.583333333333
5503.875
5588.208333333333
5569.875
5541.541666666667
5522.875
5482.583333333333
5192.375
5107.5
5098.333333333333
5140.041666666667
5171.95652173913
5199.916666666667
5238.875
5222.208333333333
5205.125
5179.416666666667
5180.041666666667
5236.291666666667
5275.5
5324.791666666667
5316.083333333333
5323.208333333333
5282.666666666667
5312.208333333333
5350.416666666667
5412.208333333333
5458.458333333333
5486.375
5510.583333333333
5541.916666666667
5533.583333333333
5526.916666666667
5477.875
5467.541666666667
5463.5
5464.333333333333
5424.75
5421.458333333333
5425.541666666667
5433.666666666667
5386.958333333333
5344.208333333333
5351.916666666667
5335.625
5295.875
5289.958333333333
5288.833333333333
5290.791666666667
5276.833333333333
5252.916666666667
5276.583333333333
5306.541666666667
5315.416666666667
5344.75
5358.25
5375.833333333333
5436.916666666667
5462.458333333333
5491.304347826087
5497.916666666667
5459.916666666667
5451.75
5429.875
5426.875
5407.208333333333
5404.083333333333
5399.833333333333
5382.916666666667
5369.5
5393.833333333333
5385.5
5380.833333333333
5394.708333333333
5398.583333333333
5400.125
5414.958333333333
5357.208333333333
5332.166666666667
5346.458333333333
5358.0
5375.541666666667
5376.541666666667
5362.75
5371.541666666667
5380.083333333333
5357.291666666667
5300.041666666667
5291.708333333333
5315.25
5337.041666666667
5294.75
5231.625
5226.708333333333
5222.041666666667
5245.875
5252.708333333333
5203.75
5214.625
5246.541666666667
5280.208333333333
5290.708333333333
5284.416666666667
5294.958333333333
5290.666666666667
5289.458333333333
5264.583333333333
5215.583333333333
5255.416666666667
5299.458333333333
5318.625
5339.666666666667
5346.583333333333
5366.666666666667
5377.125
5355.291666666667
5288.875
5276.041666666667
5260.625
5306.666666666667
5349.666666666667
5344.208333333333
5366.666666666667
5349.181818181818
5335.125
5350.208333333333
5364.666666666667
5371.916666666667
5343.5
5335.791666666667
5335.625
5356.25
5368.166666666667
5379.333333333333
5402.666666666667
5422.541666666667
5416.833333333333
5404.833333333333
5387.375
5400.166666666667
5405.875
5391.416666666667
5329.833333333333
5255.208333333333
5282.166666666667
5316.125
5339.083333333333
5375.958333333333
5389.208333333333
5418.636363636364
5414.666666666667
5436.545454545455
5471.541666666667
5485.208333333333
5433.0
5428.208333333333
5396.5
5430.041666666667
5435.5
5439.333333333333
5464.666666666667
5472.583333333333
5529.083333333333
5552.791666666667
5539.916666666667
5534.833333333333
5524.708333333333
5494.041666666667
5475.666666666667
5458.208333333333
5469.0
5476.541666666667
5483.5
5483.208333333333
5491.333333333333
5515.833333333333
5490.583333333333
5500.208333333333
5521.875
5540.416666666667
5511.791666666667
5481.333333333333
5420.916666666667
5414.5
5431.666666666667
5434.291666666667
5477.708333333333
5494.791666666667
5488.541666666667
5390.0
5119.875
5118.791666666667
5059.75
5148.541666666667
5171.375
5231.458333333333
5280.541666666667
5387.25
5418.958333333333
5442.5
5461.833333333333
5478.875
5481.875
5488.208333333333
5478.916666666667
5491.458333333333
5513.333333333333
5520.833333333333
5503.375
5489.666666666667
5446.375
5392.416666666667
5422.208333333333
5416.958333333333
5430.125
5451.416666666667
5460.708333333333
5457.227272727273
5451.0
5454.166666666667
5496.125
5504.416666666667
5518.375
5514.708333333333
5498.375
5507.583333333333
5514.666666666667
5461.047619047619
5464.75
5413.416666666667
5394.791666666667
5421.291666666667
5427.625
5487.625
5494.25
5490.791666666667
5505.125
5510.708333333333
5527.583333333333
5548.882352941177
5476.739130434783
5431.291666666667
5461.916666666667
5477.2
5494.090909090909
5493.083333333333
5509.083333333333
5539.75
5537.458333333333
5543.625
5515.375
5493.75
5505.083333333333
5388.083333333333
5427.25
5429.0
5405.0
5402.166666666667
5420.791666666667
5424.333333333333
5443.333333333333
5448.541666666667
5456.875
5476.166666666667
5542.166666666667
5560.791666666667
5562.875
5540.708333333333
5487.583333333333
5491.916666666667
5502.041666666667
5489.291666666667
5490.125
5483.583333333333
5514.083333333333
5484.545454545455
5484.25
5482.0
5468.0
5456.791666666667
5459.875
5484.75
5480.833333333333
5457.958333333333
5465.833333333333
5501.041666666667
5546.125
5532.875
5533.416666666667
5538.916666666667
5541.25
5529.25
5515.916666666667
5479.291666666667
5463.958333333333
5481.083333333333
5481.833333333333
5477.791666666667
5495.458333333333
5502.166666666667
5537.25
5550.666666666667
5555.35294117647
5518.625
5497.833333333333
5490.5
5448.708333333333
5453.666666666667
5460.333333333333
5418.5
5423.458333333333
5448.416666666667
5472.166666666667
5478.75
5493.458333333333
5507.916666666667
5538.416666666667
5550.916666666667
5522.791666666667
5492.166666666667
5488.666666666667
5513.5
5542.041666666667
5582.583333333333
5606.291666666667
5634.416666666667
5578.666666666667
5569.958333333333
5604.166666666667
5631.625
5621.428571428572
5472.6
5501.958333333333
5505.583333333333
5507.625
5506.791666666667
5515.916666666667
5519.75
5544.541666666667
5506.75
5536.833333333333
5526.25
5554.833333333333
5589.2
5612.1875
5637.75
5601.083333333333
5598.416666666667
5603.25
5612.541666666667
5640.375
5637.791666666667
5586.857142857143
5538.916666666667
5569.416666666667
5545.5
5567.958333333333
5561.458333333333
5596.458333333333
5623.25
5639.791666666667
5635.25
5617.666666666667
5602.541666666667
5595.916666666667
5599.666666666667
5616.666666666667
5650.541666666667
5636.583333333333
5617.75
5620.208333333333
5579.5
5614.208333333333
5594.916666666667
5564.541666666667
5607.291666666667
5681.75
5766.5
5757.208333333333
5727.333333333333
5695.083333333333
5663.083333333333
5670.583333333333
5691.666666666667
5691.166666666667
5708.708333333333
5736.958333333333
5623.708333333333
5623.375
5654.041666666667
5689.25
5710.666666666667
5697.0
5718.541666666667
5726.666666666667
5712.291666666667
5650.291666666667
5668.416666666667
5650.916666666667
5680.791666666667
5713.833333333333
5682.0
5679.458333333333
5717.375
5717.333333333333
5695.0
5708.208333333333
5738.666666666667
5736.916666666667
5713.958333333333
5678.526315789473
5596.5
5634.958333333333
5659.541666666667
5738.958333333333
5765.916666666667
5754.541666666667
5773.791666666667
5743.291666666667
5707.583333333333
5672.5
5687.083333333333
5749.375
5730.833333333333
5714.291666666667
5697.625
5683.125
5688.5
5688.083333333333
5661.75
5680.791666666667
5667.708333333333
5668.208333333333
5663.541666666667
5635.041666666667
5620.041666666667
5604.958333333333
5586.5
5602.541666666667
5608.708333333333
5665.375
5706.5
5715.833333333333
5753.875
5752.75
5745.666666666667
5752.666666666667
5714.0
5687.75
5598.217391304348
5598.166666666667
5622.541666666667
5661.25
5654.75
5627.625
5643.666666666667
5567.0
5607.0
5724.64705882353
5741.958333333333
5710.583333333333
5728.375
5718.458333333333
5701.952380952381
5705.916666666667
5719.583333333333
5687.416666666667
5697.333333333333
5693.791666666667
5713.416666666667
5740.25
5749.166666666667
5757.291666666667
5746.75
5725.125
5732.833333333333
5691.958333333333
5672.625
5626.291666666667
5551.5
5562.583333333333
5616.5
5659.826086956522
5702.541666666667
5722.916666666667
5752.583333333333
5749.125
5718.375
5732.083333333333
5719.041666666667
5712.875
5772.571428571428
5736.642857142857
5694.416666666667
5663.952380952381
5631.875
5611.333333333333
5595.125
5567.782608695652
5569.791666666667
5593.045454545455
5620.260869565217
5657.708333333333
5681.208333333333
5698.5
5610.347826086957
5554.791666666667
5616.708333333333
5649.333333333333
5659.625
5688.375
5674.045454545455
5686.791666666667
5708.25
5706.208333333333
5711.166666666667
5727.5
5746.333333333333
5740.5
5654.5
5675.04347826087
5695.541666666667
5676.5
5670.583333333333
5675.083333333333
5664.913043478261
5661.666666666667
5647.227272727273
5667.363636363636
5701.791666666667
5718.875
5733.375
5731.625
5722.458333333333
5720.083333333333
5710.083333333333
5655.391304347826
5635.35294117647
5640.894736842105
5709.571428571428
5685.708333333333
5687.0
5708.304347826087
5733.571428571428
5760.25
5779.083333333333
5784.95652173913
5734.458333333333
5718.708333333333
5678.105263157895
5649.791666666667
5641.0
5650.583333333333
5665.708333333333
5688.782608695652
5661.304347826087
5672.666666666667
5727.041666666667
5741.875
5716.833333333333
5739.291666666667
5752.041666666667
5783.208333333333
5750.333333333333
5742.625
5712.375
5717.208333333333
5711.708333333333
5717.291666666667
5715.208333333333
5692.666666666667
5700.083333333333
5758.333333333333
5774.166666666667
5753.916666666667
5719.25
5727.0
5715.375
5724.916666666667
5744.333333333333
5726.791666666667
5744.666666666667
5742.5
5766.291666666667
5780.833333333333
5819.5
5843.125
5847.208333333333
5802.208333333333
5784.833333333333
5797.875
5824.25
5742.791666666667
5761.041666666667
5749.583333333333
5755.041666666667
5751.291666666667
5756.083333333333
5763.916666666667
5797.583333333333
5804.5
5834.166666666667
5802.541666666667
5747.363636363636
5477.291666666667
5740.5
5751.791666666667
5746.541666666667
5765.875
5813.0
5823.166666666667
5857.875
5838.5
5860.863636363636
5868.166666666667
5883.625
5887.583333333333
5885.666666666667
5837.5
5824.625
5822.083333333333
5839.5
5856.708333333333
5868.375
5874.416666666667
5859.875
5844.25
5791.166666666667
5758.375
5768.625
5779.333333333333
5752.5
5734.416666666667
5752.083333333333
5773.0
5798.75
5786.083333333333
5835.458333333333
5859.041666666667
5876.333333333333
5877.041666666667
5861.708333333333
5901.833333333333
5889.666666666667
5853.291666666667
5840.041666666667
5815.166666666667
5797.041666666667
5811.916666666667
5821.208333333333
5846.166666666667
5862.125
5888.0
5875.291666666667
5828.708333333333
5792.166666666667
5783.75
5809.0
5807.5
5775.625
5754.125
5758.041666666667
5773.5
5796.875
5838.083333333333
5866.25
5867.291666666667
5887.458333333333
5894.5
5896.125
5857.083333333333
5820.25
5821.708333333333
5841.041666666667
5850.458333333333
5851.833333333333
5860.666666666667
5907.526315789473
5898.833333333333
5905.041666666667
5898.458333333333
5891.291666666667
5850.708333333333
5869.458333333333
5888.5
5852.666666666667
5852.875
5860.625
5862.625
5887.75
5885.75
5880.333333333333
5888.5
5882.375
5887.916666666667
5905.375
5894.0
5903.166666666667
5898.083333333333
5884.791666666667
5871.458333333333
5862.333333333333
5861.625
5876.375
5878.583333333333
5863.75
5879.0
5897.75
5891.041666666667
5884.25
5882.0
5903.5
5925.541666666667
5923.375
5911.708333333333
5905.875
5907.708333333333
5912.875
5907.166666666667
5881.041666666667
5867.291666666667
5890.083333333333
5900.708333333333
5914.375
5929.75
5891.666666666667
5910.666666666667
5900.416666666667
5877.25
5874.0
5881.666666666667
5887.791666666667
5905.541666666667
5920.916666666667
5918.875
5902.625
5905.375
5894.391304347826
5908.375
5934.166666666667
5910.416666666667
5908.583333333333
5914.041666666667
5924.083333333333
5934.333333333333
5909.083333333333
5896.833333333333
5874.958333333333
5829.0
5863.416666666667
5906.875
5943.416666666667
5933.833333333333
5905.041666666667
5887.541666666667
5891.666666666667
5882.208333333333
5893.291666666667
5884.291666666667
5864.625
5805.75
5831.125
5828.375
5851.583333333333
5851.041666666667
5835.416666666667
5861.541666666667
5913.041666666667
5934.958333333333
5930.375
5948.791666666667
5971.583333333333
5976.75
5984.708333333333
5947.75
5933.958333333333
5907.291666666667
5859.791666666667
5825.083333333333
5806.25
5800.125
5799.625
5804.125
5826.625
5851.083333333333
5868.625
5844.833333333333
5839.583333333333
5856.708333333333
5855.25
5823.416666666667
5846.125
5871.083333333333
5871.916666666667
5877.958333333333
5873.25
5858.608695652174
5887.166666666667
5889.75
5899.25
5897.958333333333
5892.708333333333
5909.130434782609
5882.25
5906.375
5908.5
5899.458333333333
5893.9
5888.5
5885.291666666667
5882.625
5884.083333333333
5866.875
5858.166666666667
5841.625
5857.583333333333
5844.916666666667
5843.083333333333
5850.25
5865.521739130435
5875.428571428572
5879.666666666667
5864.708333333333
5885.291666666667
5906.75
5919.041666666667
5921.416666666667
5926.416666666667
5917.083333333333
5904.583333333333
5921.041666666667
5935.833333333333
5957.958333333333
5919.791666666667
5920.166666666667
5924.666666666667
5925.625
5922.75
5925.416666666667
5903.083333333333
5887.333333333333
5847.916666666667
5816.208333333333
5794.583333333333
5792.75
5813.791666666667
5838.916666666667
5859.375
5872.833333333333
5857.583333333333
5859.291666666667
5868.5
5881.8421052631575
5885.333333333333
5886.833333333333
5893.416666666667
5903.791666666667
5882.291666666667
5889.583333333333
5910.083333333333
5914.583333333333
5927.75
5780.208333333333
5737.125
5817.041666666667
5887.272727272727
5877.217391304348
5876.333333333333
5830.375
5815.5
5783.833333333333
5784.0
5777.0
5780.833333333333
5784.75
5789.708333333333
5798.625
5776.333333333333
5741.5
5746.0
5763.0
5758.666666666667
5770.958333333333
5790.375
5825.458333333333
5844.0
5870.375
5878.666666666667
5887.875
5855.208333333333
5858.875
5845.833333333333
5813.583333333333
5835.375
5834.083333333333
5804.625
5785.291666666667
5770.875
5744.666666666667
5743.166666666667
5785.5
5756.5
5775.333333333333
5802.125
5813.833333333333
5831.875
5843.25
5860.291666666667
5886.333333333333
5835.208333333333
5837.625
5833.571428571428
5832.173913043478
5843.041666666667
5864.875
5815.954545454545
5638.916666666667
5634.833333333333
5726.75
5765.458333333333
5788.875
5764.916666666667
5742.708333333333
5701.041666666667
5735.5
5757.5
5766.291666666667
5770.541666666667
5767.0
5772.416666666667
5801.166666666667
5791.25
5755.416666666667
5729.291666666667
5712.227272727273
5733.708333333333
5752.0526315789475
5759.166666666667
5751.958333333333
5736.291666666667
5741.708333333333
5783.125
5785.181818181818
5758.578947368421
5724.416666666667
5687.875
5715.25
5740.0
5773.166666666667
5775.708333333333
5752.375
5741.666666666667
5751.875
5760.791666666667
5781.5
5812.25
5836.25
5837.666666666667
5797.708333333333
5780.041666666667
5759.875
5752.958333333333
5764.458333333333
5819.833333333333
5796.708333333333
5777.125
5802.541666666667
5844.041666666667
5881.958333333333
5866.416666666667
5807.125
5799.875
5792.833333333333
5804.958333333333
5813.5
5854.291666666667
5863.375
5814.208333333333
5804.166666666667
5810.875
5811.666666666667
5819.130434782609
5825.304347826087
5799.083333333333
5803.166666666667
5833.916666666667
5863.833333333333
5868.541666666667
5822.125
5807.291666666667
5840.708333333333
5834.125
5865.25
5899.916666666667
5898.375
5860.0
5857.75
5848.375
5861.666666666667
5865.208333333333
5862.666666666667
5879.875
5909.041666666667
5923.458333333333
5940.583333333333
5946.541666666667
5923.291666666667
5925.458333333333
5907.083333333333
5868.166666666667
5822.5
5830.666666666667
5855.166666666667
5848.791666666667
5872.090909090909
5845.583333333333
5863.833333333333
5911.583333333333
5924.083333333333
5939.916666666667
5964.791666666667
5982.666666666667
5981.708333333333
5976.75
5992.791666666667
5952.958333333333
5928.583333333333
5928.25
5949.458333333333
5924.041666666667
5931.041666666667
5899.708333333333
5866.791666666667
5847.75
5849.25
5843.916666666667
5852.208333333333
5832.666666666667
5841.541666666667
5846.708333333333
5839.666666666667
5848.541666666667
5860.333333333333
5909.583333333333
5887.583333333333
5886.291666666667
5888.291666666667
5922.625
5933.958333333333
5929.5
5941.5
5976.208333333333
5937.25
5919.666666666667
5941.166666666667
5946.333333333333
5961.875
5974.583333333333
5945.041666666667
5903.791666666667
5877.75
5859.416666666667
5860.458333333333
5894.333333333333
5914.090909090909
5876.666666666667
5864.666666666667
5849.041666666667
5855.666666666667
5870.5
5879.166666666667
5896.875
5912.125
5922.125
5916.791666666667
5929.833333333333
5934.666666666667
5943.75
5895.083333333333
5903.875
5918.791666666667
5925.041666666667
5953.208333333333
5941.916666666667
5845.333333333333
5832.625
5848.791666666667
5869.291666666667
5877.083333333333
5874.708333333333
5876.083333333333
5873.208333333333
5882.875
5860.791666666667
5852.916666666667
5884.04347826087
5864.958333333333
5844.5
5858.458333333333
5883.791666666667
5918.291666666667
5939.208333333333
5948.75
5932.833333333333
5930.291666666667
5934.625
5954.958333333333
5983.208333333333
5981.208333333333
5978.916666666667
5937.75
5923.541666666667
5934.125
5874.333333333333
5843.5
5846.208333333333
5853.666666666667
5856.041666666667
5856.25
5850.375
5858.041666666667
5870.25
5855.75
5906.333333333333
5910.916666666667
5943.291666666667
5971.791666666667
5931.166666666667
5901.590909090909
5911.125
5923.041666666667
5909.739130434783
5937.541666666667
5921.291666666667
5927.125
5921.291666666667
5924.25
5899.625
5883.625
5901.791666666667
5901.75
5895.25
5861.333333333333
5871.173913043478
5863.5
5848.166666666667
5839.666666666667
5961.789473684211
5977.5
5969.75
5958.25
5943.333333333333
5934.541666666667
5916.625
5921.833333333333
5906.333333333333
5890.5
5871.916666666667
5865.708333333333
5882.75
5894.333333333333
5860.125
5861.791666666667
5880.625
5869.291666666667
5864.0
5870.791666666667
5872.375
5872.25
5897.8
5916.791666666667
5906.833333333333
5915.875
5923.083333333333
5945.333333333333
5943.5
5929.875
5911.541666666667
5905.416666666667
5913.291666666667
5924.541666666667
5921.583333333333
5903.125
5902.25
5918.833333333333
5929.125
5889.541666666667
5892.625
5900.916666666667
5919.75
5940.833333333333
5939.208333333333
5918.916666666667
5896.833333333333
5907.541666666667
5865.708333333333
5870.875
5894.071428571428
5889.291666666667
5900.625
5905.611111111111
5906.833333333333
5920.666666666667
5915.333333333333
5901.833333333333
5903.25
5889.541666666667
5893.125
5873.125
5879.083333333333
5895.136363636364
5889.125
5846.833333333333
5958.708333333333
5902.291666666667
5892.913043478261
5902.625
5900.388888888889
5903.95652173913
5923.916666666667
5921.291666666667
5921.5
5932.125
5923.791666666667
5913.666666666667
5909.375
5908.291666666667
5928.625
5958.541666666667
5933.333333333333
5903.090909090909
5881.5
5898.25
5904.958333333333
5919.652173913043
5937.416666666667
5924.529411764706
5900.0
5922.25
5916.375
5911.958333333333
5904.666666666667
5889.625
5900.958333333333
5928.916666666667
5915.5
5869.833333333333
5882.75
5902.208333333333
5913.291666666667
5885.708333333333
5878.666666666667
5922.541666666667
5918.958333333333
5919.041666666667
5901.666666666667
5884.5
5883.791666666667
5867.416666666667
5863.041666666667
5871.458333333333
5905.083333333333
5904.583333333333
5886.083333333333
5909.958333333333
5922.208333333333
5891.0
5901.875
5884.5
5878.083333333333
5891.708333333333
5899.083333333333
5902.75
5926.708333333333
5946.041666666667
5939.333333333333
5952.625
5953.041666666667
5944.833333333333
5944.833333333333
5946.583333333333
5915.208333333333
5931.0
5908.208333333333
5893.875
5880.0
5873.958333333333
5855.5
5873.5
5873.375
5897.708333333333
5898.166666666667
5885.375
5898.541666666667
5892.958333333333
5915.0
5903.416666666667
5928.666666666667
5963.166666666667
5954.208333333333
5943.625
5930.25
5936.5
5958.958333333333
5972.25
5972.375
5963.041666666667
5911.833333333333
5889.125
5882.958333333333
5864.75
5881.0
5839.208333333333
5824.291666666667
5847.041666666667
5858.142857142857
5924.666666666667
5925.791666666667
5920.166666666667
5934.291666666667
5926.958333333333
5882.0
5883.458333333333
5876.666666666667
5869.5
5872.625
5871.041666666667
5871.125
5870.958333333333
5852.541666666667
5878.166666666667
5909.875
5908.25
5908.304347826087
5914.875
5933.708333333333
5945.333333333333
5960.583333333333
5947.125
5926.875
5928.458333333333
5935.041666666667
5930.875
5945.666666666667
5934.125
5934.25
5945.416666666667
5960.260869565217
5949.416666666667
5974.2
5988.791666666667
5965.952380952381
5927.125
5929.708333333333
5900.666666666667
5895.583333333333
5888.708333333333
5908.5
5906.916666666667
5912.958333333333
5899.5
5900.5
5912.208333333333
5924.375
5946.25
5952.0
5944.666666666667
5934.75
5929.208333333333
5921.583333333333
5933.458333333333
5945.541666666667
5941.208333333333
5945.458333333333
5954.826086956522
5942.875
5936.75
5939.833333333333
5925.416666666667
5926.333333333333
5927.291666666667
5929.541666666667
5948.625
5955.833333333333
5946.25
5936.708333333333
5936.666666666667
5884.958333333333
5898.083333333333
5901.625
5911.458333333333
5936.125
5925.458333333333
5928.208333333333
5933.458333333333
5928.833333333333
5922.833333333333
5954.208333333333
5976.416666666667
5969.458333333333
5929.875
5934.125
5933.75
5886.708333333333
5887.791666666667
5890.791666666667
5889.541666666667
5896.708333333333
5904.875
5924.291666666667
5931.791666666667
5947.125
5964.291666666667
5950.083333333333
5946.041666666667
5956.083333333333
5931.791666666667
5921.375
5920.208333333333
5933.458333333333
5938.083333333333
5962.0
5949.041666666667
5944.333333333333
5922.75
5948.208333333333
5954.541666666667
5916.875
5907.708333333333
5938.208333333333
5930.791666666667
5925.666666666667
5929.0
5925.708333333333
5921.25
5938.583333333333
5921.35294117647
5897.958333333333
5874.75
5872.583333333333
5875.125
5881.291666666667
5867.166666666667
5874.041666666667
5876.625
5852.166666666667
5834.916666666667
5826.208333333333
5877.0
5904.875
5881.833333333333
5826.125
5795.625
5814.208333333333
5827.541666666667
5847.875
5820.272727272727
5896.375
5905.541666666667
5878.125
5878.833333333333
5899.916666666667
5886.833333333333
5881.0
5907.541666666667
5902.625
5925.125
5919.958333333333
5922.608695652174
5896.363636363636
5924.791666666667
5924.541666666667
5899.833333333333
5903.916666666667
5911.125
5926.0
5948.208333333333
5926.541666666667
5912.041666666667
5892.291666666667
5875.625
5888.583333333333
5904.208333333333
5898.416666666667
5893.25
5903.75
5888.666666666667
5882.5
5904.708333333333
5922.666666666667
5928.416666666667
5879.416666666667
5887.708333333333
5907.166666666667
5895.708333333333
5908.833333333333
5914.75
5921.875
5907.333333333333
5865.333333333333
5872.875
5861.416666666667
5872.416666666667
5860.958333333333
5884.375
5883.166666666667
5875.208333333333
5868.375
5885.041666666667
5911.291666666667
5913.208333333333
5908.583333333333
5921.333333333333
5926.5
5925.04347826087
5922.5
5918.458333333333
5914.041666666667
5872.894736842105
5870.666666666667
5886.045454545455
5864.0
5852.958333333333
5868.916666666667
5891.25
5885.695652173913
5868.666666666667
5894.954545454545
5886.285714285715
5904.521739130435
5875.041666666667
5872.666666666667
5888.625
5881.875
5888.416666666667
5895.391304347826
5882.0625
5889.583333333333
5893.5
5880.521739130435
5899.375
5872.208333333333
5881.375
5890.958333333333
5903.291666666667
5920.375
5920.833333333333
5913.708333333333
5912.727272727273
5890.714285714285
5885.409090909091
5899.208333333333
5905.916666666667
5901.875
5885.541666666667
5886.125
5896.166666666667
5921.958333333333
5918.916666666667
5920.3
5964.538461538462
5945.166666666667
5940.541666666667
5928.708333333333
5934.583333333333
5920.083333333333
5907.458333333333
5900.090909090909
5918.130434782609
5939.041666666667
5948.375
5955.708333333333
5969.166666666667
5922.666666666667
5925.6
5910.875
5929.666666666667
5941.041666666667
5916.6
5916.666666666667
5925.75
5934.555555555556
5962.416666666667
5969.416666666667
5944.5
5946.208333333333
5941.75
5911.25
5878.208333333333
5881.625
5870.375
5871.125
5876.666666666667
5903.0
5910.708333333333
5931.916666666667
5932.833333333333
5956.541666666667
5969.666666666667
5977.625
5931.541666666667
5944.541666666667
5952.083333333333
5966.958333333333
5950.25
5940.458333333333
5946.833333333333
5956.125
5972.958333333333
5993.666666666667
5979.791666666667
5958.083333333333
5956.5
5946.75
5925.0
5927.916666666667
5938.291666666667
5947.625
5935.041666666667
