1589.7405913978494
1591.1442176870748
1603.3184523809523
1597.8223418573352
1610.6940194714882
1616.7938005390836
1612.3936022253129
1618.5650406504064
1612.4622770919068
1617.35
1615.5819892473119
1606.6114206128134
1609.3212365591398
1603.320323014805
1590.1473214285713
1573.97311827957
1553.614742698192
1556.9946140035906
1590.8396396396397
1591.7483085250337
1588.4400544959128
1582.2267037552156
1592.6280323450135
1576.4361851332399
1575.0432432432433
1588.749663526245
1591.7723214285713
1570.1972602739727
1531.7774687065369
1556.739247311828
1520.4708333333333
1542.1169014084508
1546.0976616231087
1544.4763888888888
1527.1024258760108
1552.5055555555555
1574.4086021505377
1556.3872282608695
1532.200288184438
1485.7254374158815
1546.9291666666666
1563.0545454545454
1542.5864978902953
1510.904569892473
1517.4637096774193
1543.6416666666667
1542.361673414305
1543.452016689847
1551.8027210884354
1560.6132971506106
1561.2
1543.5067204301076
1535.856545961003
1503.374269005848
1490.0538922155688
1511.4844804318489
1518.3822341857335
1518.1402777777778
1540.3279569892472
1527.4561891515993
1510.0827679782903
1516.590053763441
1493.4008941877794
1494.0631720430108
1503.7148817802504
1512.164199192463
1494.8027777777777
1508.985754985755
1526.7083333333333
1508.1015299026426
1502.749663526245
1499.6545961002785
1467.5181695827725
1454.092936802974
1488.6145833333333
1460.9791666666667
1485.9751243781095
1511.4341736694678
1519.5805555555555
1537.6689098250336
1543.122311827957
1540.8013888888888
1542.625
1536.3880389429764
1546.8077956989248
1578.614247311828
1586.2399425287356
1581.2238805970148
1581.7541666666666
1585.9610215053763
1598.2475247524753
1595.064606741573
1607.103494623656
1611.5819444444444
1612.6370967741937
1602.5638888888889
1604.909946236559
1549.3629032258063
1552.5386904761904
1557.228802153432
1545.4708333333333
1542.9502688172042
1552.0472222222222
1539.8131720430108
1525.6720430107528
1524.7208333333333
1530.885752688172
1546.2263888888888
1545.8304172274563
1635.1881720430108
1643.6755952380952
1645.8306451612902
1640.3178621659633
1646.1814516129032
1652.5
1650.8104838709678
1651.497311827957
1653.1375
1652.9381720430108
1645.8111111111111
1640.3951612903227
1637.5733512786003
1634.1636904761904
1646.8333333333333
1646.8986111111112
1614.7056451612902
1643.5875
1646.97311827957
1644.1854838709678
1654.0125
1651.8575268817203
1639.8097222222223
