1599.9583333333333
1606.0833333333333
1600.75
1604.9166666666667
1599.5416666666667
1591.6666666666667
1591.125
1587.7083333333333
1597.7083333333333
1597.7083333333333
1593.125
1591.0833333333333
1597.9166666666667
1592.7916666666667
1583.4166666666667
1582.125
1574.2083333333333
1566.5833333333333
1582.2916666666667
1594.625
1585.375
1572.3333333333333
1571.2916666666667
1579.375
1583.2083333333333
1586.2916666666667
1592.25
1593.5
1596.5416666666667
1594.25
1592.2083333333333
1594.6875
1596.25
1589.875
1593.4583333333333
1596.875
1603.9166666666667
1601.1666666666667
1598.0416666666667
1596.0833333333333
1594.7083333333333
1592.625
1594.75
1590.0
1595.875
1595.25
1595.2083333333333
1594.2916666666667
1600.5416666666667
1592.625
1587.875
1589.4583333333333
1587.7083333333333
1587.695652173913
1592.7083333333333
1594.2083333333333
1583.2083333333333
1582.5416666666667
1580.4166666666667
1573.625
1576.375
1574.4583333333333
1588.75
1593.0416666666667
1591.75
1601.9583333333333
1611.875
1609.2916666666667
1605.8333333333333
1603.5
1599.2916666666667
1599.5833333333333
1607.0833333333333
1610.875
1603.625
1598.4166666666667
1604.5833333333333
1607.9166666666667
1615.5416666666667
1609.4166666666667
1614.4583333333333
1612.5416666666667
1609.7916666666667
1600.4166666666667
1606.5
1602.5
1600.5
1600.2916666666667
1595.0
1588.5833333333333
1594.375
1605.2083333333333
1607.5416666666667
1609.7083333333333
1601.8260869565217
1593.6666666666667
1582.1666666666667
1581.8333333333333
1588.375
1591.4583333333333
1590.4166666666667
1590.8333333333333
1600.6666666666667
1596.0833333333333
1599.3333333333333
1589.625
1590.5416666666667
1596.3333333333333
1601.4583333333333
1600.3333333333333
1602.4583333333333
1601.75
1590.4166666666667
1606.9166666666667
1607.3333333333333
1616.1666666666667
1613.375
1596.6666666666667
1596.8333333333333
1590.625
1598.3333333333333
1604.4583333333333
1603.2916666666667
1604.9166666666667
1608.3333333333333
1605.4583333333333
1606.7916666666667
1608.625
1608.3333333333333
1607.875
1607.1666666666667
1609.75
1615.625
1620.9583333333333
1628.3333333333333
1624.5416666666667
1619.6666666666667
1607.2083333333333
1609.7083333333333
1606.0416666666667
1606.5416666666667
1612.7083333333333
1614.0
1605.5833333333333
1603.9166666666667
1609.625
1604.375
1603.8333333333333
1611.5833333333333
1620.8333333333333
1621.1739130434783
1614.375
1614.1666666666667
1614.75
1618.8695652173913
1621.6666666666667
1618.1666666666667
1611.125
1615.3333333333333
1612.25
1615.8333333333333
1620.125
1629.3333333333333
1631.0833333333333
1631.0833333333333
1618.5416666666667
1611.875
1613.625
1612.25
1615.125
1612.875
1608.304347826087
1608.9583333333333
1606.625
1612.5
1615.1666666666667
1622.2083333333333
1624.5416666666667
1628.375
1622.25
1620.0416666666667
1598.9166666666667
1597.7083333333333
1622.9583333333333
1616.5416666666667
1614.25
1618.0416666666667
1612.7083333333333
1621.5833333333333
1616.5833333333333
1615.75
1614.608695652174
1621.9166666666667
1622.4166666666667
1611.4583333333333
1603.625
1612.125
1609.9583333333333
1612.5416666666667
1612.7916666666667
1606.0416666666667
1610.5833333333333
1613.5833333333333
1612.875
1610.4166666666667
1613.25
1602.0416666666667
1609.125
1610.75
1608.7916666666667
1607.7083333333333
1609.1666666666667
1615.7083333333333
1618.125
1621.4583333333333
1626.0416666666667
1621.25
1622.4583333333333
1619.0
1622.4583333333333
1623.125
1616.625
1616.875
1623.0416666666667
1618.391304347826
1610.0416666666667
1605.1
1612.3333333333333
1618.75
1621.5416666666667
1623.0
1622.3333333333333
1613.2916666666667
1627.3333333333333
1620.1666666666667
1620.375
1613.9565217391305
1615.9166666666667
1615.4166666666667
1618.7916666666667
1618.5833333333333
1614.7916666666667
1616.7916666666667
1615.7916666666667
1620.0416666666667
1623.2916666666667
1620.4782608695652
1608.5416666666667
1599.5416666666667
1605.9166666666667
1607.0416666666667
1608.75
1605.8333333333333
1612.5
1613.5833333333333
1616.1666666666667
1618.4583333333333
1614.0833333333333
1616.375
1612.8333333333333
1613.7826086956522
1610.9166666666667
1606.0416666666667
1609.0416666666667
1605.8333333333333
1605.2083333333333
1613.8333333333333
1611.090909090909
1613.6153846153845
1611.7083333333333
1618.5
1613.625
1617.625
1617.0833333333333
1613.2083333333333
1616.8333333333333
1618.8333333333333
1612.0
1615.2083333333333
1617.0416666666667
1614.3333333333333
1613.2916666666667
1607.9166666666667
1610.9166666666667
1610.6666666666667
1618.9583333333333
1627.5
1617.3333333333333
1613.3333333333333
1611.7916666666667
1616.2916666666667
1618.125
1622.6666666666667
1620.7916666666667
1619.375
1617.5
1622.5833333333333
1625.0833333333333
1625.0833333333333
1623.875
1615.5833333333333
1624.6666666666667
1623.0
1606.7083333333333
1622.4583333333333
1621.5
1621.7083333333333
1614.25
1610.3333333333333
1607.0
1608.0
1612.5416666666667
1617.7916666666667
1619.3333333333333
1619.625
1618.75
1601.4166666666667
1611.5
1620.4583333333333
1617.5
1620.6666666666667
1619.4166666666667
1615.6666666666667
1612.5416666666667
1612.5833333333333
1614.1666666666667
1623.7083333333333
1615.2916666666667
1615.9583333333333
1622.125
1622.7916666666667
1617.8333333333333
1602.7916666666667
1611.5416666666667
1611.7916666666667
1616.7916666666667
1623.5833333333333
1629.75
1624.6666666666667
1618.9583333333333
1611.0416666666667
1591.5
1587.8333333333333
1581.6666666666667
1584.4583333333333
1590.375
1594.9583333333333
1593.4166666666667
1600.2083333333333
1615.5
1611.0
1605.5833333333333
1605.5
1599.3333333333333
1601.0416666666667
1605.0
1614.9166666666667
1613.5416666666667
1611.3333333333333
1606.9166666666667
1612.4545454545455
1611.5
1615.875
1611.0416666666667
1609.0833333333333
1606.1666666666667
1601.2916666666667
1609.75
1616.2083333333333
1617.8333333333333
1615.4583333333333
1609.0416666666667
1610.2083333333333
1608.25
1607.25
1614.7083333333333
1614.5416666666667
1617.4583333333333
1617.3333333333333
1609.625
1621.2916666666667
1624.4583333333333
1619.4166666666667
1619.3333333333333
1615.7083333333333
1610.25
1602.125
1597.5833333333333
1592.0416666666667
1587.375
1598.125
1605.6666666666667
1602.8333333333333
1604.75
1604.75
1608.125
1617.5217391304348
1604.625
1612.25
1612.0416666666667
1611.4583333333333
1611.75
1614.0416666666667
1607.875
1591.125
1589.625
1598.5833333333333
1600.375
1602.2083333333333
1603.625
1598.7916666666667
1600.2916666666667
1601.5833333333333
1610.7916666666667
1616.0416666666667
1611.0833333333333
1598.2083333333333
1586.2916666666667
1590.0
1593.375
1594.2916666666667
1600.0
1604.2916666666667
1604.7916666666667
1604.4166666666667
1602.2916666666667
1609.875
1610.7083333333333
1605.625
1600.0416666666667
1598.5
1596.4583333333333
1596.375
1600.7916666666667
1591.5416666666667
1601.5833333333333
1605.875
1591.7083333333333
1588.6666666666667
1576.2083333333333
1573.375
1593.0
1587.7083333333333
1577.2916666666667
1575.75
1575.7916666666667
1571.3333333333333
1567.3333333333333
1581.75
1590.7083333333333
1594.0833333333333
1598.7916666666667
1595.2083333333333
1594.7083333333333
1583.2083333333333
1580.4166666666667
1579.8333333333333
1590.125
1592.375
1592.5416666666667
1592.5
1583.7916666666667
1585.6666666666667
1579.1666666666667
1575.4166666666667
1572.4583333333333
1571.5416666666667
1571.0416666666667
1568.7083333333333
1581.4583333333333
1576.8333333333333
1564.4166666666667
1558.5
1559.875
1559.2083333333333
1561.1666666666667
1564.5416666666667
1566.2083333333333
1571.9583333333333
1562.6666666666667
1555.9583333333333
1571.8333333333333
1576.7083333333333
1575.7083333333333
1570.9166666666667
1579.625
1580.7916666666667
1569.7916666666667
1562.6666666666667
1556.7916666666667
1544.0
1538.4166666666667
1558.1666666666667
1556.5833333333333
1559.7916666666667
1568.0833333333333
1571.0416666666667
1560.2916666666667
1549.125
1539.0833333333333
1537.5416666666667
1535.2916666666667
1539.625
1547.0
1549.375
1549.6666666666667
1560.3333333333333
1554.75
1554.5416666666667
1554.375
1549.5
1551.6666666666667
1550.5833333333333
1550.375
1554.9583333333333
1553.9583333333333
1560.1666666666667
1568.625
1561.125
1557.2083333333333
1559.2083333333333
1566.875
1569.7083333333333
1564.625
1566.4583333333333
1573.4583333333333
1570.875
1560.625
1543.875
1539.5
1528.4166666666667
1516.4583333333333
1542.0
1553.1666666666667
1549.5416666666667
1561.375
1562.125
1559.7916666666667
1565.2083333333333
1565.3333333333333
1540.25
1591.5
1583.090909090909
1586.0
1581.0833333333333
1591.0833333333333
1594.2173913043478
1592.0833333333333
1597.7826086956522
1593.2083333333333
1599.4166666666667
1603.6666666666667
1601.3333333333333
1606.625
1604.5833333333333
1591.375
1575.6666666666667
1580.6666666666667
1568.5
1591.4583333333333
1589.7083333333333
1582.5416666666667
1588.2083333333333
1593.7916666666667
1595.2083333333333
1579.4545454545455
1583.9583333333333
1596.125
1600.0833333333333
1599.75
1601.6666666666667
1579.9166666666667
1594.0833333333333
1596.5833333333333
1593.0
1593.875
1598.0833333333333
1600.7916666666667
1594.7083333333333
1590.375
1583.0833333333333
1589.0
1590.3333333333333
1592.125
1595.7083333333333
1595.2608695652175
1597.6666666666667
1591.0
1589.2916666666667
1589.4166666666667
1596.2916666666667
1593.3333333333333
1569.8333333333333
1596.2916666666667
1586.125
1585.875
1590.625
1595.3333333333333
1596.1666666666667
1570.5416666666667
1568.9166666666667
1567.9
1582.7083333333333
1586.0
1590.2083333333333
1590.1666666666667
1587.375
1585.6666666666667
1582.375
1587.0869565217392
1580.1666666666667
1592.8636363636363
1601.0833333333333
1598.9166666666667
1591.952380952381
1590.625
1578.7916666666667
1586.5416666666667
1588.7083333333333
1594.5
1590.25
1587.3333333333333
1587.4166666666667
1596.6666666666667
1598.9166666666667
1600.4583333333333
1592.7083333333333
1568.6666666666667
1567.8333333333333
1578.0833333333333
1587.4583333333333
1591.5
1591.875
1589.5416666666667
1580.3333333333333
1576.5833333333333
1572.5416666666667
1575.9583333333333
1581.375
1582.7916666666667
1590.875
1581.7083333333333
1562.6666666666667
1566.6666666666667
1575.9583333333333
1585.125
1584.2608695652175
1581.7083333333333
1585.0833333333333
1581.125
1592.5
1592.375
1588.2916666666667
1589.5833333333333
1585.875
1586.5833333333333
1591.9583333333333
1597.625
1598.5
1595.5833333333333
1599.1666666666667
1592.9583333333333
1583.125
1584.7083333333333
1589.375
1599.4583333333333
1611.2083333333333
1616.75
1608.9166666666667
1602.1818181818182
1604.25
1607.3333333333333
1609.5833333333333
1598.375
1598.875
1604.375
1612.6666666666667
1599.4583333333333
1590.3333333333333
1580.75
1579.4583333333333
1570.25
1558.0
1569.875
1580.375
1584.9166666666667
1580.3333333333333
1563.5
1555.5
1568.3333333333333
1578.5
1572.7916666666667
1573.2083333333333
1583.6666666666667
1594.4583333333333
1596.25
1596.4166666666667
1592.5
1588.125
1586.0
1576.2916666666667
1575.4583333333333
1567.3333333333333
1566.0
1575.5
1573.7083333333333
1567.5416666666667
1568.2916666666667
1572.7083333333333
1569.2083333333333
1574.125
1574.6666666666667
1567.0416666666667
1578.25
1586.0416666666667
1562.1666666666667
1575.5
1577.9411764705883
1571.4583333333333
1575.0
1574.5
1574.6666666666667
1571.3333333333333
1568.0833333333333
1565.3333333333333
1571.4583333333333
1577.05
1569.2083333333333
1584.4583333333333
1587.4583333333333
1579.5416666666667
1570.3333333333333
1567.0
1572.625
1584.4166666666667
1587.4583333333333
1575.2916666666667
1571.9166666666667
1572.4583333333333
1567.9166666666667
1566.6666666666667
1575.0833333333333
1577.7083333333333
1576.2083333333333
1579.9583333333333
1580.2083333333333
1579.0416666666667
1575.1666666666667
1577.6666666666667
1582.5217391304348
1590.375
1594.6666666666667
1592.25
1593.7916666666667
1592.5
1588.4166666666667
1585.5416666666667
1586.875
1594.5416666666667
1598.2083333333333
1598.2083333333333
1590.5
1566.9583333333333
1558.5416666666667
1558.2083333333333
1565.2916666666667
1579.5833333333333
1588.3333333333333
1595.8333333333333
1592.4583333333333
1590.5833333333333
1597.4583333333333
1598.75
1604.3333333333333
1603.125
1594.4583333333333
1592.3333333333333
1595.25
1594.6666666666667
1586.4166666666667
1586.7083333333333
1586.2916666666667
1589.3333333333333
1587.4166666666667
1570.9583333333333
1564.8333333333333
1566.2916666666667
1585.8333333333333
1598.4583333333333
1602.0833333333333
1601.75
1590.9583333333333
1607.8333333333333
1616.625
1615.8333333333333
1616.0416666666667
1613.375
1556.3333333333333
1565.8333333333333
1582.9166666666667
1599.1666666666667
1603.375
1603.25
1599.5833333333333
1591.9583333333333
1594.1666666666667
1591.8333333333333
1580.5833333333333
1584.0416666666667
1570.7916666666667
1574.3333333333333
1574.8333333333333
1578.5833333333333
1579.8125
1703.142857142857
1583.8333333333333
1593.2083333333333
1595.8333333333333
1582.9583333333333
1573.6666666666667
1563.5833333333333
1557.625
1562.5833333333333
1550.5833333333333
1543.8095238095239
1542.75
1550.375
1551.25
1538.3333333333333
1535.125
1552.2083333333333
1560.6666666666667
1582.9166666666667
1606.25
1602.6666666666667
1578.875
1552.2083333333333
1525.875
1539.9166666666667
1548.2083333333333
1537.4583333333333
1531.5833333333333
1538.4583333333333
1522.75
1503.375
1503.8333333333333
1491.375
1514.0416666666667
1493.6666666666667
1504.8333333333333
1511.5416666666667
1524.875
1520.1666666666667
1515.5
1525.4166666666667
1535.4166666666667
1544.875
1551.0
1542.5833333333333
1539.8695652173913
1542.75
1544.75
1544.8333333333333
1533.4583333333333
1543.8333333333333
1555.6666666666667
1560.2916666666667
1568.125
1559.125
1552.0416666666667
1553.0833333333333
1551.9583333333333
1550.5416666666667
1550.5
1556.375
1552.875
1539.3333333333333
1539.7916666666667
1560.2083333333333
1576.125
1582.0
1575.2083333333333
1576.1666666666667
1568.0
1549.5416666666667
1557.6666666666667
1555.0
1557.0833333333333
1558.5
1550.9166666666667
1548.4166666666667
1549.625
1558.4583333333333
1564.5416666666667
1572.5416666666667
1577.5
1564.75
1551.125
1527.0416666666667
1532.0
1541.5833333333333
1525.0
1518.0416666666667
1533.4166666666667
1511.4166666666667
1532.5833333333333
1533.6666666666667
1542.1666666666667
1554.5416666666667
1526.875
1512.75
1534.0833333333333
1539.1666666666667
1532.0416666666667
1531.625
1529.7083333333333
1499.375
1498.1666666666667
1519.7083333333333
1515.375
1510.25
1513.2083333333333
1490.7083333333333
1477.7083333333333
1478.2083333333333
1494.2916666666667
1512.1666666666667
1523.4166666666667
1534.5416666666667
1548.3333333333333
1554.5
1544.5416666666667
1549.2083333333333
1532.7083333333333
1538.7083333333333
1528.0416666666667
1512.5416666666667
1532.1818181818182
1545.0416666666667
1538.2727272727273
1535.0526315789473
1527.1538461538462
1525.5652173913043
1524.0
1525.608695652174
1543.1666666666667
1550.625
1549.9130434782608
1543.7619047619048
1545.111111111111
1542.4583333333333
1540.7916666666667
1540.875
1554.090909090909
1557.2916666666667
1553.2083333333333
1553.5416666666667
1545.375
1545.6666666666667
1558.2916666666667
1559.75
1550.625
1546.6666666666667
1553.0833333333333
1554.6666666666667
1543.5833333333333
1515.8333333333333
1520.25
1533.8333333333333
1545.75
1547.875
1545.3333333333333
1546.5833333333333
1551.0833333333333
1551.625
1550.4782608695652
1540.7083333333333
1538.5
1541.75
1550.125
1554.2916666666667
1554.5833333333333
1550.0588235294117
1523.764705882353
1547.4583333333333
1552.5
1536.0833333333333
1537.7083333333333
1546.2916666666667
1556.5416666666667
1567.0
1569.75
1569.5416666666667
1573.0833333333333
1572.4583333333333
1566.75
1564.0
1569.6666666666667
1570.5833333333333
1574.0833333333333
1561.6666666666667
1531.375
1526.125
1531.625
1530.5416666666667
1524.375
1532.9583333333333
1540.2083333333333
1537.875
1520.875
1545.875
1546.1666666666667
1558.2916666666667
1570.125
1569.25
1562.8333333333333
1557.625
1529.0833333333333
1495.6666666666667
1498.4166666666667
1498.2083333333333
1504.9583333333333
1512.0416666666667
1519.5833333333333
1529.9583333333333
1534.4166666666667
1531.5416666666667
1520.5
1520.0
1513.875
1494.4166666666667
1488.0
1505.5833333333333
1508.7083333333333
1511.5833333333333
1500.8333333333333
1491.75
1514.0833333333333
1532.0416666666667
1544.0833333333333
1552.25
1558.25
1556.0833333333333
1554.125
1552.9583333333333
1563.25
1512.25
1513.125
1519.1666666666667
1531.4166666666667
1547.7916666666667
1557.6666666666667
1548.25
1544.4583333333333
1535.625
1538.9166666666667
1540.9583333333333
1544.875
1530.5416666666667
1536.0416666666667
1540.375
1558.7083333333333
1553.0
1539.6666666666667
1547.0
1552.3333333333333
1556.8333333333333
1566.3333333333333
1555.375
1556.9166666666667
1559.4166666666667
1557.375
1567.25
1576.125
1564.9166666666667
1559.5
1550.5416666666667
1563.2083333333333
1567.7083333333333
1556.5416666666667
1552.25
1545.8333333333333
1556.5416666666667
1578.3333333333333
1578.2083333333333
1570.1666666666667
1569.3333333333333
1570.0
1567.125
1569.0833333333333
1555.8333333333333
1555.6666666666667
1573.25
1569.875
1568.0
1578.5416666666667
1578.2083333333333
1593.1666666666667
1603.9583333333333
1616.125
1600.9583333333333
1584.7083333333333
1590.375
1583.6666666666667
1573.3333333333333
1565.5416666666667
1573.4583333333333
1556.6666666666667
1551.4583333333333
1559.375
1561.2916666666667
1572.2083333333333
1576.7083333333333
1562.0416666666667
1694.695652173913
1545.9583333333333
1553.6666666666667
1551.8333333333333
1564.7083333333333
1570.75
1574.8333333333333
1575.9583333333333
1564.7916666666667
1557.4583333333333
1552.391304347826
1562.625
1579.9166666666667
1572.125
1562.25
1565.5833333333333
1565.0416666666667
1556.25
1582.4166666666667
1578.0416666666667
1561.875
1568.5833333333333
1532.2
1536.2272727272727
1520.4166666666667
1517.9583333333333
1511.25
1519.0
1521.2083333333333
1519.9583333333333
1507.9166666666667
1483.2083333333333
1509.1666666666667
1521.4583333333333
1536.9166666666667
1541.125
1542.0833333333333
1534.75
1544.9583333333333
1560.695652173913
1546.375
1552.25
1549.125
1574.0833333333333
1565.304347826087
1550.2083333333333
1510.1666666666667
1523.0416666666667
1515.3333333333333
1541.0416666666667
1530.4166666666667
1547.0
1557.8333333333333
1561.6666666666667
1534.25
1528.2083333333333
1538.625
1508.25
1475.6666666666667
1453.1666666666667
1446.5416666666667
1453.0
1473.0416666666667
1498.7826086956522
1539.6666666666667
1531.6666666666667
1543.625
1457.7083333333333
1357.1666666666667
1396.7916666666667
1418.875
1401.2916666666667
1388.2083333333333
1436.3333333333333
1440.8333333333333
1452.5416666666667
1481.125
1503.875
1495.1666666666667
1491.9166666666667
1506.4166666666667
1524.75
1538.875
1542.375
1531.0416666666667
1524.0
1529.5416666666667
1527.9583333333333
1547.6666666666667
1539.0833333333333
1538.1666666666667
1538.5833333333333
1525.75
1534.375
1537.7083333333333
1537.6666666666667
1507.0
1537.5
1535.5416666666667
1527.9166666666667
1531.5
1541.7916666666667
1553.625
1555.4166666666667
1569.25
1560.6666666666667
1550.25
1563.6666666666667
1585.4166666666667
1588.0416666666667
1582.5416666666667
1559.875
1563.6666666666667
1565.5833333333333
1572.5833333333333
1537.5
1512.9583333333333
1507.0416666666667
1522.125
1546.5
1555.8333333333333
1563.375
1563.75
1559.5714285714287
1518.25
1520.2916666666667
1535.3333333333333
1537.5833333333333
1534.875
1529.125
1535.3333333333333
1528.875
1520.4166666666667
1529.2
1538.4166666666667
1552.125
1538.75
1533.125
1536.875
1522.7083333333333
1490.7083333333333
1500.3333333333333
1532.875
1548.5833333333333
1550.2083333333333
1556.5833333333333
1566.2083333333333
1575.1666666666667
1571.0833333333333
1579.4166666666667
1575.2916666666667
1572.9166666666667
1571.625
1570.2916666666667
1563.5833333333333
1563.625
1560.2916666666667
1547.7083333333333
1509.5833333333333
1518.9166666666667
1519.0416666666667
1509.5833333333333
1512.7916666666667
1527.0
1538.4166666666667
1545.4166666666667
1537.6666666666667
1534.5
1486.2083333333333
1485.0833333333333
1503.4583333333333
1511.7916666666667
1492.9583333333333
1470.0833333333333
1468.375
1468.7916666666667
1468.0
1483.125
1494.2083333333333
1507.7916666666667
1489.25
1486.4583333333333
1508.0833333333333
1510.1666666666667
1516.0833333333333
1511.0416666666667
1500.2916666666667
1505.7083333333333
1502.2083333333333
1496.4583333333333
1502.1666666666667
1507.0416666666667
1514.5833333333333
1516.75
1513.4166666666667
1510.5416666666667
1516.5
1515.9583333333333
1504.625
1509.375
1520.0416666666667
1521.5416666666667
1524.0833333333333
1516.7083333333333
1515.2916666666667
1514.0416666666667
1513.625
1526.0833333333333
1521.7916666666667
1526.25
1526.4583333333333
1526.2916666666667
1535.5416666666667
1537.375
1541.625
1547.9583333333333
1544.625
1573.625
1563.6666666666667
1526.8333333333333
1539.6666666666667
1535.2916666666667
1529.8333333333333
1551.375
1549.9166666666667
1514.875
1533.625
1550.8333333333333
1553.625
1564.1666666666667
1558.125
1532.0833333333333
1529.4583333333333
1537.7083333333333
1546.2083333333333
1537.2916666666667
1544.625
1538.625
1552.5833333333333
1560.5
1551.5454545454545
1558.2083333333333
1551.9166666666667
1542.875
1549.625
1529.3478260869565
1535.375
1516.7083333333333
1523.0
1530.4583333333333
1522.2916666666667
1532.25
1527.7916666666667
1510.5
1531.2916666666667
1533.9583333333333
1541.375
1546.9583333333333
1557.875
1578.2083333333333
1592.7083333333333
1570.1666666666667
1563.9166666666667
1532.125
1527.1666666666667
1537.125
1522.3333333333333
1540.7083333333333
1532.125
1529.1666666666667
1548.125
1568.4782608695652
1554.0
1533.7916666666667
1540.4166666666667
1558.5
1550.5
1547.9166666666667
1560.1666666666667
1539.375
1544.5833333333333
1543.0
1551.75
1560.875
1563.3333333333333
1547.5
1550.9583333333333
1554.0
1545.6666666666667
1556.0
1530.4583333333333
1510.7083333333333
1523.25
1520.25
1529.125
1538.1666666666667
1531.7083333333333
1529.375
1538.375
1526.875
1535.5833333333333
1552.7083333333333
1555.25
1563.5833333333333
1555.3333333333333
1562.0416666666667
1573.65
1558.9166666666667
1553.1666666666667
1555.0833333333333
1541.7916666666667
1547.0416666666667
1552.0416666666667
1547.4583333333333
1546.75
1538.375
1547.3333333333333
1550.8333333333333
1543.5416666666667
1554.2083333333333
1541.1666666666667
1550.4166666666667
1573.9583333333333
1571.8333333333333
1550.0416666666667
1557.625
1567.375
1567.608695652174
1584.4705882352941
1573.5416666666667
1545.2083333333333
1546.25
1550.5833333333333
1568.3333333333333
1552.7916666666667
1562.75
1558.625
1584.625
1581.1666666666667
1575.25
1561.4583333333333
1560.125
1575.125
1563.2083333333333
1543.5833333333333
1544.6666666666667
1539.25
1532.875
1554.4166666666667
1557.0
1554.0416666666667
1571.25
1576.0416666666667
1575.6666666666667
1570.0
1552.2916666666667
1544.25
1556.9583333333333
1570.1666666666667
1588.7083333333333
1607.695652173913
1544.0416666666667
1542.125
1556.9166666666667
1569.7916666666667
1575.875
1558.1666666666667
1549.2083333333333
1559.5416666666667
1577.9583333333333
1559.4166666666667
1544.0
1563.1666666666667
1580.1666666666667
1571.125
1560.6666666666667
1566.3333333333333
1582.2916666666667
1577.6666666666667
1567.4583333333333
1559.75
1550.7083333333333
1535.25
1523.625
1538.5833333333333
1550.125
1554.9130434782608
1577.25
1566.2083333333333
1563.9583333333333
1544.7083333333333
1554.4166666666667
1575.7916666666667
1566.75
1571.1666666666667
1581.25
1592.5833333333333
1588.375
1581.25
1573.5416666666667
1566.3333333333333
1526.1666666666667
1528.25
1518.375
1503.8333333333333
1490.5833333333333
1486.1666666666667
1508.75
1472.8333333333333
1499.7083333333333
1528.2083333333333
1539.0
1539.9166666666667
1532.125
1532.4583333333333
1551.25
1543.2083333333333
1544.2916666666667
1541.7083333333333
1541.4583333333333
1543.1304347826087
1562.5416666666667
1571.625
1556.7916666666667
1555.0
1563.7083333333333
1569.5416666666667
1548.375
1525.7916666666667
1529.75
1529.1666666666667
1485.125
1472.4583333333333
1499.5833333333333
1504.0833333333333
1513.2083333333333
1525.125
1529.4583333333333
1539.4583333333333
1535.6666666666667
1521.4166666666667
1525.5416666666667
1529.0833333333333
1551.375
1577.5
1552.375
1539.7083333333333
1537.0416666666667
1546.5652173913043
1552.9130434782608
1556.0
1544.375
1538.75
1529.125
1307.3076923076924
1297.25
1489.1739130434783
1492.8333333333333
1484.8333333333333
1487.5416666666667
1477.5416666666667
1502.2916666666667
1496.125
1516.2083333333333
1516.5416666666667
1519.3333333333333
1512.0
1509.0416666666667
1509.125
1503.4166666666667
1510.5833333333333
1504.6666666666667
1498.9166666666667
1470.5217391304348
1504.0416666666667
1467.5
1491.5833333333333
1495.2083333333333
1499.625
1511.25
1515.3333333333333
1525.0
1529.0416666666667
1524.6666666666667
1525.2916666666667
1526.75
1532.2083333333333
1537.5
1531.25
1530.875
1518.0
1507.875
1502.25
1509.25
1509.4166666666667
1509.4583333333333
1506.0416666666667
1500.2916666666667
1499.9166666666667
1504.3333333333333
1506.7916666666667
1513.8333333333333
1509.2916666666667
1512.2916666666667
1512.7916666666667
1516.625
1515.375
1527.6666666666667
1530.4583333333333
1535.7916666666667
1536.0833333333333
1533.2916666666667
1533.375
1527.5652173913043
1521.375
1526.625
1532.2916666666667
1508.3333333333333
1514.25
1514.2083333333333
1526.2916666666667
1530.9583333333333
1521.75
1514.0833333333333
1519.375
1514.0833333333333
1517.2916666666667
1484.9583333333333
1486.9583333333333
1494.5416666666667
1503.7083333333333
1509.0833333333333
1514.375
1516.0833333333333
1526.6666666666667
1527.125
1528.8333333333333
1521.5416666666667
1526.1666666666667
1533.9583333333333
1537.1666666666667
1527.2083333333333
1531.7916666666667
1519.9166666666667
1524.4583333333333
1510.0416666666667
1508.2083333333333
1503.2916666666667
1491.0416666666667
1506.5
1516.3333333333333
1531.8333333333333
1541.9166666666667
1543.7916666666667
1545.3333333333333
1541.0833333333333
1517.9583333333333
1524.4166666666667
1537.5833333333333
1544.375
1546.0833333333333
1545.6666666666667
1547.875
1539.8333333333333
1542.625
1549.0416666666667
1548.2083333333333
1543.0
1554.9166666666667
1542.5
1522.8333333333333
1529.9166666666667
1529.0
1532.2916666666667
1541.3333333333333
1553.875
1548.2083333333333
1544.7083333333333
1535.9166666666667
1534.375
1547.0833333333333
1547.5416666666667
1551.25
1546.9166666666667
1530.2916666666667
1529.4583333333333
1535.4166666666667
1534.5833333333333
1540.2083333333333
1537.9166666666667
1534.1666666666667
1522.2916666666667
1525.5833333333333
1540.2916666666667
1529.0416666666667
1523.7083333333333
1510.4583333333333
1505.7916666666667
1516.1739130434783
1518.9166666666667
1521.625
1531.4166666666667
1535.125
1535.5
1537.3333333333333
1536.0416666666667
1524.125
1526.2916666666667
1528.75
1530.3333333333333
1520.7916666666667
1523.8333333333333
1518.0
1512.7083333333333
1526.4583333333333
1540.3333333333333
1513.6666666666667
1488.2083333333333
1507.25
1514.875
1514.9583333333333
1525.8333333333333
1515.2916666666667
1507.75
1489.0833333333333
1493.0833333333333
1506.9166666666667
1523.375
1522.875
1522.5416666666667
1488.25
1482.75
1498.2916666666667
1510.7916666666667
1509.5
1509.2916666666667
1512.0833333333333
1511.1666666666667
1512.4166666666667
1512.6666666666667
1498.5833333333333
1518.2916666666667
1510.875
1511.2083333333333
1527.1176470588234
1531.875
1526.6666666666667
1525.25
1512.375
1518.4583333333333
1519.3333333333333
1520.6666666666667
1530.25
1537.25
1515.8333333333333
1516.0833333333333
1487.875
1490.2083333333333
1494.6666666666667
1498.1666666666667
1522.3333333333333
1532.1666666666667
1534.1666666666667
1533.9583333333333
1534.2083333333333
1517.2083333333333
1510.6666666666667
1516.75
1522.3333333333333
1519.625
1524.5416666666667
1520.7916666666667
1516.375
1518.9583333333333
1510.375
1505.2083333333333
1504.75
1503.4583333333333
1510.0833333333333
1511.3333333333333
1504.375
1489.4166666666667
1495.7083333333333
1502.2916666666667
1511.695652173913
1509.3333333333333
1530.2083333333333
1525.5833333333333
1518.6666666666667
1496.625
1499.5833333333333
1505.8333333333333
1492.5
1469.875
1481.0833333333333
1488.9583333333333
1503.25
1489.0
1466.7083333333333
1464.5
1467.5
1470.375
1472.375
1480.9166666666667
1495.625
1462.5833333333333
1447.625
1453.75
1466.25
1476.7916666666667
1475.125
1474.0416666666667
1488.0416666666667
1497.2916666666667
1504.75
1513.25
1514.5416666666667
1506.0
1506.3333333333333
1495.8333333333333
1494.7916666666667
1492.25
1479.7083333333333
1500.7916666666667
1497.2916666666667
1489.25
1501.2083333333333
1510.0833333333333
1507.9583333333333
1506.2083333333333
1497.875
1493.875
1489.3333333333333
1495.5833333333333
1502.7916666666667
1515.6666666666667
1521.6666666666667
1524.5833333333333
1526.25
1527.9583333333333
1526.5
1523.125
1494.7916666666667
1496.4347826086957
1495.6666666666667
1486.75
1493.25
1496.2916666666667
1521.625
1519.5416666666667
1519.625
1525.7083333333333
1501.0833333333333
1526.2916666666667
1506.9166666666667
1477.8333333333333
1473.2916666666667
1475.8333333333333
1483.4583333333333
1485.3333333333333
1482.875
1473.4166666666667
1481.4583333333333
1501.2916666666667
1514.5
1520.125
1529.3333333333333
1538.3333333333333
1539.2916666666667
1520.25
1515.875
1519.5416666666667
1514.625
1511.25
1521.0416666666667
1525.0416666666667
1526.25
1522.9583333333333
1529.125
1542.8333333333333
1503.5833333333333
1465.0416666666667
1480.7916666666667
1504.0
1515.8333333333333
1515.0416666666667
1517.4166666666667
1512.7083333333333
1508.7916666666667
1491.25
1495.2916666666667
1498.8333333333333
1502.4583333333333
1510.1666666666667
1513.5416666666667
1517.75
1511.8333333333333
1486.0
1474.75
1482.5
1482.6666666666667
1493.5
1514.25
1527.5833333333333
1514.8333333333333
1475.875
1489.3333333333333
1510.1666666666667
1513.5416666666667
1515.875
1523.5416666666667
1525.375
1519.2916666666667
1508.625
1497.25
1479.8333333333333
1470.3333333333333
1464.0833333333333
1472.2916666666667
1477.25
1482.0416666666667
1486.7083333333333
1489.0416666666667
1488.875
1492.9583333333333
1495.25
1486.4166666666667
1490.0416666666667
1495.7916666666667
1496.625
1493.9166666666667
1507.5
1507.875
1510.5833333333333
1512.0833333333333
1507.0434782608695
1512.625
1507.2083333333333
1506.5416666666667
1515.0833333333333
1513.2083333333333
1493.2916666666667
1483.0416666666667
1487.4166666666667
1487.7272727272727
1506.9545454545455
1512.2916666666667
1516.4166666666667
1453.7894736842106
1528.4166666666667
1531.125
1528.4375
1526.0416666666667
1522.125
1519.9583333333333
1522.2083333333333
1525.3333333333333
1531.875
1531.25
1529.5833333333333
1522.2083333333333
1521.6666666666667
1520.3333333333333
1527.2083333333333
1523.4166666666667
1511.125
1511.8333333333333
1513.9583333333333
1506.5416666666667
1502.9166666666667
1501.9583333333333
1504.0416666666667
1512.9583333333333
1517.5416666666667
1520.7916666666667
1522.625
1524.2916666666667
1523.875
1535.9583333333333
1541.0
1537.625
1533.125
1549.2916666666667
1543.375
1564.75
1556.0833333333333
1543.0416666666667
1534.75
1538.8333333333333
1539.4583333333333
1536.0
1538.625
1544.6666666666667
1531.875
1515.4782608695652
1485.2916666666667
1479.25
1482.0833333333333
1483.7083333333333
1485.1666666666667
1452.625
1416.8333333333333
1435.8333333333333
1466.7083333333333
1489.0833333333333
1501.2083333333333
1499.5833333333333
1518.5416666666667
1539.9583333333333
1559.5
1571.1666666666667
1556.3333333333333
1552.625
1537.0
1507.0416666666667
1505.4583333333333
1509.9166666666667
1507.7916666666667
1494.5416666666667
1489.2083333333333
1492.9583333333333
1496.375
1487.0833333333333
1490.2083333333333
1488.6666666666667
1490.7083333333333
1498.7916666666667
1508.9583333333333
1506.7916666666667
1506.625
1510.125
1514.5833333333333
1509.5833333333333
1529.2083333333333
1541.375
1543.1666666666667
1543.6666666666667
1539.7083333333333
1531.2083333333333
1519.1666666666667
1508.6666666666667
1477.0833333333333
1448.25
1474.5416666666667
1492.8333333333333
1486.875
1481.6666666666667
1491.3333333333333
1497.375
1487.8260869565217
1477.5
1470.0833333333333
1465.2916666666667
1455.625
1449.25
1447.25
1464.5833333333333
1467.5416666666667
1474.7916666666667
1447.5
1456.2083333333333
1468.2083333333333
1494.1363636363637
1509.4583333333333
1507.375
1516.3333333333333
1532.5833333333333
1547.5
1543.25
1549.5416666666667
1556.0
1536.3333333333333
1523.4583333333333
1519.0416666666667
1518.7083333333333
1524.7916666666667
1525.5
1519.4166666666667
1512.8333333333333
1509.0833333333333
1489.4166666666667
1462.5
1454.9166666666667
1440.0416666666667
1435.1666666666667
1437.9583333333333
1447.4583333333333
1448.25
1449.875
1465.25
1478.5
1481.2916666666667
1482.7916666666667
1500.9166666666667
1524.5416666666667
1537.5
1561.7083333333333
1552.25
1531.5416666666667
1533.4583333333333
1517.25
1413.9583333333333
1390.5416666666667
1399.4166666666667
1418.2916666666667
1432.5
1444.3333333333333
1447.4583333333333
1440.8333333333333
1439.5
1432.1739130434783
1417.5
1423.25
1440.8333333333333
1458.6666666666667
1453.1666666666667
1453.4166666666667
1458.9166666666667
1459.5833333333333
1457.7916666666667
1469.9583333333333
1492.9166666666667
1497.4
1464.0833333333333
1466.2916666666667
1463.375
1472.4583333333333
1481.7916666666667
1476.75
1483.8333333333333
1480.1666666666667
1485.25
1483.7916666666667
1500.6666666666667
1514.125
1516.75
1511.2083333333333
1509.75
1503.5833333333333
1502.25
1489.25
1484.5
1491.125
1491.0416666666667
1482.75
1490.6666666666667
1490.9583333333333
1476.0833333333333
1481.375
1492.75
1494.5833333333333
1470.6
1469.1666666666667
1473.7083333333333
1476.2916666666667
1482.1666666666667
1489.375
1483.4583333333333
1435.4583333333333
1432.5
1446.2916666666667
1465.9166666666667
1455.75
1437.125
1448.25
1450.0416666666667
1456.6666666666667
1463.75
1453.1666666666667
1455.625
1461.2083333333333
1467.375
1464.375
1462.9166666666667
1458.7083333333333
1465.7916666666667
1464.9130434782608
1464.15
1441.375
1459.4166666666667
1476.111111111111
1625.8333333333333
1480.6666666666667
1468.125
1477.5416666666667
1478.4166666666667
1484.125
1486.2083333333333
1487.875
1488.75
1491.375
1492.7916666666667
1493.4583333333333
1506.125
1507.4
1509.9545454545455
1501.7916666666667
1501.8333333333333
1502.9166666666667
1499.1666666666667
1492.0
1467.5416666666667
1459.25
1472.3333333333333
1478.1666666666667
1462.4166666666667
1486.1666666666667
1496.5416666666667
1507.0416666666667
1512.25
1516.9583333333333
1521.4166666666667
1525.0416666666667
1519.4583333333333
1516.625
1510.95
1522.7916666666667
1524.2916666666667
1536.2083333333333
1538.4583333333333
1545.4782608695652
1530.9166666666667
1551.2916666666667
1552.8260869565217
1550.2083333333333
1543.75
1539.125
1534.7083333333333
1529.6666666666667
1533.0833333333333
1536.8333333333333
1532.4166666666667
1534.0
1543.75
1545.3333333333333
1546.6666666666667
1554.625
1556.8333333333333
1552.2916666666667
1542.4583333333333
1522.25
1529.9166666666667
1541.625
1538.1666666666667
1548.3333333333333
1554.4583333333333
1547.125
1524.7916666666667
1449.7916666666667
1452.4166666666667
1422.9583333333333
1448.1666666666667
1456.2916666666667
1471.375
1484.2916666666667
1513.6666666666667
1522.9583333333333
1528.9583333333333
1531.0416666666667
1536.0
1535.0416666666667
1533.25
1536.0
1536.2083333333333
1545.5
1553.7916666666667
1547.2916666666667
1538.5
1523.9166666666667
1518.5833333333333
1524.7916666666667
1521.4166666666667
1523.25
1527.625
1530.8333333333333
1529.304347826087
1528.875
1529.7083333333333
1544.7916666666667
1544.6666666666667
1546.75
1548.7916666666667
1545.875
1552.8333333333333
1556.0
1562.875
1561.9583333333333
1557.7083333333333
1552.9166666666667
1550.625
1553.5
1557.5416666666667
1558.4166666666667
1551.8333333333333
1546.9166666666667
1544.5833333333333
1543.9583333333333
1526.0416666666667
1509.7916666666667
1530.9166666666667
1528.7083333333333
1520.875
1519.9583333333333
1527.0833333333333
1533.25
1554.0416666666667
1553.75
1547.8333333333333
1548.2916666666667
1555.25
1553.7083333333333
1555.1666666666667
1544.5
1536.8333333333333
1542.8333333333333
1537.1666666666667
1544.75
1548.0416666666667
1552.375
1561.0
1556.7916666666667
1563.5
1555.25
1554.5833333333333
1548.5833333333333
1519.0833333333333
1536.0416666666667
1523.1666666666667
1517.7916666666667
1519.7916666666667
1520.4583333333333
1521.4583333333333
1527.2083333333333
1524.2916666666667
1527.5833333333333
1534.4166666666667
1549.0833333333333
1558.5
1562.7916666666667
1553.2083333333333
1543.5833333333333
1542.9166666666667
1538.8333333333333
1538.0
1537.7916666666667
1541.0416666666667
1545.9166666666667
1549.0
1553.7916666666667
1554.875
1543.9583333333333
1540.7083333333333
1543.1666666666667
1541.7916666666667
1551.5833333333333
1553.125
1547.5833333333333
1547.4166666666667
1547.125
1527.25
1532.5
1534.8333333333333
1528.3333333333333
1530.9583333333333
1537.1666666666667
1555.0
1554.25
1532.125
1539.3333333333333
1554.8333333333333
1544.0
1545.4583333333333
1534.1666666666667
1532.75
1539.25
1541.75
1546.5416666666667
1545.625
1540.125
1546.75
1546.9583333333333
1560.0
1550.0833333333333
1549.2916666666667
1544.1739130434783
1521.9583333333333
1514.0833333333333
1523.0416666666667
1494.25
1514.0833333333333
1522.875
1531.0833333333333
1538.2083333333333
1536.0833333333333
1519.2083333333333
1527.2916666666667
1517.0416666666667
1514.75
1515.375
1529.375
1540.4166666666667
1538.2083333333333
1550.4583333333333
1559.5416666666667
1560.4583333333333
1553.5416666666667
1557.0833333333333
1557.8333333333333
1558.4583333333333
1552.5833333333333
1542.5833333333333
1539.25
1530.25
1531.7083333333333
1523.2916666666667
1523.75
1530.0833333333333
1535.7916666666667
1528.25
1536.875
1537.875
1531.9583333333333
1555.8333333333333
1547.5
1552.4583333333333
1548.9583333333333
1549.0833333333333
1556.625
1547.75
1553.9166666666667
1546.6666666666667
1555.5416666666667
1565.5416666666667
1555.5833333333333
1552.9583333333333
1556.5833333333333
1560.5
1573.7916666666667
1575.25
1552.25
1555.5416666666667
1564.625
1571.0
1578.5416666666667
1579.1666666666667
1590.9583333333333
1594.25
1589.25
1590.375
1585.9583333333333
1580.625
1580.75
1577.6666666666667
1575.875
1584.375
1576.125
1569.9583333333333
1574.625
1571.0
1584.625
1579.9583333333333
1574.875
1582.7083333333333
1584.6666666666667
1594.7916666666667
1583.3333333333333
1568.2083333333333
1560.0833333333333
1563.4583333333333
1570.8333333333333
1598.8333333333333
1581.9583333333333
1584.7083333333333
1605.5833333333333
1577.2916666666667
1573.0
1575.5
1579.0833333333333
1591.75
1582.0416666666667
1589.7083333333333
1609.7916666666667
1606.625
1589.1666666666667
1590.8333333333333
1579.8333333333333
1576.4583333333333
1574.5
1570.5833333333333
1575.0833333333333
1589.7916666666667
1581.2083333333333
1580.7083333333333
1596.0416666666667
1606.6666666666667
1605.0416666666667
1604.375
1589.1666666666667
1566.0
1568.4583333333333
1577.7916666666667
1599.625
1613.7916666666667
1614.7916666666667
1603.625
1609.25
1602.375
1582.5833333333333
1576.5833333333333
1583.7083333333333
1573.4166666666667
1567.25
1561.0588235294117
1560.1666666666667
1558.5833333333333
1555.6666666666667
1573.75
1583.0833333333333
1582.0833333333333
1588.5
1590.0416666666667
1585.5833333333333
1585.9166666666667
1565.4166666666667
1572.4583333333333
1555.7916666666667
1550.25
1587.9583333333333
1587.0833333333333
1580.9166666666667
1582.9583333333333
1588.3333333333333
1604.25
1601.7916666666667
1602.8333333333333
1605.125
1605.5
1598.25
1599.9166666666667
1582.6666666666667
1580.75
1584.6666666666667
1593.5
1593.25
1550.8333333333333
1549.3333333333333
1566.625
1574.5833333333333
1577.8333333333333
1575.5416666666667
1563.5833333333333
1559.125
1556.5416666666667
1559.2916666666667
1572.75
1573.9583333333333
1574.5833333333333
1575.25
1587.4166666666667
1594.375
1600.1666666666667
1595.5833333333333
1598.3333333333333
1588.3333333333333
1567.8333333333333
1569.1666666666667
1584.0416666666667
1582.2916666666667
1594.9583333333333
1585.8333333333333
1590.0416666666667
1598.8333333333333
1604.625
1596.5
1590.0416666666667
1591.125
1591.7916666666667
1580.375
1572.75
1565.7083333333333
1546.4166666666667
1555.0833333333333
1569.5833333333333
1580.875
1592.3333333333333
1585.375
1592.7916666666667
1596.0416666666667
1593.5416666666667
1598.2083333333333
1600.4166666666667
1605.9583333333333
1613.0416666666667
1619.5
1624.8695652173913
1628.7916666666667
1615.4166666666667
1617.3333333333333
1615.0416666666667
1617.9583333333333
1614.7916666666667
1616.0833333333333
1616.875
1612.7916666666667
1604.5416666666667
1585.3333333333333
1572.4166666666667
1558.25
1555.1666666666667
1566.75
1576.5
1586.5416666666667
1597.9565217391305
1605.0454545454545
1579.5
1583.0869565217392
1581.391304347826
1581.3333333333333
1594.0
1598.7083333333333
1601.0
1608.2916666666667
1617.125
1623.4583333333333
1622.75
1603.4166666666667
1594.625
1583.125
1580.25
1574.75
1566.0434782608695
1580.4705882352941
1575.2916666666667
1582.3333333333333
1591.1666666666667
1599.875
1582.5833333333333
1562.6666666666667
1584.0833333333333
1595.0
1593.2083333333333
1599.7083333333333
1596.75
1599.0416666666667
1606.3333333333333
1607.1666666666667
1611.1666666666667
1612.0833333333333
1620.2083333333333
1618.25
1607.7916666666667
1601.2083333333333
1610.0416666666667
1600.0416666666667
1594.4583333333333
1597.6666666666667
1593.7083333333333
1589.3333333333333
1593.2916666666667
1602.125
1607.4583333333333
1613.1666666666667
1621.0833333333333
1621.0416666666667
1618.625
1616.25
1607.375
1594.0
1583.1666666666667
1586.125
1606.375
1600.5
1605.5833333333333
1610.125
1613.0833333333333
1619.0416666666667
1624.1666666666667
1627.75
1617.1666666666667
1613.1666666666667
1602.4583333333333
1596.125
1593.2083333333333
1592.7916666666667
1593.0833333333333
1600.2916666666667
1599.4583333333333
1601.125
1615.4583333333333
1619.7916666666667
1615.0
1621.5416666666667
1632.0833333333333
1634.875
1625.6666666666667
1625.4583333333333
1616.0833333333333
1617.1666666666667
1617.3333333333333
1615.0416666666667
1601.6666666666667
1595.9166666666667
1604.125
1620.9166666666667
1634.7916666666667
1626.8333333333333
1609.125
1603.5
1603.375
1610.9583333333333
1615.5833333333333
1608.625
1577.25
1572.5
1607.9166666666667
1632.2916666666667
1639.7083333333333
1644.5
1646.0
1635.4583333333333
1618.9166666666667
1629.625
1633.2083333333333
1605.1666666666667
1610.2083333333333
1607.0416666666667
1612.5
1618.9166666666667
1612.625
1609.625
1620.3333333333333
1620.875
1617.125
1620.2083333333333
1611.2083333333333
1612.0416666666667
1598.25
1580.5
1578.3333333333333
1584.25
1604.4583333333333
1615.4166666666667
1614.5833333333333
1611.875
1621.5833333333333
1631.375
1624.4583333333333
1631.5833333333333
1630.4583333333333
1635.1666666666667
1625.75
1618.4583333333333
1592.9583333333333
1592.375
1595.6666666666667
1593.4166666666667
1594.7916666666667
1596.5
1589.75
1582.875
1575.2083333333333
1554.7916666666667
1549.2083333333333
1582.0833333333333
1601.25
1601.125
1602.375
1602.7083333333333
1597.7916666666667
1606.875
1608.4583333333333
1610.9583333333333
1628.25
1635.5416666666667
1632.0416666666667
1624.875
1633.2916666666667
1610.4166666666667
1600.4166666666667
1589.0833333333333
1589.8333333333333
1589.625
1603.5
1606.2916666666667
1605.4583333333333
1611.7083333333333
1610.8333333333333
1618.5833333333333
1606.7916666666667
1598.5416666666667
1597.5416666666667
1599.8333333333333
1602.2083333333333
1594.625
1587.4166666666667
1576.3333333333333
1579.2083333333333
1586.5833333333333
1581.2083333333333
1606.375
1626.375
1544.5833333333333
1548.2083333333333
1551.3333333333333
1547.875
1536.4583333333333
1534.5
1541.2083333333333
1539.5
1541.25
1554.7083333333333
1561.4166666666667
1558.4583333333333
1560.2916666666667
1561.2083333333333
1561.8333333333333
1555.6666666666667
1545.0416666666667
1547.4166666666667
1546.375
1535.875
1535.5833333333333
1541.7916666666667
1546.0416666666667
1553.875
1553.3333333333333
1547.3333333333333
1547.1666666666667
1554.8333333333333
1554.75
1561.4166666666667
1560.9166666666667
1555.5416666666667
1552.4583333333333
1552.0
1550.4583333333333
1549.6666666666667
1552.75
1559.1666666666667
1561.25
1551.2083333333333
1551.9166666666667
1554.8333333333333
1551.7083333333333
1550.6666666666667
1538.9166666666667
1543.1666666666667
1556.25
1558.1666666666667
1552.1666666666667
1551.0
1555.8333333333333
1547.4166666666667
1551.6666666666667
1550.0416666666667
1546.5833333333333
1552.375
1548.5833333333333
1556.0833333333333
1569.2083333333333
1564.125
1557.7916666666667
1555.4166666666667
1548.6666666666667
1556.1666666666667
1568.5
1568.0
1559.875
1558.7916666666667
1566.25
1559.0416666666667
1561.9583333333333
1554.2916666666667
1557.2083333333333
1549.0
1545.5833333333333
1557.5833333333333
1563.2916666666667
1558.0416666666667
1564.0869565217392
1559.0416666666667
1553.7083333333333
1553.125
1540.5416666666667
1543.8333333333333
1553.25
1565.3333333333333
1566.25
1560.9583333333333
1549.3333333333333
1555.3333333333333
1552.6666666666667
1546.0
1544.8333333333333
1538.1666666666667
1526.7916666666667
1532.7916666666667
1537.9583333333333
1543.0
1545.625
1538.375
1543.0833333333333
1551.1666666666667
1552.4583333333333
1564.25
1563.8333333333333
1564.5833333333333
1569.0416666666667
1564.9583333333333
1563.9166666666667
1555.2916666666667
1550.6666666666667
1536.125
1531.875
1532.75
1534.4166666666667
1536.875
1534.0833333333333
1528.2083333333333
1539.2083333333333
1541.125
1533.6666666666667
1530.625
1531.7083333333333
1532.9583333333333
1535.2916666666667
1536.0
1540.5416666666667
1542.1666666666667
1545.6666666666667
1546.9166666666667
1543.75
1545.625
1551.5
1554.0833333333333
1543.375
1535.2916666666667
1544.3333333333333
1548.125
1556.5
1555.0833333333333
1545.4583333333333
1554.6666666666667
1544.5833333333333
1545.8333333333333
1547.5833333333333
1546.9583333333333
1540.875
1541.9166666666667
1538.0
1538.7083333333333
1533.6666666666667
1538.7083333333333
1543.625
1546.375
1547.7916666666667
1549.2916666666667
1545.1666666666667
1552.7916666666667
1557.75
1556.375
1554.5
1562.4166666666667
1565.25
1563.9166666666667
1567.625
1567.875
1567.5
1555.2083333333333
1553.7916666666667
1558.2916666666667
1561.9583333333333
1563.2083333333333
1562.0416666666667
1547.2916666666667
1552.5416666666667
1543.6666666666667
1534.25
1533.6666666666667
1528.9166666666667
1535.7916666666667
1543.8333333333333
1542.1666666666667
1545.875
1542.375
1542.625
1544.2916666666667
1546.4583333333333
1546.3333333333333
1546.2083333333333
1551.8333333333333
1548.625
1543.9166666666667
1551.75
1556.6666666666667
1562.2916666666667
1564.7083333333333
1533.4583333333333
1520.9166666666667
1532.0416666666667
1550.375
1551.0416666666667
1550.0
1538.625
1531.5
1525.8333333333333
1525.25
1528.0
1525.3333333333333
1524.5
1523.1666666666667
1523.1666666666667
1514.875
1503.0
1505.75
1514.875
1513.4166666666667
1517.5
1518.5
1525.4166666666667
1529.5416666666667
1528.5
1533.2916666666667
1541.5
1538.2916666666667
1538.5
1537.6666666666667
1531.5
1536.7916666666667
1534.2916666666667
1525.9583333333333
1515.9166666666667
1510.2083333333333
1510.375
1512.0416666666667
1518.8333333333333
1519.4583333333333
1519.625
1523.0
1527.5
1536.5
1543.5416666666667
1540.75
1543.7916666666667
1545.4583333333333
1545.375
1545.2083333333333
1541.5416666666667
1539.0416666666667
1547.4166666666667
1536.9166666666667
1496.25
1494.5
1517.7083333333333
1531.4583333333333
1540.375
1523.9166666666667
1513.875
1514.9583333333333
1525.0833333333333
1528.7083333333333
1530.0833333333333
1523.5416666666667
1521.1666666666667
1517.6666666666667
1523.0
1527.0
1516.625
1513.0416666666667
1511.125
1511.4166666666667
1515.9166666666667
1518.3333333333333
1524.9166666666667
1524.7083333333333
1523.625
1527.8333333333333
1529.6666666666667
1527.875
1527.75
1524.3333333333333
1516.2083333333333
1517.875
1515.4166666666667
1518.4166666666667
1524.7083333333333
1518.6666666666667
1518.1666666666667
1525.7916666666667
1526.8333333333333
1534.2916666666667
1543.1666666666667
1552.9583333333333
1552.9583333333333
1542.3333333333333
1537.9583333333333
1521.7916666666667
1527.7083333333333
1523.0
1536.9583333333333
1537.4166666666667
1532.875
1539.4166666666667
1549.0
1557.75
1550.0833333333333
1542.75
1538.1666666666667
1531.5416666666667
1529.4583333333333
1536.4583333333333
1548.2916666666667
1551.9166666666667
1539.25
1531.2083333333333
1534.0
1538.3333333333333
1531.7916666666667
1527.9166666666667
1536.875
1534.2083333333333
1540.9583333333333
1546.2083333333333
1552.7083333333333
1557.375
1558.125
1558.1666666666667
1568.875
1578.6666666666667
1563.9583333333333
1559.5833333333333
1552.5
1558.625
1550.8333333333333
1537.9583333333333
1534.7916666666667
1537.4583333333333
1543.75
1544.5416666666667
1545.1666666666667
1532.9583333333333
1532.9583333333333
1542.7083333333333
1547.7916666666667
1549.0434782608695
1542.5833333333333
1547.25
1543.5416666666667
1551.2916666666667
1558.125
1558.5
1554.1666666666667
1553.125
1551.9166666666667
1553.4166666666667
1547.875
1555.5833333333333
1555.2083333333333
1545.9166666666667
1551.2083333333333
1550.0833333333333
1544.625
1539.4583333333333
1534.625
1539.2083333333333
1532.0
1624.2916666666667
1627.0
1626.375
1635.75
1623.5833333333333
1632.8333333333333
1632.9166666666667
1622.5416666666667
1616.875
1624.8333333333333
1628.4583333333333
1631.1666666666667
1635.625
1644.125
1648.5416666666667
1654.0416666666667
1659.9583333333333
1652.625
1664.9166666666667
1665.4583333333333
1654.75
1649.9583333333333
1656.3333333333333
1638.0833333333333
1640.5
1636.75
1630.6666666666667
1616.9166666666667
1598.125
1596.0
1620.8333333333333
1629.5
1627.9166666666667
1632.7083333333333
1616.9166666666667
1620.875
1635.6666666666667
1632.625
1636.375
1638.5
1642.5416666666667
1652.4583333333333
1652.375
1654.375
1656.5
1660.7083333333333
1651.7083333333333
1647.2916666666667
1649.875
1662.9583333333333
1663.125
1660.0833333333333
1659.5
1646.0
1638.5
1632.2916666666667
1632.875
1643.5833333333333
1645.0833333333333
1642.0416666666667
1646.4166666666667
1646.9166666666667
1649.0
1640.0833333333333
1637.2083333333333
1641.4166666666667
1637.8333333333333
1638.4166666666667
1643.4583333333333
1641.6666666666667
1635.9166666666667
1648.2083333333333
1650.625
1659.1666666666667
1664.0833333333333
1652.9166666666667
1659.5
1664.2083333333333
1665.0
1655.5416666666667
1655.9166666666667
1641.4583333333333
1638.5416666666667
1634.9583333333333
1638.9583333333333
1642.7083333333333
1645.6666666666667
1639.3333333333333
1635.2916666666667
1628.2916666666667
1612.0416666666667
1626.5833333333333
1632.4166666666667
1624.7083333333333
1626.2916666666667
1629.1666666666667
1629.4583333333333
1631.2916666666667
1644.6842105263158
1653.8333333333333
1652.9583333333333
1650.125
1653.875
1655.7916666666667
1654.5416666666667
1660.375
1657.8333333333333
1643.9130434782608
1638.75
1651.8333333333333
1647.1666666666667
1641.375
1640.4285714285713
1641.0416666666667
1638.375
1628.9166666666667
1636.4166666666667
1633.75
1634.8333333333333
1637.8333333333333
1641.4583333333333
1641.25
1645.875
1646.5
1658.4583333333333
1665.4583333333333
1655.875
1651.625
1656.2916666666667
1656.4166666666667
1651.9166666666667
1654.25
1656.125
1662.9166666666667
1656.9166666666667
1660.9583333333333
1653.125
1632.0416666666667
1639.75
1644.2083333333333
1644.2083333333333
1633.3333333333333
1628.2916666666667
1619.8333333333333
1631.5833333333333
1634.0833333333333
1636.0
1637.4166666666667
1640.4166666666667
1645.875
1649.1666666666667
1660.9583333333333
1651.7916666666667
1652.3333333333333
1653.8333333333333
1655.75
1663.2916666666667
1662.625
1664.4583333333333
1667.125
1672.0
1672.0416666666667
1669.9583333333333
1669.6666666666667
1660.0833333333333
1655.375
1655.5416666666667
1653.8333333333333
1646.6666666666667
1638.3333333333333
1637.0
1642.0
1656.0833333333333
1630.5416666666667
1632.4583333333333
1641.2083333333333
1645.25
1636.2916666666667
1641.1666666666667
1640.375
1646.9583333333333
1648.375
1653.0416666666667
1650.25
1648.5
1656.0416666666667
1650.5833333333333
1653.7083333333333
1656.375
1660.5416666666667
1658.7916666666667
1652.5
1648.4583333333333
1650.8333333333333
1645.7916666666667
1649.625
1652.5833333333333
1648.5
1645.5416666666667
1646.75
1652.4583333333333
1649.3333333333333
1649.9166666666667
1652.4583333333333
1647.3333333333333
1659.2916666666667
1653.6666666666667
1652.375
1649.5833333333333
1648.3333333333333
1643.375
1640.2083333333333
1641.0833333333333
1643.2083333333333
1645.875
1650.0833333333333
1648.9583333333333
1649.25
1648.0833333333333
1648.9583333333333
1646.9166666666667
1645.5833333333333
1644.25
1649.8333333333333
1655.125
1654.7083333333333
1660.3333333333333
1657.4583333333333
1655.9166666666667
1652.0833333333333
1649.4583333333333
1648.5416666666667
1643.1666666666667
1644.8333333333333
1649.2916666666667
1646.75
1639.625
1680.2916666666667
1663.625
1656.4583333333333
1661.25
1660.0416666666667
1655.375
1654.875
1655.5833333333333
1656.7916666666667
1662.2916666666667
1665.5416666666667
1668.75
1660.625
1654.0
1654.9166666666667
1662.75
1652.0833333333333
1647.375
1658.0833333333333
1652.9166666666667
1654.875
1657.1666666666667
1660.5416666666667
1657.0416666666667
1654.2916666666667
1655.75
1657.75
1654.2083333333333
1641.5833333333333
1626.3333333333333
1623.375
1633.0416666666667
1640.2916666666667
1649.8333333333333
1659.6666666666667
1661.7916666666667
1668.4166666666667
1662.1666666666667
1648.75
1649.0416666666667
1656.0833333333333
1657.125
1660.4166666666667
1658.8333333333333
1657.75
1666.4166666666667
1661.9166666666667
1659.125
1653.4583333333333
1651.375
1652.25
1650.1666666666667
1643.875
1649.6666666666667
1651.125
1650.9583333333333
1647.0416666666667
1651.75
1652.1666666666667
1645.0416666666667
1627.3333333333333
1650.4583333333333
1650.25
1652.8333333333333
1651.9583333333333
1648.3333333333333
1655.0
1654.1666666666667
1656.2916666666667
1654.0833333333333
1662.375
1663.6666666666667
1658.875
1659.4166666666667
1652.5416666666667
1661.0833333333333
1656.2916666666667
1648.4583333333333
1640.2916666666667
1640.0833333333333
1633.9583333333333
1636.1666666666667
1633.2916666666667
1637.2916666666667
1641.7083333333333
1641.5833333333333
1636.7083333333333
1636.4166666666667
1636.875
1633.5
1632.8333333333333
1644.125
1643.1666666666667
1631.75
1633.6666666666667
1649.3333333333333
1664.3333333333333
1663.2916666666667
1663.0
1660.5
1642.5
1637.375
1639.0416666666667
1638.4583333333333
1642.4583333333333
1641.4166666666667
1644.3333333333333
1644.8333333333333
1631.125
1623.0416666666667
1621.6666666666667
1617.0416666666667
1633.2916666666667
1647.0416666666667
1648.0416666666667
1648.0416666666667
1651.625
1654.625
1648.0416666666667
1651.1666666666667
1647.6666666666667
1639.6666666666667
1635.7916666666667
1633.8333333333333
1629.5833333333333
1631.0
1629.0416666666667
1613.7083333333333
1613.7916666666667
1615.6666666666667
1618.75
1618.7083333333333
1615.1666666666667
1606.625
1609.5416666666667
1611.25
1624.7916666666667
1633.5416666666667
1630.8333333333333
1626.25
1635.75
1629.7083333333333
1625.2916666666667
1621.7083333333333
1639.2083333333333
1649.375
1652.2083333333333
1654.2916666666667
1656.5652173913043
1666.0833333333333
1672.1666666666667
1666.6666666666667
1654.0416666666667
1651.2916666666667
1649.1666666666667
1654.75
1655.2916666666667
1654.2083333333333
1652.875
1643.5416666666667
1639.2916666666667
1628.7083333333333
1630.9166666666667
1632.75
1631.7083333333333
1638.7916666666667
1639.1666666666667
1635.375
1627.625
1632.5416666666667
1623.9583333333333
1619.7083333333333
1618.4583333333333
1626.2083333333333
1636.125
1638.375
1646.3333333333333
1652.5833333333333
1654.75
1645.5416666666667
1626.4166666666667
1637.4583333333333
1631.5
1628.375
1621.5416666666667
1632.5833333333333
1636.25
1644.3333333333333
1650.7083333333333
1644.625
1651.2083333333333
1649.5416666666667
1643.6666666666667
1643.0
1654.4583333333333
1653.9583333333333
1648.4583333333333
1650.5416666666667
1653.9166666666667
1646.6666666666667
1653.1666666666667
1654.0416666666667
1635.1666666666667
1640.5833333333333
1643.875
1648.25
1647.5
1638.4583333333333
1643.2916666666667
1652.8333333333333
1660.1666666666667
1663.875
1641.9583333333333
1644.375
1639.0416666666667
1632.5833333333333
1635.9166666666667
1641.6666666666667
1648.4166666666667
1649.875
1651.3333333333333
1654.1666666666667
1655.9166666666667
1654.5833333333333
1654.5416666666667
1663.9583333333333
1664.2083333333333
1668.4166666666667
1654.6666666666667
1655.0
1653.7083333333333
1653.9166666666667
1656.2916666666667
1655.25
1647.0833333333333
1644.875
1641.125
1649.1666666666667
1654.9166666666667
1635.625
1616.7916666666667
1617.8333333333333
1631.5416666666667
1641.5416666666667
1647.0833333333333
1608.125
1634.5
1642.5
1606.75
1616.6666666666667
1613.9166666666667
1616.1666666666667
1613.3333333333333
1603.9166666666667
1592.0833333333333
1591.5
1589.0833333333333
1600.5833333333333
1624.9583333333333
1609.0833333333333
1619.8333333333333
1609.6666666666667
1545.1666666666667
1578.4583333333333
1604.4166666666667
1615.0
1620.3333333333333
1629.875
1638.5
1631.0833333333333
1597.4166666666667
1618.1666666666667
1637.7083333333333
1644.0
1641.625
1646.3333333333333
1649.75
1620.875
1629.625
1638.5833333333333
1642.5
1641.7083333333333
1647.8333333333333
1650.375
1645.75
1643.125
1645.9583333333333
1647.75
1651.6666666666667
1651.0
1646.125
1640.6666666666667
1631.7083333333333
1637.5416666666667
1642.3333333333333
1641.5833333333333
1644.6666666666667
1645.875
1645.3333333333333
1644.0416666666667
1644.3333333333333
1647.3333333333333
1646.5
1646.3333333333333
1643.9583333333333
1635.8333333333333
1641.4583333333333
1639.25
1636.5
1636.75
1644.2916666666667
1652.3333333333333
1652.25
1648.5
1653.5833333333333
1657.0416666666667
1664.1666666666667
1646.3333333333333
1644.625
1631.5416666666667
1640.7083333333333
1645.75
1649.4166666666667
1651.875
1650.0833333333333
1654.0416666666667
1649.0416666666667
1649.6666666666667
1646.7083333333333
1640.375
1648.6666666666667
1644.2083333333333
1648.5
1644.7916666666667
1645.7083333333333
1646.1666666666667
1642.375
1643.25
1644.5833333333333
1638.8333333333333
1638.2083333333333
1646.2916666666667
1649.6666666666667
1645.3333333333333
1651.2083333333333
1648.0416666666667
1646.25
1650.2083333333333
1643.4583333333333
1636.4583333333333
1640.3333333333333
1637.5833333333333
1636.125
1643.8333333333333
1647.9166666666667
1649.7083333333333
1648.0833333333333
1643.0833333333333
1644.625
1639.5
1636.4166666666667
1639.9583333333333
1644.0416666666667
1646.0833333333333
1647.8333333333333
1649.4166666666667
1647.7916666666667
1644.0416666666667
1646.7083333333333
1635.5416666666667
1646.0
1653.3333333333333
1642.9166666666667
1642.4166666666667
1649.875
1658.125
1650.4166666666667
1650.0833333333333
1657.8333333333333
1657.5416666666667
1657.2916666666667
1658.5
1654.25
1648.3333333333333
1650.7083333333333
1644.5833333333333
1647.5416666666667
1642.4166666666667
1648.6666666666667
1653.5416666666667
1650.25
1657.0833333333333
1658.0416666666667
1655.25
1663.9583333333333
1661.3333333333333
1664.0
1662.625
1658.8333333333333
1663.7083333333333
1656.9166666666667
1663.0
1659.8333333333333
1652.25
1649.9583333333333
1650.875
1622.3333333333333
1640.0
1646.4583333333333
1645.3333333333333
1652.2916666666667
1656.2916666666667
1655.875
1647.2916666666667
1648.4166666666667
1638.9166666666667
1641.2916666666667
1649.5833333333333
1650.25
1654.1666666666667
1653.5
1649.7083333333333
1652.1666666666667
1656.2916666666667
1659.2083333333333
1660.2916666666667
1658.125
1654.75
1659.1666666666667
1666.625
1660.7083333333333
1652.625
1651.6666666666667
1649.75
1650.625
1653.375
1650.6666666666667
1643.9583333333333
1644.875
1640.875
1638.8333333333333
1643.7916666666667
1649.5416666666667
1635.6666666666667
1622.7916666666667
1625.5
1636.125
1636.875
1632.3333333333333
1636.625
1640.8333333333333
1647.625
1638.0833333333333
1631.4166666666667
1638.7083333333333
1638.625
1640.4583333333333
1640.2083333333333
1635.5
1632.375
1635.4583333333333
1631.125
