9556.21505376344
9589.452220726784
9580.615499254844
9578.42069892473
9583.87899860918
9770.694594594595
9726.441666666668
9741.852150537634
9744.724462365592
9775.394444444444
9685.28494623656
9593.263888888889
9660.691790040377
9641.70430107527
9478.89880952381
9421.422043010753
9309.427777777777
9483.103494623656
9446.929166666667
9391.06317204301
9369.004032258064
9466.231944444444
9350.775537634408
9284.545833333334
9327.005649717514
9336.077134986226
9397.858630952382
9268.70564516129
9011.62638888889
9280.279069767443
9047.769444444444
9088.630376344086
9150.563930013459
9190.497222222222
8956.333781965006
9306.475
9401.323924731183
9305.431451612903
9178.757942511347
8971.04569892473
9244.9123783032
9227.145429362881
9109.87899860918
8867.35397039031
8903.505376344086
9021.773611111112
9021.627688172042
9071.8859527121
9091.881720430107
9150.92328398385
9188.469357249627
9069.020161290322
9098.681944444445
8828.864247311827
8820.451253481895
8883.547043010753
8911.74059139785
8950.427777777777
9095.59005376344
9041.980364656381
8958.360215053763
8950.548342541437
8824.886904761905
8912.576612903225
8967.919444444444
8984.501344086022
8870.468055555555
8931.998655913978
9020.829302987198
8916.231944444444
8931.265141318978
8923.019444444444
8749.42799461642
8837.779569892473
8841.471726190477
8731.552419354839
8828.465277777777
8869.241935483871
8845.344444444445
8959.25
8980.352781546811
8957.441428571428
9035.866576819408
9094.608333333334
9138.462365591398
9197.997311827958
9338.84748201439
9317.354838709678
9314.12638888889
9303.58064516129
9329.250347705147
9315.456989247312
9365.504032258064
9378.471488178026
9457.526822558459
9490.638386648123
9522.654569892473
9543.90322580645
9591.988095238095
9655.907258064517
9597.204166666666
9556.584827586206
9591.229166666666
9521.912634408602
9438.502994011977
9378.619444444445
9494.151761517614
9591.968011126564
9605.724462365592
9578.157258064517
9569.385416666666
9543.29435483871
9648.029166666667
9622.40188172043
9680.236111111111
9665.18817204301
9665.34005376344
9672.365277777777
9694.798387096775
9647.045833333334
9650.674731182795
9640.66935483871
9675.846726190477
9727.889784946237
9734.74861111111
9614.047043010753
9692.943055555555
9690.302419354839
9673.701612903225
9723.601388888888
9742.125
9731.151599443672
