9511.416666666666
9549.791666666666
9521.25
9492.666666666666
9490.5
9425.75
9456.25
9491.0
9558.625
9533.041666666666
9477.833333333334
9459.541666666666
9489.291666666666
9506.166666666666
9541.625
9623.625
9571.5
9554.0
9570.666666666666
9618.041666666666
9641.125
9660.875
9643.708333333334
9593.208333333334
9562.375
9570.25
9631.791666666666
9642.5
9638.166666666666
9621.541666666666
9594.541666666666
9641.583333333334
9671.416666666666
9686.083333333334
9691.833333333334
9674.75
9680.208333333334
9737.625
9755.875
9755.791666666666
9682.75
9650.583333333334
9635.375
9579.625
9555.869565217392
9527.5
9533.5
9509.0
9539.333333333334
9503.333333333334
9489.25
9463.291666666666
9472.333333333334
9526.583333333334
9569.875
9567.625
9541.416666666666
9513.333333333334
9521.75
9530.291666666666
9549.125
9514.708333333334
9561.375
9599.5
9599.458333333334
9638.416666666666
9645.416666666666
9626.041666666666
9596.625
9578.666666666666
9583.041666666666
9582.666666666666
9574.291666666666
9573.708333333334
9583.208333333334
9546.541666666666
9512.166666666666
9542.375
9578.521739130434
9561.25
9553.583333333334
9560.791666666666
9576.708333333334
9552.458333333334
9581.875
9578.291666666666
9595.416666666666
9594.0
9581.75
9599.0
9599.416666666666
9606.458333333334
9589.125
9588.541666666666
9568.666666666666
9575.208333333334
9592.25
9594.583333333334
9602.375
9641.791666666666
9593.291666666666
9550.5
9548.166666666666
9504.333333333334
9527.5
9517.875
9544.333333333334
9577.583333333334
9562.416666666666
9570.916666666666
9586.458333333334
9657.0
9635.833333333334
9643.625
9638.708333333334
9628.375
9598.916666666666
9548.916666666666
9513.666666666666
9496.791666666666
9527.416666666666
9577.833333333334
9613.583333333334
9619.125
9613.041666666666
9596.208333333334
9591.333333333334
9613.708333333334
9612.041666666666
9587.166666666666
9570.833333333334
9563.541666666666
9564.0
9565.083333333334
9601.208333333334
9597.125
9566.5
9572.416666666666
9610.958333333334
9611.708333333334
9606.458333333334
9629.25
9599.666666666666
9604.291666666666
9545.958333333334
9510.541666666666
9468.625
9443.0
9503.25
9646.791666666666
9710.291666666666
9754.791666666666
9752.541666666666
9743.25
9754.916666666666
9775.125
9769.541666666666
9789.333333333334
9755.333333333334
9747.416666666666
9739.166666666666
9755.208333333334
9798.375
9859.916666666666
9902.166666666666
9819.8
9772.791666666666
9765.0
9771.375
9773.916666666666
9750.916666666666
9719.791666666666
9732.875
9791.041666666666
9832.833333333334
9830.166666666666
9807.208333333334
9778.5
9759.541666666666
9717.458333333334
9692.75
9686.666666666666
9727.833333333334
9771.875
9810.458333333334
9775.458333333334
9803.666666666666
9800.375
9773.25
9742.5
9728.791666666666
9696.791666666666
9712.708333333334
9750.041666666666
9747.708333333334
9706.708333333334
9753.458333333334
9749.333333333334
9757.666666666666
9787.5
9756.125
9727.458333333334
9692.958333333334
9676.708333333334
9687.125
9694.333333333334
9670.416666666666
9652.625
9660.291666666666
9647.416666666666
9657.75
9673.916666666666
9692.916666666666
9721.333333333334
9790.125
9847.833333333334
9860.666666666666
9852.291666666666
9794.708333333334
9760.833333333334
9764.208333333334
9737.708333333334
9702.291666666666
9729.708333333334
9723.375
9672.958333333334
9656.875
9684.916666666666
9714.583333333334
9715.833333333334
9722.083333333334
9728.958333333334
9736.041666666666
9792.666666666666
9747.541666666666
9736.583333333334
9739.666666666666
9753.666666666666
9759.75
9750.0
9705.75
9682.083333333334
9719.458333333334
9709.25
9740.708333333334
9754.416666666666
9753.625
9696.541666666666
9660.791666666666
9686.916666666666
9695.041666666666
9721.833333333334
9691.625
9727.0
9738.75
9783.583333333334
9806.5
9805.875
9784.416666666666
9768.833333333334
9750.583333333334
9771.625
9758.5
9761.208333333334
9756.5
9749.833333333334
9784.208333333334
9765.916666666666
9736.916666666666
9742.416666666666
9752.458333333334
9758.541666666666
9744.291666666666
9727.75
9707.333333333334
9699.125
9747.583333333334
9720.583333333334
9728.25
9738.625
9719.25
9679.958333333334
9689.666666666666
9695.75
9711.416666666666
9741.458333333334
9800.458333333334
9736.791666666666
9728.583333333334
9756.625
9786.75
9791.125
9806.208333333334
9789.375
9772.375
9795.708333333334
9841.375
9878.583333333334
9898.833333333334
9873.625
9782.666666666666
9837.458333333334
9907.458333333334
9898.833333333334
9915.375
9935.208333333334
9889.125
9869.458333333334
9861.833333333334
9758.25
9710.708333333334
9699.625
9707.5
9689.75
9698.208333333334
9690.291666666666
9678.666666666666
9646.541666666666
9583.666666666666
9601.916666666666
9614.5
9653.583333333334
9660.708333333334
9664.458333333334
9655.708333333334
9619.0
9585.291666666666
9608.125
9553.875
9566.958333333334
9594.625
9639.208333333334
9615.541666666666
9640.166666666666
9635.958333333334
9638.708333333334
9622.833333333334
9608.166666666666
9626.416666666666
9585.291666666666
9561.208333333334
9515.25
9531.916666666666
9531.25
9540.0
9583.75
9590.291666666666
9571.541666666666
9535.625
9572.333333333334
9583.375
9600.416666666666
9617.708333333334
9649.041666666666
9608.291666666666
9604.958333333334
9624.291666666666
9611.875
9636.833333333334
9645.375
9612.125
9581.458333333334
9602.5
9611.583333333334
9593.5
9568.916666666666
9549.375
9546.625
9570.583333333334
9589.5
9596.0
9577.375
9595.125
9599.583333333334
9584.958333333334
9620.916666666666
9659.041666666666
9693.541666666666
9726.041666666666
9730.083333333334
9770.782608695652
9732.791666666666
9734.541666666666
9729.0
9743.708333333334
9733.166666666666
9672.458333333334
9630.291666666666
9643.833333333334
9612.583333333334
9662.833333333334
9675.375
9685.333333333334
9791.541666666666
9761.375
9698.75
9667.333333333334
9624.708333333334
9706.125
9701.0
9676.25
9671.25
9659.541666666666
9649.916666666666
9624.958333333334
9640.291666666666
9623.583333333334
9642.125
9637.708333333334
9617.458333333334
9612.041666666666
9618.333333333334
9624.291666666666
9665.583333333334
9694.625
9635.5
9544.208333333334
9542.291666666666
9579.666666666666
9620.291666666666
9634.791666666666
9670.0
9665.958333333334
9705.291666666666
9682.5
9644.708333333334
9610.5
9565.75
9553.541666666666
9524.083333333334
9532.333333333334
9534.583333333334
9534.5
9547.833333333334
9515.75
9545.583333333334
9542.083333333334
9513.916666666666
9495.916666666666
9439.541666666666
9449.041666666666
9520.75
9495.583333333334
9453.291666666666
9469.875
9447.125
9376.5
9346.75
9377.958333333334
9368.416666666666
9385.125
9444.5
9470.125
9485.666666666666
9473.041666666666
9472.666666666666
9461.333333333334
9467.083333333334
9475.583333333334
9472.125
9481.625
9463.416666666666
9494.291666666666
9457.958333333334
9449.083333333334
9393.625
9404.041666666666
9457.541666666666
9484.291666666666
9531.791666666666
9535.791666666666
9492.708333333334
9433.125
9399.958333333334
9344.708333333334
9352.541666666666
9364.291666666666
9369.166666666666
9391.458333333334
9362.791666666666
9305.666666666666
9325.708333333334
9334.916666666666
9372.75
9364.083333333334
9347.958333333334
9334.583333333334
9324.5
9296.5
9293.125
9231.625
9184.708333333334
9247.5
9240.833333333334
9272.875
9315.041666666666
9313.083333333334
9300.166666666666
9338.25
9300.333333333334
9237.5
9223.791666666666
9259.583333333334
9264.541666666666
9270.625
9305.833333333334
9436.291666666666
9411.5
9370.583333333334
9343.708333333334
9350.375
9391.75
9351.791666666666
9332.791666666666
9379.083333333334
9359.958333333334
9443.333333333334
9450.708333333334
9403.583333333334
9406.208333333334
9421.958333333334
9457.583333333334
9457.291666666666
9455.041666666666
9462.583333333334
9480.333333333334
9468.083333333334
9430.5
9473.916666666666
9468.083333333334
9495.333333333334
9496.291666666666
9511.916666666666
9504.791666666666
9492.333333333334
9466.75
9468.666666666666
9492.666666666666
9524.0
9561.375
9624.25
9596.166666666666
9584.666666666666
9546.375
9439.458333333334
9448.916666666666
9443.041666666666
9476.916666666666
9461.291666666666
9421.708333333334
9420.875
9463.791666666666
9490.166666666666
9463.25
9463.583333333334
9460.75
9454.25
9452.541666666666
9458.291666666666
9455.708333333334
9483.583333333334
9454.916666666666
9463.25
9475.416666666666
9479.0
9475.75
9455.125
9396.833333333334
9381.083333333334
9435.958333333334
9443.75
9455.25
9423.041666666666
9371.833333333334
9397.625
9428.708333333334
9443.625
9463.291666666666
9443.958333333334
9416.666666666666
9431.958333333334
9438.291666666666
9450.75
9440.25
9427.625
9416.958333333334
9414.25
9403.666666666666
9418.666666666666
9432.125
9409.0
9363.083333333334
9353.916666666666
9369.333333333334
9375.583333333334
9396.875
9377.166666666666
9373.875
9380.083333333334
9355.291666666666
9317.875
9339.666666666666
9354.375
9358.333333333334
9369.125
9361.958333333334
9330.958333333334
9338.0
9339.833333333334
9374.375
9349.833333333334
9148.166666666666
9148.833333333334
9167.0
9253.916666666666
9286.958333333334
9325.0
9331.0
9303.291666666666
9303.125
9303.583333333334
9332.75
9347.375
9364.75
9377.791666666666
9413.5
9438.458333333334
9490.416666666666
9478.875
9469.708333333334
9445.416666666666
9433.416666666666
9414.5
9458.75
9457.041666666666
9447.25
9469.083333333334
9483.833333333334
9481.291666666666
9472.041666666666
9514.0
9518.291666666666
9537.208333333334
9556.625
9530.458333333334
9504.5
9485.041666666666
9466.291666666666
9415.0
9423.75
9447.625
9464.5
9487.291666666666
9437.916666666666
9324.666666666666
9373.458333333334
9394.541666666666
9442.583333333334
9457.958333333334
9454.666666666666
9484.291666666666
9457.583333333334
9451.291666666666
9453.125
9459.541666666666
9460.541666666666
9460.25
9501.25
9550.666666666666
9562.583333333334
9567.25
9575.375
9604.541666666666
9597.791666666666
9490.875
9424.25
9401.125
9392.791666666666
9427.375
9421.333333333334
9386.75
9389.875
9378.25
9376.25
9350.416666666666
9303.791666666666
9304.666666666666
9301.166666666666
9300.708333333334
9305.708333333334
9304.458333333334
9198.958333333334
9163.375
9141.416666666666
9139.5
9207.875
9241.75
9263.5
9223.916666666666
9126.416666666666
9103.458333333334
9158.75
9176.458333333334
9257.25
9303.833333333334
9322.125
9330.666666666666
9295.416666666666
9270.208333333334
9270.083333333334
9219.958333333334
9265.625
9306.458333333334
9295.833333333334
9208.958333333334
9193.25
9246.375
9276.208333333334
9271.0
9280.458333333334
9296.375
9334.708333333334
9338.958333333334
9351.916666666666
9341.666666666666
9334.75
9352.958333333334
9321.75
9365.458333333334
9445.458333333334
9476.708333333334
9416.708333333334
9403.625
9374.583333333334
9373.791666666666
9390.833333333334
9363.291666666666
9356.416666666666
9373.25
9398.833333333334
9406.666666666666
9381.083333333334
9304.541666666666
9232.5
9227.0
9268.791666666666
9306.916666666666
9322.458333333334
9315.833333333334
9317.458333333334
9295.541666666666
9284.291666666666
9299.666666666666
9297.666666666666
9297.333333333334
9247.25
9314.733333333334
9243.470588235294
9231.375
9244.333333333334
9274.791666666666
9282.333333333334
9276.6875
9276.142857142857
9268.458333333334
9292.541666666666
9263.208333333334
9261.833333333334
9241.833333333334
9229.125
9296.791666666666
9354.041666666666
9354.875
9384.625
9319.416666666666
9319.291666666666
9354.0
9357.375
9381.125
9401.666666666666
9368.083333333334
9367.875
9351.583333333334
9359.583333333334
9349.833333333334
9359.791666666666
9388.75
9386.666666666666
9381.375
9387.416666666666
9397.75
9359.541666666666
9355.958333333334
9326.458333333334
9361.875
9383.291666666666
9361.666666666666
9392.916666666666
9407.166666666666
9424.958333333334
9461.666666666666
9451.583333333334
9453.458333333334
9461.625
9501.375
9511.208333333334
9485.833333333334
9495.0
9513.625
9197.916666666666
9206.625
9281.125
9360.333333333334
9357.583333333334
9383.75
9410.375
9415.583333333334
9426.25
9386.791666666666
9364.041666666666
9391.375
9338.5
9329.916666666666
9323.583333333334
9358.208333333334
9372.125
9359.958333333334
9340.041666666666
9344.916666666666
9339.791666666666
9285.375
9299.5
9234.708333333334
9206.625
9192.958333333334
9173.375
9182.416666666666
9193.833333333334
9226.75
9237.75
9183.416666666666
9192.125
9263.916666666666
9325.708333333334
9325.083333333334
9313.125
9280.25
9262.458333333334
9262.791666666666
9079.5
9109.791666666666
9142.625
9053.75
8919.291666666666
8951.583333333334
8958.458333333334
8894.458333333334
8878.666666666666
8846.833333333334
8997.208333333334
9060.333333333334
9041.75
8980.041666666666
8995.208333333334
9012.625
9036.5
9043.666666666666
9033.25
9063.916666666666
9103.541666666666
9056.25
9011.5
8967.958333333334
8943.5
8947.125
8978.708333333334
9016.0
9021.041666666666
9057.166666666666
9177.0
9158.833333333334
9141.875
9136.666666666666
9126.333333333334
9174.041666666666
9210.875
9293.25
9341.833333333334
9345.111111111111
9383.304347826086
9339.0
9351.708333333334
9374.041666666666
9377.583333333334
9405.666666666666
9369.875
9330.041666666666
9328.083333333334
9313.166666666666
9303.958333333334
9282.833333333334
9269.708333333334
9264.5
9258.916666666666
9266.416666666666
9310.666666666666
9354.75
9310.583333333334
9272.0
9188.875
9140.875
9136.434782608696
9179.625
9176.333333333334
9186.375
9270.5
9060.333333333334
9168.125
9176.416666666666
9170.708333333334
9181.666666666666
9101.791666666666
9055.625
9122.125
9130.916666666666
9090.083333333334
9094.25
9084.75
8916.0
8894.708333333334
8932.958333333334
8986.208333333334
9058.25
9045.125
8873.333333333334
8752.916666666666
8790.5
8888.875
8974.125
9010.333333333334
9020.583333333334
9039.541666666666
9055.791666666666
9093.833333333334
9106.875
9092.125
9122.291666666666
9141.875
9071.125
9147.458333333334
9195.625
9165.583333333334
9034.5
8946.041666666666
8978.625
9017.041666666666
9009.291666666666
9047.708333333334
9078.333333333334
9125.708333333334
9082.75
9067.583333333334
9033.666666666666
9038.5
9073.708333333334
9106.125
9120.25
9132.541666666666
9128.583333333334
9139.0
9142.958333333334
9150.166666666666
9101.875
9118.25
9162.625
9188.875
9207.708333333334
9140.583333333334
8939.25
8971.125
9072.125
9085.541666666666
9096.875
9129.875
9129.208333333334
9140.833333333334
9145.333333333334
9122.708333333334
9077.541666666666
9078.708333333334
9104.739130434782
9151.666666666666
9205.958333333334
9214.916666666666
9216.5
9217.916666666666
9201.916666666666
9235.333333333334
9226.625
9185.458333333334
9194.166666666666
9204.208333333334
9239.666666666666
9259.333333333334
9286.916666666666
9313.166666666666
9328.583333333334
9302.708333333334
9292.333333333334
9304.291666666666
9321.208333333334
9350.25
9380.583333333334
9189.416666666666
9108.583333333334
9098.916666666666
9074.083333333334
9049.583333333334
9098.875
9165.083333333334
9147.541666666666
9054.541666666666
9181.625
9206.541666666666
9247.083333333334
9315.25
9305.125
9311.416666666666
9321.166666666666
9146.916666666666
8918.041666666666
8989.583333333334
8996.375
8909.125
8898.083333333334
8933.75
8949.625
8982.826086956522
8928.25
8842.708333333334
8851.916666666666
8835.833333333334
8808.5
8813.833333333334
8853.041666666666
8863.25
8908.208333333334
8910.333333333334
8898.583333333334
8906.708333333334
8946.0
9015.208333333334
9067.666666666666
9054.5
9091.125
9107.875
9104.333333333334
9168.166666666666
8850.541666666666
8925.875
8957.875
9007.583333333334
9064.583333333334
9087.583333333334
9013.083333333334
9238.375
9185.458333333334
9199.666666666666
9233.291666666666
9287.583333333334
9272.333333333334
9297.166666666666
9259.5
9360.208333333334
9296.333333333334
9248.291666666666
9311.041666666666
9311.208333333334
9330.75
9343.25
9314.625
9302.166666666666
9321.0
9321.666666666666
9366.75
9381.375
9322.041666666666
9329.833333333334
9310.625
9334.875
9373.333333333334
9351.833333333334
9415.458333333334
9293.541666666666
9280.666666666666
9405.75
9391.541666666666
9346.166666666666
9372.791666666666
9398.291666666666
9393.041666666666
9392.75
9395.791666666666
9409.208333333334
9445.75
9421.416666666666
9406.333333333334
9425.375
9441.0
9478.416666666666
9505.083333333334
9518.916666666666
9493.083333333334
9437.291666666666
9424.083333333334
9351.083333333334
9324.291666666666
9308.5
9338.333333333334
9320.458333333334
9365.625
9434.0
9408.416666666666
9369.375
9370.208333333334
9348.666666666666
9375.375
9326.541666666666
9309.333333333334
9281.541666666666
9352.208333333334
9419.791666666666
9427.5
9424.75
9398.25
9369.166666666666
9419.25
9407.208333333334
9413.375
9447.458333333334
9429.041666666666
9385.333333333334
9377.041666666666
9397.708333333334
9422.791666666666
9382.583333333334
9355.208333333334
9317.25
9182.375
9202.375
9051.375
9077.125
9122.833333333334
9118.583333333334
9142.791666666666
9130.25
9001.958333333334
8862.708333333334
8935.916666666666
9083.083333333334
9150.458333333334
9164.75
9188.666666666666
9203.0
9234.291666666666
9254.583333333334
9250.083333333334
9254.125
9218.416666666666
9206.791666666666
9157.75
9073.375
9093.125
9107.875
9083.055555555555
9146.583333333334
9237.625
9358.916666666666
9323.25
9470.208333333334
9362.625
9346.166666666666
9273.42857142857
9143.222222222223
9024.5
9051.5
9096.375
9156.875
9199.541666666666
9157.125
9184.208333333334
9152.333333333334
9178.791666666666
8726.875
8215.5
8423.291666666666
8535.291666666666
8492.666666666666
8408.75
8664.083333333334
8738.708333333334
8752.0
8857.958333333334
8946.875
8974.833333333334
9057.666666666666
9099.708333333334
9151.125
9195.291666666666
9208.083333333334
9201.541666666666
9215.791666666666
9263.958333333334
9213.5
9209.416666666666
9214.708333333334
9209.541666666666
9229.291666666666
9201.833333333334
9223.791666666666
9229.25
9117.458333333334
8982.304347826086
9081.625
9116.083333333334
9123.125
9149.5
9181.25
9227.083333333334
9260.041666666666
9309.375
9344.166666666666
9378.166666666666
9402.666666666666
9409.708333333334
9430.333333333334
9445.5
9351.208333333334
9355.166666666666
9346.083333333334
9328.5
9195.625
9105.708333333334
9156.083333333334
9164.291666666666
9207.375
9283.833333333334
9314.125
9342.833333333334
9371.666666666666
9239.208333333334
9230.708333333334
9240.583333333334
9246.958333333334
9230.666666666666
9207.041666666666
9244.818181818182
9294.4
9245.125
9213.333333333334
9223.666666666666
9194.041666666666
9259.375
9294.916666666666
9176.833333333334
9174.083333333334
9195.291666666666
9154.791666666666
9172.541666666666
9178.5
9201.291666666666
9194.458333333334
9248.125
9272.291666666666
9266.083333333334
9249.416666666666
9189.25
9009.875
9054.166666666666
9070.166666666666
9104.75
9064.666666666666
9072.208333333334
9022.291666666666
9037.958333333334
9060.304347826086
9040.875
9022.583333333334
9066.75
9180.416666666666
9168.958333333334
9165.375
9194.208333333334
9143.333333333334
8917.583333333334
8983.375
9063.0
9112.791666666666
9105.5
9127.208333333334
9138.458333333334
9201.666666666666
9182.0
9206.791666666666
9199.791666666666
9198.166666666666
9195.125
9193.833333333334
9144.416666666666
9123.541666666666
9129.666666666666
9062.875
8871.125
8953.041666666666
8947.0
8918.260869565218
8849.791666666666
8956.375
9019.375
9051.75
9032.75
9008.541666666666
8642.791666666666
8653.916666666666
8823.75
8870.541666666666
8808.083333333334
8650.958333333334
8628.833333333334
8636.291666666666
8649.125
8714.375
8784.666666666666
8842.75
8785.541666666666
8749.041666666666
8846.0
8836.208333333334
8898.708333333334
8872.5
8814.791666666666
8845.583333333334
8842.708333333334
8821.125
8841.166666666666
8848.666666666666
8876.708333333334
8901.541666666666
8907.875
8870.25
8886.75
8861.958333333334
8850.416666666666
8865.916666666666
8910.416666666666
8922.583333333334
8937.958333333334
8914.833333333334
8889.041666666666
8898.625
8889.5
8963.5
8944.333333333334
8953.541666666666
8923.875
8929.125
8961.166666666666
8974.875
9022.166666666666
9065.166666666666
9045.041666666666
9055.833333333334
9024.458333333334
8919.75
8721.708333333334
8787.583333333334
8924.583333333334
8985.625
9018.041666666666
9024.708333333334
9038.25
9061.416666666666
9012.125
9023.208333333334
9023.875
9061.166666666666
9054.125
9058.875
9013.416666666666
9039.208333333334
9034.458333333334
9052.666666666666
9112.125
9139.25
9120.125
9058.166666666666
9036.958333333334
9061.0
9086.291666666666
9059.166666666666
9003.791666666666
8932.541666666666
8994.0
9063.291666666666
9078.791666666666
9115.75
9019.75
8974.666666666666
8974.833333333334
8890.416666666666
8925.833333333334
8861.291666666666
8832.041666666666
8860.458333333334
8899.958333333334
8938.666666666666
8977.375
8968.75
8984.166666666666
8998.416666666666
9039.791666666666
9078.291666666666
9129.208333333334
9152.416666666666
9181.583333333334
9168.125
9153.666666666666
9094.0
9129.875
9121.0
9127.708333333334
9058.083333333334
9091.625
9112.291666666666
9116.75
9119.25
9145.875
9161.291666666666
9161.708333333334
9183.333333333334
9195.625
9180.625
9200.041666666666
9070.208333333334
9057.166666666666
9002.125
9066.875
9133.478260869566
9160.083333333334
9113.833333333334
9104.375
9075.125
9075.125
9096.958333333334
8960.833333333334
8863.0
8918.291666666666
8937.208333333334
8952.291666666666
8914.583333333334
8931.083333333334
9019.333333333334
9017.541666666666
8992.25
8997.5
9043.083333333334
9072.791666666666
9132.75
9138.791666666666
9110.708333333334
9110.416666666666
9095.583333333334
9083.041666666666
9117.25
9113.333333333334
9085.416666666666
9074.625
9049.166666666666
9092.833333333334
9056.875
9037.0
9022.958333333334
9062.5
9119.25
9143.0
9143.875
9136.833333333334
9135.916666666666
9145.375
9184.916666666666
9159.916666666666
9153.5
9161.041666666666
9142.458333333334
9191.875
9189.958333333334
9235.75
9241.5
9197.333333333334
9202.083333333334
9204.708333333334
9228.25
9227.541666666666
9218.458333333334
9205.833333333334
9197.583333333334
9188.208333333334
9150.791666666666
9114.375
9057.458333333334
8983.166666666666
8969.875
9012.333333333334
9080.916666666666
9129.5
9183.625
9202.083333333334
9140.25
9105.083333333334
9076.541666666666
9110.791666666666
9148.041666666666
9182.521739130434
9203.130434782608
9224.583333333334
9202.208333333334
9201.666666666666
9188.833333333334
9152.875
9186.875
9145.5
9141.125
9187.875
9239.5
9224.375
9190.5
9217.916666666666
9236.25
9203.583333333334
9133.217391304348
9145.916666666666
9185.416666666666
9197.375
9183.708333333334
9186.666666666666
9174.083333333334
9179.791666666666
9167.791666666666
9172.041666666666
9196.916666666666
9206.478260869566
9215.541666666666
9209.166666666666
9214.416666666666
9157.875
9173.333333333334
9196.875
9210.958333333334
9237.75
9234.083333333334
9240.75
9249.791666666666
9263.416666666666
9238.416666666666
9180.25
8996.708333333334
9011.875
8846.666666666666
8747.708333333334
8707.375
8797.541666666666
8862.75
8893.541666666666
8945.041666666666
8983.416666666666
8995.416666666666
8992.041666666666
9034.291666666666
9071.125
9099.75
9072.833333333334
9058.916666666666
9093.0
9144.208333333334
9177.166666666666
9198.25
9206.5
9183.5
9181.75
9185.583333333334
9194.125
9144.041666666666
9146.958333333334
9140.833333333334
9142.666666666666
8905.416666666666
8841.166666666666
8948.833333333334
8981.916666666666
9005.708333333334
9034.125
9068.375
9112.291666666666
9102.125
9075.208333333334
9051.083333333334
9026.083333333334
9098.625
9103.791666666666
9159.958333333334
9202.625
9104.541666666666
9072.166666666666
9105.833333333334
9071.416666666666
9039.0
9047.916666666666
8993.291666666666
8926.291666666666
8920.208333333334
8920.916666666666
8947.041666666666
8959.458333333334
8953.875
8943.833333333334
8935.625
8858.208333333334
8755.666666666666
8733.875
8647.375
8658.291666666666
8637.375
8624.541666666666
8659.416666666666
8661.458333333334
8671.5
8619.25
8531.916666666666
8642.083333333334
8721.5
8774.333333333334
8811.333333333334
8849.791666666666
8823.083333333334
8776.791666666666
8809.958333333334
8796.541666666666
8813.916666666666
8838.375
8744.0
8693.083333333334
8703.5
8712.416666666666
8723.25
8800.125
8855.08695652174
8869.166666666666
8872.75
8851.083333333334
8856.541666666666
8917.833333333334
8951.375
8958.958333333334
8970.041666666666
8960.833333333334
8888.333333333334
8719.166666666666
8769.458333333334
8746.130434782608
8797.041666666666
8684.333333333334
8854.083333333334
8854.625
8888.708333333334
8896.833333333334
8923.5
8897.541666666666
8884.458333333334
8831.958333333334
8845.083333333334
8876.666666666666
8846.75
8781.5
8784.083333333334
8806.875
8664.0
8741.25
8763.833333333334
8820.916666666666
8876.416666666666
8916.791666666666
8936.875
8965.375
8962.5
8967.75
8978.75
8994.791666666666
9024.875
8973.208333333334
8999.583333333334
8932.291666666666
8879.375
8854.583333333334
8872.833333333334
8886.166666666666
8913.666666666666
8899.625
8848.25
8808.833333333334
8835.583333333334
8873.583333333334
8916.291666666666
8927.833333333334
8908.166666666666
8885.75
8926.833333333334
8945.208333333334
8946.875
8954.25
8986.416666666666
8993.875
8988.041666666666
8988.958333333334
8984.666666666666
8920.916666666666
8940.666666666666
8956.916666666666
8810.166666666666
8849.541666666666
8868.916666666666
8909.75
8924.875
8909.958333333334
8874.5
8878.875
8855.458333333334
8879.416666666666
8815.75
8757.708333333334
8770.541666666666
8788.291666666666
8823.291666666666
8863.583333333334
8893.208333333334
8940.291666666666
8950.833333333334
8949.0
8969.666666666666
8968.0
8977.541666666666
8974.666666666666
8931.458333333334
8941.125
8942.208333333334
8958.708333333334
8986.916666666666
8992.416666666666
9029.541666666666
9014.25
9047.291666666666
9063.708333333334
9084.375
9108.458333333334
9111.708333333334
9123.416666666666
9091.291666666666
8952.583333333334
8989.125
9062.166666666666
9099.041666666666
9113.75
9104.791666666666
9115.583333333334
9032.083333333334
9056.958333333334
9135.0
9170.541666666666
9129.416666666666
9171.208333333334
9069.25
9027.875
9060.375
9077.416666666666
9075.083333333334
9123.5
9187.458333333334
9178.083333333334
9149.666666666666
9076.916666666666
9074.083333333334
9145.333333333334
9155.791666666666
9163.625
9120.208333333334
9020.25
9034.833333333334
9049.0
9047.583333333334
9080.333333333334
9081.583333333334
9089.625
9078.916666666666
9098.041666666666
9105.5
9040.125
9000.235294117647
8889.666666666666
8932.375
8974.583333333334
8982.25
9005.333333333334
9046.166666666666
9044.833333333334
9071.208333333334
9068.291666666666
9060.958333333334
9060.083333333334
9091.25
9045.166666666666
9054.916666666666
9064.041666666666
9056.083333333334
8991.041666666666
8997.958333333334
9057.458333333334
9082.625
8956.208333333334
8864.916666666666
8901.625
8954.166666666666
8982.166666666666
8997.375
8995.458333333334
8911.666666666666
8918.458333333334
8886.125
8904.416666666666
8984.5
9001.333333333334
8989.958333333334
8822.541666666666
8807.666666666666
8869.708333333334
8936.291666666666
8948.166666666666
8958.458333333334
8989.625
8979.541666666666
8980.166666666666
9017.833333333334
8944.0
9000.375
9005.916666666666
9031.208333333334
9063.916666666666
9046.958333333334
9058.416666666666
9015.458333333334
8935.625
8956.95
9001.166666666666
9036.263157894737
9058.642857142857
9082.375
8989.375
9015.958333333334
8869.666666666666
8899.958333333334
8890.625
8899.291666666666
8983.958333333334
8999.0
9007.916666666666
9000.333333333334
9001.916666666666
8970.541666666666
8989.333333333334
8978.833333333334
8936.625
8922.041666666666
8934.833333333334
8904.583333333334
8886.791666666666
8887.625
8841.791666666666
8854.208333333334
8880.708333333334
8896.304347826086
8923.875
8925.125
8908.583333333334
8823.916666666666
8844.708333333334
8833.75
8892.166666666666
8886.041666666666
8962.0
8992.583333333334
8940.583333333334
8836.25
8843.541666666666
8894.666666666666
8861.875
8715.333333333334
8761.291666666666
8843.333333333334
8881.791666666666
8770.375
8667.375
8650.375
8682.166666666666
8720.083333333334
8746.75
8809.291666666666
8836.458333333334
8642.541666666666
8584.541666666666
8613.25
8672.208333333334
8730.541666666666
8748.291666666666
8800.5
8856.0
8914.666666666666
8975.291666666666
9000.583333333334
9019.5
9013.916666666666
8969.291666666666
8917.291666666666
8948.25
9008.833333333334
8997.916666666666
9033.375
9017.166666666666
8971.666666666666
8930.583333333334
8947.5
8923.708333333334
8945.875
8938.333333333334
8920.375
8893.791666666666
8934.958333333334
8972.833333333334
9028.333333333334
9060.5
9080.583333333334
9086.125
9079.583333333334
9081.333333333334
9055.208333333334
8892.458333333334
8912.416666666666
8918.583333333334
8905.625
8917.958333333334
8915.958333333334
8973.125
8982.458333333334
9013.75
9040.25
9056.166666666666
9085.125
8945.666666666666
8819.5
8809.916666666666
8808.958333333334
8860.0
8880.25
8896.583333333334
8922.916666666666
8957.416666666666
8980.208333333334
9042.125
9068.291666666666
9049.041666666666
9108.875
9122.0
9103.583333333334
9005.416666666666
8963.208333333334
8962.916666666666
8964.541666666666
8990.25
9000.041666666666
8992.458333333334
9026.333333333334
9080.291666666666
9111.291666666666
9097.416666666666
9074.25
8991.375
8961.875
8978.958333333334
8992.75
9008.666666666666
8998.875
8975.375
8865.375
8855.625
8880.125
8896.5
8926.375
8925.583333333334
8933.041666666666
8895.0
8831.166666666666
8907.791666666666
8952.375
8987.0
9024.166666666666
9046.666666666666
9054.5
8977.791666666666
8779.833333333334
8845.041666666666
8961.625
8978.375
8998.666666666666
9016.666666666666
9015.583333333334
8944.291666666666
8883.458333333334
8841.208333333334
8752.666666666666
8671.958333333334
8620.875
8683.416666666666
8736.958333333334
8762.041666666666
8796.791666666666
8813.5
8804.958333333334
8820.875
8829.75
8804.791666666666
8800.416666666666
8831.916666666666
8877.416666666666
8880.25
8906.541666666666
8907.083333333334
8916.333333333334
8935.333333333334
8908.0
8921.75
8855.416666666666
8865.041666666666
8913.708333333334
8916.916666666666
8853.375
8797.583333333334
8799.041666666666
8794.0
8868.625
8916.708333333334
8947.666666666666
8981.125
9018.5
9040.083333333334
9030.166666666666
9038.958333333334
9021.75
9013.041666666666
8998.833333333334
9026.208333333334
9035.166666666666
9075.416666666666
9060.208333333334
9032.0
9017.166666666666
9011.916666666666
8985.833333333334
9016.666666666666
9002.333333333334
8934.125
8955.583333333334
8985.416666666666
8961.041666666666
8932.416666666666
8900.708333333334
8900.5
8918.958333333334
8986.791666666666
9004.041666666666
8997.833333333334
9023.125
9004.5
9035.23076923077
9091.411764705883
9091.166666666666
9096.25
9111.208333333334
9135.625
9152.625
9100.958333333334
9077.125
9049.666666666666
9060.0
9055.958333333334
9041.75
9083.333333333334
9105.291666666666
9003.083333333334
8948.75
8803.166666666666
8774.666666666666
8802.833333333334
8779.25
8798.125
8621.041666666666
8421.416666666666
8521.791666666666
8688.708333333334
8808.541666666666
8875.0
8865.875
8950.166666666666
9071.0
9172.5
9226.458333333334
9197.333333333334
9143.916666666666
9040.125
9004.875
8973.166666666666
8949.166666666666
8908.25
8851.416666666666
8834.125
8851.875
8844.666666666666
8811.166666666666
8806.083333333334
8801.166666666666
8827.25
8857.083333333334
8878.291666666666
8856.625
8872.958333333334
8914.416666666666
8956.565217391304
8938.541666666666
9050.958333333334
9138.291666666666
9193.75
9243.458333333334
9182.0
9093.75
8976.791666666666
8967.875
8997.25
8922.625
8884.75
8889.791666666666
8830.916666666666
8787.375
8843.208333333334
8920.125
8896.541666666666
8866.708333333334
8810.958333333334
8776.791666666666
8711.083333333334
8697.75
8678.166666666666
8736.458333333334
8750.333333333334
8781.375
8634.5
8653.708333333334
8724.958333333334
8846.75
8945.208333333334
8945.25
8992.666666666666
9065.416666666666
9166.041666666666
9211.291666666666
9215.041666666666
9203.041666666666
9096.125
9051.0
9020.291666666666
9008.666666666666
9040.75
9045.833333333334
9031.125
9009.5
8973.791666666666
8883.708333333334
8731.708333333334
8673.541666666666
8594.541666666666
8569.217391304348
8591.25
8596.458333333334
8646.416666666666
8671.541666666666
8708.333333333334
8755.416666666666
8795.25
8823.916666666666
8909.291666666666
9025.5
9087.416666666666
9188.291666666666
9182.25
9121.791666666666
9122.458333333334
9051.25
8588.166666666666
8503.25
8478.041666666666
8518.041666666666
8544.583333333334
8566.958333333334
8606.166666666666
8584.75
8580.458333333334
8524.791666666666
8519.25
8578.708333333334
8696.75
8764.666666666666
8784.083333333334
8769.333333333334
8719.708333333334
8744.416666666666
8816.625
8908.708333333334
8972.416666666666
9010.0
9001.666666666666
9051.958333333334
9078.125
9035.708333333334
8949.291666666666
8927.375
8956.416666666666
8978.041666666666
8918.125
8874.75
8874.958333333334
8845.458333333334
8824.0
8757.0
8767.375
8745.458333333334
8718.333333333334
8696.666666666666
8685.791666666666
8718.083333333334
8717.083333333334
8705.791666666666
8715.666666666666
8749.791666666666
8760.875
8781.791666666666
8794.208333333334
8839.791666666666
8898.541666666666
8912.75
8950.25
8990.375
8947.791666666666
8957.875
8956.583333333334
8915.458333333334
8842.916666666666
8850.666666666666
8838.791666666666
8850.291666666666
8795.333333333334
8825.041666666666
8826.583333333334
8835.166666666666
8848.625
8871.916666666666
8863.166666666666
8880.25
8801.541666666666
8770.25
8782.0
8797.75
8824.0
8842.083333333334
8820.291666666666
8830.5
8862.958333333334
8810.833333333334
8724.583333333334
8730.916666666666
8755.75
8776.291666666666
8733.833333333334
8514.083333333334
8529.833333333334
8565.5
8614.291666666666
8663.541666666666
8626.333333333334
8646.791666666666
8657.416666666666
8742.833333333334
8745.333333333334
8736.291666666666
8733.25
8721.833333333334
8728.583333333334
8708.375
8621.958333333334
8710.833333333334
8732.833333333334
8804.708333333334
8874.166666666666
8881.875
8867.083333333334
8859.083333333334
8840.833333333334
8734.541666666666
8722.291666666666
8755.25
8792.208333333334
8842.0
8826.083333333334
8836.416666666666
8819.583333333334
8812.208333333334
8859.416666666666
8894.458333333334
8867.75
8850.625
8846.875
8858.916666666666
8869.0
8870.0
8869.125
8900.0
8928.625
8905.208333333334
8861.166666666666
8839.958333333334
8843.125
8845.125
8815.583333333334
8663.25
8627.625
8690.583333333334
8739.166666666666
8754.75
8798.666666666666
8813.416666666666
8848.0
8889.833333333334
8890.666666666666
8926.708333333334
8954.083333333334
8921.5
8876.875
8831.333333333334
8837.416666666666
8852.166666666666
8856.5
8901.083333333334
8941.166666666666
9008.875
9048.083333333334
9052.541666666666
9020.291666666666
9016.5
8980.458333333334
8964.333333333334
8963.333333333334
8949.125
8968.958333333334
8988.75
8964.333333333334
8971.833333333334
8960.333333333334
8990.041666666666
9010.333333333334
9058.708333333334
9080.875
9036.375
8987.083333333334
8880.166666666666
8893.041666666666
8948.375
8944.458333333334
8985.416666666666
9000.416666666666
8970.583333333334
8812.041666666666
8367.625
8426.958333333334
8286.791666666666
8430.375
8460.375
8572.541666666666
8665.0
8821.75
8879.458333333334
8915.791666666666
8934.291666666666
8954.208333333334
8920.125
8957.958333333334
8954.958333333334
8957.333333333334
8980.125
9024.75
9007.583333333334
8972.083333333334
8866.5
8854.0
8907.541666666666
8886.083333333334
8908.791666666666
8934.25
8946.541666666666
8945.083333333334
8957.583333333334
8945.208333333334
8976.291666666666
8982.041666666666
8994.333333333334
8986.833333333334
8963.791666666666
9004.416666666666
9069.833333333334
9090.333333333334
9058.625
9042.791666666666
9022.666666666666
9017.791666666666
9045.291666666666
9069.958333333334
9074.291666666666
9024.958333333334
9009.541666666666
8998.833333333334
8993.416666666666
8897.375
8837.583333333334
8932.458333333334
8928.5
8858.75
8863.083333333334
8898.5
8939.791666666666
9013.833333333334
8999.416666666666
8983.333333333334
8982.636363636364
9028.083333333334
9067.833333333334
9063.21052631579
8959.541666666666
8877.75
8935.666666666666
8976.833333333334
9026.625
9038.041666666666
9049.875
9064.125
9057.75
9057.208333333334
9004.0
8994.666666666666
8976.833333333334
8821.75
8871.333333333334
8885.083333333334
8821.291666666666
8816.0
8831.916666666666
8851.458333333334
8889.166666666666
8888.9
8913.888888888889
8932.416666666666
9019.875
9006.875
9036.083333333334
9000.75
8960.041666666666
8951.875
8966.708333333334
8980.833333333334
8990.625
8989.5
9022.25
9019.291666666666
9042.041666666666
9015.166666666666
8951.416666666666
8936.208333333334
8935.666666666666
8942.75
8935.708333333334
8989.875
9009.333333333334
9032.181818181818
9004.0
8983.708333333334
8994.875
8989.875
8970.458333333334
8992.833333333334
9051.916666666666
9111.708333333334
9103.25
9117.208333333334
9126.041666666666
9130.791666666666
9124.958333333334
9120.875
9048.833333333334
9028.708333333334
9052.916666666666
9079.541666666666
9099.791666666666
9100.916666666666
9088.0
9107.791666666666
9135.916666666666
9177.875
9073.083333333334
9070.458333333334
9073.708333333334
8932.333333333334
8974.375
8998.541666666666
8963.833333333334
8962.166666666666
8973.041666666666
9003.5
9048.125
9068.916666666666
9052.041666666666
9107.041666666666
9120.291666666666
9081.041666666666
9085.958333333334
9085.583333333334
9117.166666666666
9127.791666666666
9194.375
9244.625
9244.375
9160.083333333334
9159.166666666666
9219.625
9275.416666666666
9266.208333333334
9239.083333333334
9183.625
9126.041666666666
9095.291666666666
9031.833333333334
9036.666666666666
9044.083333333334
9054.541666666666
9054.958333333334
9066.583333333334
9092.208333333334
9102.875
9148.041666666666
9105.583333333334
9134.583333333334
9106.666666666666
9106.583333333334
9137.625
9013.291666666666
9042.041666666666
9158.375
9184.791666666666
9220.875
9180.916666666666
9232.25
9242.458333333334
9243.208333333334
9272.666666666666
9281.75
9086.625
9085.75
9135.833333333334
9153.583333333334
9180.041666666666
9188.583333333334
9231.25
9233.75
9247.916666666666
9260.708333333334
9248.625
9199.375
9205.041666666666
9195.583333333334
9195.5
9210.541666666666
9209.208333333334
9152.708333333334
9141.75
9078.083333333334
9060.25
9090.291666666666
9080.125
9121.375
9199.458333333334
9288.75
9285.208333333334
9245.25
9222.791666666666
9298.25
9327.375
9364.958333333334
9352.041666666666
9403.375
9453.666666666666
9316.375
9279.333333333334
9302.625
9322.833333333334
9322.708333333334
9311.130434782608
9328.333333333334
9387.916666666666
9384.5
9306.125
9315.541666666666
9269.791666666666
9289.625
9324.708333333334
9281.458333333334
9292.166666666666
9334.125
9367.25
9386.083333333334
9376.291666666666
9442.875
9435.791666666666
9385.75
9320.666666666666
9269.583333333334
9262.75
9287.166666666666
9350.958333333334
9399.875
9399.958333333334
9414.333333333334
9367.291666666666
9273.791666666666
9270.458333333334
9316.375
9363.875
9353.5
9329.458333333334
9326.5
9302.958333333334
9282.625
9262.583333333334
9258.5
9350.708333333334
9352.666666666666
9374.416666666666
9362.75
9327.375
9321.666666666666
9264.541666666666
9231.25
9228.458333333334
9215.375
9290.708333333334
9310.333333333334
9304.958333333334
9342.583333333334
9405.583333333334
9441.125
9427.208333333334
9416.833333333334
9422.791666666666
9414.666666666666
9360.583333333334
9366.625
9385.0
9385.375
9294.25
9335.791666666666
9321.458333333334
9200.958333333334
9206.125
9225.083333333334
9277.458333333334
9308.333333333334
9321.5
9308.666666666666
9256.041666666666
9217.375
9175.041666666666
9195.958333333334
9219.958333333334
9231.166666666666
9262.458333333334
9301.875
9351.458333333334
9387.041666666666
9353.958333333334
9345.625
9314.0
9314.041666666666
9335.958333333334
9324.291666666666
9282.0
9275.666666666666
9248.166666666666
9286.625
9339.291666666666
9376.0
9417.833333333334
9436.0
9376.0
9332.708333333334
9259.708333333334
9243.666666666666
9200.5
9118.666666666666
9168.25
9208.041666666666
9242.833333333334
9282.958333333334
9316.75
9359.916666666666
9337.083333333334
9315.583333333334
9320.708333333334
9328.5
9349.666666666666
9401.541666666666
9423.166666666666
9468.041666666666
9494.083333333334
9446.416666666666
9426.208333333334
9417.708333333334
9431.0
9422.833333333334
9456.208333333334
9420.875
9403.291666666666
9332.541666666666
9214.25
9147.166666666666
9115.416666666666
9126.75
9147.166666666666
9220.083333333334
9278.791666666666
9339.333333333334
9397.208333333334
9270.652173913044
9264.0
9239.333333333334
9266.958333333334
9276.958333333334
9319.208333333334
9338.375
9369.5
9338.333333333334
9355.041666666666
9377.75
9411.25
9480.625
9505.125
9484.0
9357.541666666666
9343.666666666666
9260.625
9237.583333333334
9177.083333333334
9137.916666666666
9161.583333333334
9190.375
9224.25
9264.208333333334
9306.416666666666
9362.625
9235.291666666666
9155.666666666666
9240.083333333334
9285.416666666666
9288.75
9300.958333333334
9322.083333333334
9346.041666666666
9383.541666666666
9384.666666666666
9419.208333333334
9441.458333333334
9471.333333333334
9463.333333333334
9345.541666666666
9355.791666666666
9371.083333333334
9326.833333333334
9307.75
9317.958333333334
9271.0
9267.75
9270.208333333334
9308.375
9363.625
9415.083333333334
9417.958333333334
9413.666666666666
9402.083333333334
9373.5
9340.375
9290.25
9277.208333333334
9297.125
9364.041666666666
9320.541666666666
9358.333333333334
9376.208333333334
9399.416666666666
9444.625
9483.125
9476.875
9439.625
9382.583333333334
9309.916666666666
9283.375
9262.0
9264.391304347826
9288.916666666666
9308.0
9309.541666666666
9335.708333333334
9399.416666666666
9403.833333333334
9404.125
9465.583333333334
9516.25
9509.041666666666
9486.125
9484.583333333334
9418.25
9414.083333333334
9376.625
9387.708333333334
9379.416666666666
9343.666666666666
9356.958333333334
9422.416666666666
9459.208333333334
9405.583333333334
9353.333333333334
9323.916666666666
9294.833333333334
9320.541666666666
9358.416666666666
9334.333333333334
9370.260869565218
9400.608695652174
9455.666666666666
9475.833333333334
9510.666666666666
9556.541666666666
9561.75
9538.291666666666
9455.083333333334
9450.958333333334
9552.166666666666
9440.708333333334
9468.75
9434.833333333334
9442.166666666666
9461.875
9480.375
9498.666666666666
9547.875
9550.333333333334
9537.35294117647
9464.1875
9412.958333333334
9397.958333333334
9403.958333333334
9436.833333333334
9430.0
9452.875
9502.291666666666
9497.5
9473.458333333334
9488.458333333334
9556.791666666666
9574.5
9538.75
9580.458333333334
9561.583333333334
9550.5
9548.166666666666
9497.041666666666
9435.583333333334
9408.958333333334
9419.833333333334
9453.458333333334
9493.0
9510.041666666666
9526.166666666666
9582.041666666666
9562.875
9443.652173913044
9362.583333333334
9376.958333333334
9415.958333333334
9414.916666666666
9436.208333333334
9485.25
9504.416666666666
9515.791666666666
9547.791666666666
9561.541666666666
9623.875
9658.25
9648.875
9620.5
9614.25
9628.041666666666
9566.25
9533.291666666666
9533.166666666666
9511.416666666666
9537.708333333334
9557.083333333334
9552.333333333334
9560.625
9572.041666666666
9549.041666666666
9497.291666666666
9437.708333333334
9397.375
9391.916666666666
9404.0
9389.833333333334
9396.0
9406.625
9438.958333333334
9493.5
9499.458333333334
9530.541666666666
9543.0
9568.958333333334
9623.25
9653.916666666666
9610.708333333334
9548.083333333334
9468.666666666666
9455.791666666666
9443.5
9469.25
9507.458333333334
9550.5
9610.041666666666
9582.166666666666
9565.833333333334
9555.583333333334
9554.5
9512.541666666666
9539.333333333334
9524.416666666666
9508.041666666666
9531.083333333334
9514.041666666666
9530.375
9613.708333333334
9594.0
9534.583333333334
9504.583333333334
9534.166666666666
9523.625
9566.958333333334
9561.333333333334
9551.541666666666
9542.666666666666
9519.666666666666
9527.166666666666
9514.583333333334
9537.625
9550.75
9554.375
9512.333333333334
9515.5
9566.541666666666
9581.833333333334
9554.208333333334
9572.0
9584.125
9603.0
9601.0
9606.083333333334
9612.666666666666
9651.541666666666
9686.875
9687.25
9683.791666666666
9643.833333333334
9651.75
9648.208333333334
9660.541666666666
9654.208333333334
9635.458333333334
9603.958333333334
9620.666666666666
9599.666666666666
9614.208333333334
9604.958333333334
9591.583333333334
9600.041666666666
9592.625
9632.666666666666
9628.041666666666
9638.708333333334
9631.041666666666
9652.833333333334
9684.291666666666
9695.25
9697.166666666666
9747.958333333334
9762.0
9762.166666666666
9673.166666666666
9616.583333333334
9630.416666666666
9588.833333333334
9645.625
9710.791666666666
9749.375
9732.375
9696.541666666666
9660.458333333334
9633.666666666666
9592.666666666666
9552.833333333334
9532.083333333334
9503.25
9449.708333333334
9510.708333333334
9554.083333333334
9593.166666666666
9571.041666666666
9572.958333333334
9606.791666666666
9672.166666666666
9676.208333333334
9724.75
9747.833333333334
9759.5
9762.875
9752.916666666666
9718.916666666666
9680.041666666666
9655.375
9584.458333333334
9532.333333333334
9514.625
9515.083333333334
9511.541666666666
9492.0
9485.833333333334
9544.583333333334
9545.791666666666
9528.42857142857
9480.529411764706
9499.875
9512.583333333334
9508.958333333334
9555.083333333334
9566.625
9554.208333333334
9575.625
9588.416666666666
9566.208333333334
9598.739130434782
9622.565217391304
9637.291666666666
9593.541666666666
9564.75
9560.791666666666
9564.291666666666
9601.375
9582.083333333334
9582.333333333334
9597.25
9592.833333333334
9576.291666666666
9548.0
9570.833333333334
9558.0
9456.083333333334
9484.666666666666
9503.708333333334
9492.75
9526.125
9554.416666666666
9552.958333333334
9556.666666666666
9515.5
9506.291666666666
9549.875
9581.375
9584.916666666666
9608.375
9651.958333333334
9663.875
9664.291666666666
9699.916666666666
9675.75
9698.416666666666
9636.833333333334
9636.75
9636.333333333334
9669.625
9680.708333333334
9674.833333333334
9645.458333333334
9621.208333333334
9530.625
9464.708333333334
9470.125
9481.416666666666
9482.416666666666
9515.125
9531.166666666666
9571.666666666666
9543.458333333334
9546.541666666666
9588.208333333334
9607.458333333334
9617.541666666666
9603.041666666666
9606.291666666666
9620.916666666666
9548.333333333334
9584.333333333334
9612.666666666666
9625.916666666666
9647.416666666666
9441.333333333334
9354.541666666666
9448.083333333334
9565.208333333334
9605.875
9559.5
9497.166666666666
9454.541666666666
9421.125
9429.0
9427.958333333334
9438.083333333334
9430.666666666666
9425.041666666666
9430.0
9396.208333333334
9315.333333333334
9299.208333333334
9370.153846153846
9390.857142857143
9441.416666666666
9471.375
9488.375
9526.541666666666
9559.333333333334
9542.5
9529.791666666666
9522.0
9481.25
9500.166666666666
9473.666666666666
9420.291666666666
9370.583333333334
9348.583333333334
9344.375
9354.541666666666
9370.041666666666
9374.916666666666
9388.041666666666
9411.166666666666
9423.625
9448.125
9498.416666666666
9497.708333333334
9489.125
9493.25
9494.458333333334
9502.083333333334
9528.375
9543.958333333334
9556.041666666666
9478.833333333334
9112.208333333334
9161.041666666666
9333.083333333334
9398.125
9438.0
9439.291666666666
9362.041666666666
9330.041666666666
9328.875
9342.791666666666
9390.916666666666
9384.125
9356.916666666666
9350.5
9376.083333333334
9376.625
9350.375
9311.416666666666
9329.583333333334
9311.291666666666
9293.708333333334
9319.958333333334
9364.583333333334
9383.208333333334
9388.875
9420.833333333334
9449.25
9463.041666666666
9456.5
9406.166666666666
9364.291666666666
9386.416666666666
9440.25
9465.25
9461.0
9434.833333333334
9438.458333333334
9476.208333333334
9480.875
9501.291666666666
9545.5
9581.416666666666
9596.0
9567.0
9545.291666666666
9479.5
9479.375
9450.791666666666
9536.791666666666
9554.444444444445
9555.958333333334
9619.708333333334
9678.083333333334
9727.166666666666
9705.75
9622.217391304348
9557.625
9519.0
9500.75
9511.5
9534.208333333334
9516.083333333334
9492.916666666666
9466.541666666666
9504.416666666666
9547.125
9548.125
9499.833333333334
9546.041666666666
9518.833333333334
9561.333333333334
9614.416666666666
9640.25
9692.583333333334
9672.833333333334
9714.083333333334
9742.833333333334
9771.25
9689.541666666666
9689.541666666666
9642.791666666666
9627.291666666666
9606.208333333334
9504.375
9465.875
9505.583333333334
9527.208333333334
9597.833333333334
9579.458333333334
9569.083333333334
9537.708333333334
9507.416666666666
9534.208333333334
9599.208333333334
9642.791666666666
9598.25
9565.666666666666
9619.5
9634.0
9646.083333333334
9638.583333333334
9615.375
9587.583333333334
9645.708333333334
9661.333333333334
9727.125
9761.458333333334
9760.291666666666
9707.375
9642.75
9624.208333333334
9563.916666666666
9562.25
9567.375
9582.25
9513.25
9497.208333333334
9519.125
9556.0
9548.958333333334
9586.416666666666
9609.208333333334
9588.125
9561.25
9541.666666666666
9561.583333333334
9563.25
9580.708333333334
9593.208333333334
9597.083333333334
9626.708333333334
9677.375
9671.208333333334
9691.791666666666
9662.875
9636.791666666666
9618.875
9617.375
9576.958333333334
9572.625
9548.208333333334
9529.916666666666
9528.083333333334
9523.75
9515.875
9507.416666666666
9538.458333333334
9541.583333333334
9549.5
9570.958333333334
9565.083333333334
9542.625
9546.041666666666
9540.208333333334
9555.416666666666
9582.5
9623.791666666666
9627.25
9646.0
9646.166666666666
9658.791666666666
9621.291666666666
9578.125
9600.416666666666
9626.625
9612.125
9608.458333333334
9601.875
9551.416666666666
9512.041666666666
9471.041666666666
9481.208333333334
9460.958333333334
9482.833333333334
9449.958333333334
9488.208333333334
9497.5
9502.666666666666
9454.583333333334
9414.625
9430.166666666666
9455.666666666666
9503.25
9516.166666666666
9501.458333333334
9530.166666666666
9581.5
9631.083333333334
9633.833333333334
9641.5
9553.208333333334
9579.333333333334
9584.75
9623.583333333334
9650.625
9652.666666666666
9527.875
9515.875
9521.208333333334
9528.208333333334
9556.125
9588.125
9585.5
9570.708333333334
9572.0
9561.125
9598.541666666666
9615.25
9585.666666666666
9587.791666666666
9600.125
9618.75
9631.458333333334
9671.666666666666
9694.958333333334
9682.625
9689.333333333334
9703.208333333334
9703.208333333334
9735.916666666666
9749.583333333334
9743.791666666666
9710.416666666666
9725.625
9703.125
9673.708333333334
9623.75
9614.916666666666
9602.125
9629.708333333334
9614.25
9594.666666666666
9592.208333333334
9594.833333333334
9588.541666666666
9596.958333333334
9598.625
9619.416666666666
9632.291666666666
9676.916666666666
9672.25
9668.083333333334
9650.666666666666
9656.333333333334
9657.958333333334
9644.583333333334
9640.916666666666
9628.166666666666
9640.5
9659.166666666666
9674.125
9626.291666666666
9603.625
9634.583333333334
9621.791666666666
9607.083333333334
9551.375
9527.833333333334
9547.583333333334
9563.75
9562.583333333334
9577.25
9595.791666666666
9598.333333333334
9659.125
9700.5
9708.208333333334
9691.5
9693.291666666666
9691.083333333334
9707.5
9721.166666666666
9710.708333333334
9725.208333333334
9756.833333333334
9780.166666666666
9767.291666666666
9769.25
9754.416666666666
9705.458333333334
9693.958333333334
9702.833333333334
9692.375
9664.583333333334
9606.958333333334
9625.375
9629.208333333334
9657.25
9626.5
9595.166666666666
9627.416666666666
9624.833333333334
9609.791666666666
9608.458333333334
9635.75
9624.541666666666
9633.291666666666
9677.708333333334
9678.083333333334
9674.416666666666
9689.041666666666
9693.25
9695.416666666666
9705.75
9714.75
9701.375
9672.791666666666
9638.458333333334
9656.5
9670.333333333334
9675.0
9685.25
9655.083333333334
9668.416666666666
9669.708333333334
9669.583333333334
9615.125
9610.791666666666
9650.375
9657.25
9674.458333333334
9673.541666666666
9664.083333333334
9636.666666666666
9646.916666666666
9635.5
9631.916666666666
9642.041666666666
9666.875
9663.125
9694.541666666666
9723.708333333334
9687.208333333334
9678.875
9675.916666666666
9668.916666666666
9655.791666666666
9653.5
9664.083333333334
9702.041666666666
9714.791666666666
9716.625
9658.041666666666
9655.708333333334
9639.625
9650.875
9664.083333333334
9636.916666666666
9653.875
9648.333333333334
9645.083333333334
9604.958333333334
9691.25
9644.041666666666
9652.125
9664.083333333334
9666.291666666666
9642.208333333334
9655.458333333334
9668.416666666666
9671.208333333334
9694.416666666666
9682.041666666666
9696.875
9676.708333333334
9665.625
9679.041666666666
9681.291666666666
9641.0
9627.583333333334
9678.916666666666
9656.791666666666
9662.333333333334
9697.25
9727.5
9674.0
9662.416666666666
9667.5
9687.75
9670.416666666666
9645.25
9633.083333333334
9671.75
9670.333333333334
9691.5
9673.291666666666
9692.958333333334
9668.25
9675.375
9709.958333333334
9741.916666666666
9742.416666666666
9729.041666666666
9724.791666666666
9725.125
9677.333333333334
9697.458333333334
9725.583333333334
9695.75
9687.625
9676.833333333334
9647.833333333334
9650.166666666666
9646.25
9629.291666666666
9651.333333333334
9691.916666666666
9705.291666666666
9680.958333333334
9681.208333333334
9719.958333333334
9754.75
9764.666666666666
9758.541666666666
9703.208333333334
9686.916666666666
9658.833333333334
9648.916666666666
9649.5
9661.0
9674.333333333334
9680.25
9720.333333333334
9666.791666666666
9652.625
9653.75
9607.958333333334
9654.625
9617.5
9604.416666666666
9572.875
9573.791666666666
9610.5
9610.041666666666
9574.333333333334
9610.833333333334
9609.75
9606.375
9653.625
9656.666666666666
9674.458333333334
9658.541666666666
9682.958333333334
9698.291666666666
9718.041666666666
9686.75
9671.958333333334
9670.458333333334
9677.541666666666
9717.333333333334
9736.583333333334
9722.458333333334
9646.083333333334
9638.458333333334
9623.166666666666
9638.375
9605.833333333334
9584.791666666666
9574.916666666666
9575.291666666666
9608.208333333334
9618.666666666666
9618.416666666666
9611.708333333334
9640.791666666666
9634.791666666666
9637.0
9640.083333333334
9654.125
9683.166666666666
9702.166666666666
9723.583333333334
9720.25
9679.583333333334
9675.708333333334
9677.833333333334
9663.125
9647.0
9639.541666666666
9631.875
9639.125
9657.416666666666
9657.416666666666
9662.916666666666
9655.666666666666
9587.5
9578.958333333334
9557.25
9535.875
9537.458333333334
9528.875
9571.958333333334
9593.666666666666
9612.791666666666
9630.125
9636.0
9641.708333333334
9673.75
9704.541666666666
9716.708333333334
9751.833333333334
9744.166666666666
9739.958333333334
9726.291666666666
9656.708333333334
9660.458333333334
9656.0
9636.541666666666
9639.958333333334
9626.625
9642.5
9628.833333333334
9609.708333333334
9625.166666666666
9630.083333333334
9653.125
9662.166666666666
9678.833333333334
9625.583333333334
9638.041666666666
9626.083333333334
9654.083333333334
9670.958333333334
9631.333333333334
9593.875
9640.5
9670.375
9706.5
9691.833333333334
9725.625
9785.958333333334
9749.791666666666
9693.666666666666
9675.166666666666
9681.666666666666
9727.708333333334
9725.375
9734.5
9787.166666666666
9763.375
9722.458333333334
9727.458333333334
9718.0
9757.166666666666
9710.0
9694.666666666666
9736.416666666666
9773.916666666666
9781.5
9772.583333333334
9758.25
9702.375
9689.541666666666
9687.5
9668.333333333334
9671.333333333334
9664.708333333334
9673.166666666666
9702.25
9718.208333333334
9744.208333333334
9746.583333333334
9787.583333333334
9822.333333333334
9802.291666666666
9776.75
9730.708333333334
9689.583333333334
9670.958333333334
9700.375
9714.041666666666
9701.166666666666
9722.041666666666
9729.958333333334
9738.708333333334
9765.25
9775.416666666666
9795.541666666666
9779.125
9785.541666666666
9714.041666666666
9717.333333333334
9708.666666666666
9705.041666666666
9713.041666666666
9721.541666666666
9745.958333333334
9739.25
9735.916666666666
9738.416666666666
9746.916666666666
9711.458333333334
9715.0
9721.833333333334
9730.208333333334
9725.625
9743.541666666666
9728.666666666666
9725.583333333334
9747.625
9728.708333333334
9735.208333333334
9676.625
9672.666666666666
9653.208333333334
9664.291666666666
9622.125
9586.541666666666
9578.958333333334
9541.541666666666
9523.625
9479.916666666666
9532.416666666666
9530.291666666666
9525.791666666666
9483.583333333334
9457.125
9536.041666666666
9558.416666666666
9597.666666666666
9602.416666666666
9661.083333333334
9676.083333333334
9664.75
9671.208333333334
9730.75
9692.791666666666
9673.333333333334
9676.375
9652.0
9649.916666666666
9683.041666666666
9677.583333333334
9677.666666666666
9678.875
9676.041666666666
9665.458333333334
9668.666666666666
9704.375
9699.208333333334
9717.833333333334
9727.0
9694.708333333334
9675.208333333334
9602.041666666666
9633.375
9678.5
9672.041666666666
9696.208333333334
9717.083333333334
9708.291666666666
9702.166666666666
9697.083333333334
9719.291666666666
9723.791666666666
9723.125
9718.5
9717.166666666666
9739.125
9712.708333333334
9682.125
9655.5
9673.958333333334
9719.541666666666
9723.041666666666
9722.208333333334
9758.125
9762.666666666666
9745.5
9695.083333333334
9680.208333333334
9679.583333333334
9671.958333333334
9650.375
9668.791666666666
9656.208333333334
9651.708333333334
9673.041666666666
9671.0
9688.666666666666
9679.791666666666
9661.166666666666
9700.125
9707.75
9704.583333333334
9657.333333333334
9664.666666666666
9670.333333333334
9671.5
9701.666666666666
9729.291666666666
9704.0
9658.125
9683.916666666666
9722.625
9730.166666666666
9721.708333333334
9697.583333333334
9670.375
9692.166666666666
9650.291666666666
9634.416666666666
9658.416666666666
9635.583333333334
9623.083333333334
9642.125
9648.5
9661.583333333334
9649.583333333334
9653.958333333334
9652.958333333334
9634.916666666666
9645.166666666666
9662.916666666666
9676.125
9697.041666666666
9702.541666666666
9708.75
9704.083333333334
9679.375
9717.166666666666
9698.541666666666
9670.958333333334
9662.416666666666
9641.5
9648.291666666666
9663.25
9681.25
9675.25
9670.041666666666
9692.0
9721.0
9721.0
9709.833333333334
9708.75
9717.208333333334
9723.708333333334
9702.625
9729.125
9726.458333333334
9763.833333333334
9751.125
9759.25
9788.458333333334
9779.083333333334
9724.25
9737.625
9734.375
9779.791666666666
9776.375
9753.583333333334
9775.416666666666
9791.166666666666
9803.75
9742.083333333334
9737.166666666666
9731.625
9716.75
9762.041666666666
9748.375
9749.5
9739.0
9746.416666666666
9762.666666666666
9781.041666666666
9727.416666666666
9723.25
9678.833333333334
9668.125
9714.666666666666
9720.0
9739.25
9742.833333333334
9735.458333333334
9733.958333333334
9758.041666666666
9781.916666666666
9751.958333333334
9733.541666666666
9747.291666666666
9758.208333333334
9789.125
9765.791666666666
9715.791666666666
9706.791666666666
9699.625
9703.458333333334
9691.0
9745.708333333334
9758.791666666666
9760.833333333334
9745.833333333334
9728.708333333334
9734.25
9781.217391304348
9714.75
9672.375
9681.958333333334
9711.583333333334
9703.666666666666
9702.958333333334
9710.875
9724.0
9738.541666666666
9727.291666666666
9710.791666666666
9732.083333333334
9752.333333333334
9748.291666666666
9744.958333333334
9767.333333333334
9765.0
9782.791666666666
9788.833333333334
