3676.5
3685.6666666666665
3669.6666666666665
3664.75
3661.5
3651.7083333333335
3654.2083333333335
3657.0416666666665
3656.7083333333335
3649.6666666666665
3653.875
3664.5833333333335
3673.0
3664.6666666666665
3663.4583333333335
3672.875
3639.5
3648.75
3655.6666666666665
3664.9166666666665
3674.6666666666665
3686.7916666666665
3668.125
3647.3333333333335
3659.7083333333335
3667.25
3667.4166666666665
3666.9166666666665
3693.9583333333335
3698.875
3683.2083333333335
3677.4583333333335
3671.875
3659.0
3660.0833333333335
3651.3333333333335
3665.9166666666665
3669.4583333333335
3696.875
3691.7916666666665
3665.5416666666665
3671.1666666666665
3686.0
3673.75
3681.0416666666665
3677.25
3696.5833333333335
3698.5416666666665
3694.0416666666665
3681.2083333333335
3688.0
3696.4166666666665
3692.375
3688.9583333333335
3699.0833333333335
3704.7916666666665
3680.375
3671.7083333333335
3631.2916666666665
3650.875
3671.25
3674.625
3673.5416666666665
3682.7916666666665
3691.3333333333335
3698.625
3709.7916666666665
3693.625
3686.4166666666665
3685.0
3695.5833333333335
3687.0416666666665
3686.25
3700.7916666666665
3709.375
3703.0
3698.2083333333335
3709.9166666666665
3711.75
3706.6666666666665
3714.7916666666665
3721.25
3709.9583333333335
3691.7916666666665
3689.5833333333335
3696.7083333333335
3695.3333333333335
3688.875
3680.6666666666665
3681.625
3682.4166666666665
3693.2916666666665
3701.2916666666665
3699.7916666666665
3697.5
3686.2083333333335
3685.7083333333335
3685.9583333333335
3692.9583333333335
3700.4583333333335
3688.4166666666665
3680.9166666666665
3687.7916666666665
3683.1666666666665
3684.2916666666665
3686.9583333333335
3691.0416666666665
3692.75
3699.1666666666665
3717.0
3705.0833333333335
3697.75
3686.8333333333335
3694.9583333333335
3698.5
3694.2083333333335
3697.9166666666665
3691.7083333333335
3694.125
3706.9583333333335
3703.4166666666665
3708.2916666666665
3706.0833333333335
3708.4583333333335
3719.125
3706.75
3713.0833333333335
3729.5
3726.125
3721.8333333333335
3697.75
3707.5
3717.2916666666665
3713.4583333333335
3714.3333333333335
3718.875
3715.5
3700.3333333333335
3693.9166666666665
3697.9583333333335
3698.0
3700.4583333333335
3709.0
3716.5833333333335
3692.875
3685.5833333333335
3686.25
3694.2916666666665
3699.875
3705.5
3703.0416666666665
3699.5833333333335
3704.5833333333335
3695.0
3692.3333333333335
3697.9583333333335
3684.4166666666665
3692.125
3699.7916666666665
3690.7916666666665
3706.4166666666665
3713.2083333333335
3720.875
3719.7083333333335
3706.75
3681.75
3675.8333333333335
3690.125
3703.25
3708.3333333333335
3695.4166666666665
3684.0833333333335
3687.8333333333335
3686.7083333333335
3683.375
3690.2916666666665
3695.7083333333335
3700.5416666666665
3701.3333333333335
3690.5833333333335
3706.3333333333335
3701.9583333333335
3712.6666666666665
3697.6666666666665
3690.875
3668.9166666666665
3691.0
3690.7916666666665
3686.9583333333335
3684.7083333333335
3691.1666666666665
3695.2916666666665
3692.9583333333335
3698.4583333333335
3699.125
3689.7916666666665
3704.125
3696.75
3689.2083333333335
3688.1666666666665
3690.25
3688.7916666666665
3690.5
3692.9166666666665
3694.9166666666665
3693.25
3679.2916666666665
3681.1666666666665
3693.0416666666665
3686.2083333333335
3696.3333333333335
3692.875
3691.4166666666665
3689.5416666666665
3691.2916666666665
3695.875
3696.4583333333335
3707.75
3705.8333333333335
3698.5
3699.75
3688.9166666666665
3681.7916666666665
3687.4615384615386
3707.4545454545455
3697.3333333333335
3685.875
3686.4583333333335
3696.0833333333335
3695.2083333333335
3701.6666666666665
3705.4166666666665
3690.2916666666665
3705.7916666666665
3687.3333333333335
3692.625
3690.625
3692.6666666666665
3682.0
3692.625
3687.0
3676.875
3677.6111111111113
3700.777777777778
3691.8333333333335
3678.9166666666665
3657.5416666666665
3663.8333333333335
3661.4583333333335
3654.75
3657.9583333333335
3673.9166666666665
3676.9166666666665
3677.4583333333335
3681.625
3682.0416666666665
3690.5833333333335
3691.5
3685.5
3678.4166666666665
3674.3333333333335
3671.6666666666665
3671.9583333333335
3683.0833333333335
3689.2916666666665
3688.4166666666665
3685.9166666666665
3680.0833333333335
3674.875
3681.5
3689.0
3686.0833333333335
3688.9583333333335
3692.875
3695.875
3680.7916666666665
3685.125
3685.4583333333335
3684.9583333333335
3690.1666666666665
3691.0833333333335
3688.0833333333335
3677.5416666666665
3681.9583333333335
3698.25
3682.125
3680.5833333333335
3678.3333333333335
3677.2083333333335
3683.6666666666665
3697.4583333333335
3700.2916666666665
3691.4583333333335
3685.5833333333335
3693.0416666666665
3709.9166666666665
3713.5833333333335
3720.5
3696.625
3703.1666666666665
3725.25
3710.7083333333335
3711.5416666666665
3705.5
3708.0416666666665
3699.4583333333335
3690.0833333333335
3693.0833333333335
3696.0833333333335
3703.1666666666665
3695.0416666666665
3705.6666666666665
3707.6666666666665
3704.625
3699.375
3718.25
3719.125
3717.25
3722.25
3730.1666666666665
3731.7916666666665
3723.0416666666665
3724.5833333333335
3713.8333333333335
3705.375
3697.25
3706.6666666666665
3700.1666666666665
3698.5
3693.4166666666665
3688.25
3696.6666666666665
3686.25
3696.5416666666665
3700.2083333333335
3698.7083333333335
3707.8333333333335
3709.7083333333335
3706.1666666666665
3694.25
3688.5
3694.125
3692.875
3701.2916666666665
3706.4583333333335
3719.0416666666665
3707.5
3713.375
3712.7083333333335
3717.9166666666665
3715.625
3718.5416666666665
3709.0416666666665
3710.0833333333335
3715.8333333333335
3715.7083333333335
3711.625
3715.0416666666665
3721.375
3730.3333333333335
3733.0416666666665
3720.625
3729.0
3732.375
3722.1666666666665
3717.4166666666665
3726.25
3727.5
3709.5
3712.9166666666665
3711.5833333333335
3719.125
3729.5
3731.1666666666665
3716.7083333333335
3710.2083333333335
3725.7916666666665
3706.3333333333335
3723.4166666666665
3725.625
3726.7916666666665
3713.8333333333335
3719.75
3721.9166666666665
3713.8333333333335
3704.2916666666665
3711.9583333333335
3703.7916666666665
3694.25
3702.2916666666665
3723.6666666666665
3729.5
3719.625
3713.5833333333335
3716.2916666666665
3717.6666666666665
3738.375
3732.3333333333335
3739.4166666666665
3745.0833333333335
3740.5833333333335
3741.7083333333335
3747.2916666666665
3733.0833333333335
3720.9166666666665
3726.0833333333335
3713.3333333333335
3711.7083333333335
3711.4166666666665
3714.625
3719.7916666666665
3730.4583333333335
3728.3333333333335
3727.0
3694.7916666666665
3681.75
3678.2083333333335
3684.0416666666665
3687.7083333333335
3708.5416666666665
3700.9583333333335
3697.0
3689.6666666666665
3695.375
3696.875
3683.7083333333335
3684.0416666666665
3676.1666666666665
3684.4583333333335
3686.4583333333335
3657.5833333333335
3677.5416666666665
3663.5
3665.4166666666665
3599.8333333333335
3559.9583333333335
3549.9166666666665
3547.9166666666665
3564.5833333333335
3582.875
3593.7916666666665
3586.7916666666665
3598.0
3637.7916666666665
3632.625
3623.0833333333335
3644.25
3659.7083333333335
3673.0
3686.9583333333335
3691.7083333333335
3691.9166666666665
3684.625
3669.6666666666665
3664.0833333333335
3678.875
3671.0833333333335
3665.7916666666665
3663.1666666666665
3651.75
3656.5416666666665
3660.2916666666665
3638.875
3633.0833333333335
3611.625
3639.25
3661.1666666666665
3667.9166666666665
3660.4583333333335
3650.25
3637.8333333333335
3636.5833333333335
3620.5
3622.375
3622.5833333333335
3640.125
3641.0
3623.5
3627.375
3630.5
3626.25
3629.4166666666665
3644.6666666666665
3645.9583333333335
3632.0416666666665
3602.25
3596.6666666666665
3600.7916666666665
3581.3333333333335
3563.7916666666665
3586.9166666666665
3598.4583333333335
3612.75
3619.0833333333335
3613.2916666666665
3613.5
3612.5
3606.25
3583.2916666666665
3577.2916666666665
3577.9166666666665
3594.625
3611.5416666666665
3615.125
3616.8333333333335
3605.7916666666665
3593.8333333333335
3595.4583333333335
3585.7083333333335
3606.875
3611.25
3605.875
3601.6666666666665
3593.2916666666665
3598.9166666666665
3591.5416666666665
3573.1666666666665
3589.2083333333335
3601.0416666666665
3594.6666666666665
3605.0416666666665
3603.25
3618.25
3628.0
3616.7916666666665
3596.375
3604.1666666666665
3595.625
3600.5416666666665
3611.0833333333335
3621.2083333333335
3624.9166666666665
3608.4166666666665
3600.4583333333335
3593.9166666666665
3596.7916666666665
3594.9166666666665
3600.2083333333335
3620.125
3612.0833333333335
3614.0833333333335
3608.9166666666665
3591.875
3575.5416666666665
3584.0833333333335
3594.7916666666665
3600.9583333333335
3590.625
3581.0416666666665
3577.3333333333335
3587.9583333333335
3603.1666666666665
3601.5
3594.25
3586.4583333333335
3595.5416666666665
3590.5
3579.4166666666665
3597.375
3583.625
3579.875
3588.1666666666665
3581.375
3579.2083333333335
3585.5833333333335
3570.0833333333335
3559.25
3577.4583333333335
3578.0
3594.1666666666665
3588.1666666666665
3578.625
3577.625
3587.9583333333335
3596.8260869565215
3558.0416666666665
3560.1666666666665
3550.2083333333335
3550.5833333333335
3565.0
3556.2916666666665
3550.9583333333335
3556.8333333333335
3549.2083333333335
3556.9583333333335
3563.375
3551.4166666666665
3545.25
3542.0833333333335
3535.3333333333335
3542.7083333333335
3548.7916666666665
3551.8333333333335
3553.0
3545.0833333333335
3557.875
3540.125
3513.5833333333335
3524.375
3540.7916666666665
3550.2916666666665
3541.375
3540.25
3548.1666666666665
3553.8333333333335
3551.3333333333335
3550.8333333333335
3544.5833333333335
3454.9583333333335
3466.75
3499.3333333333335
3525.9583333333335
3535.1666666666665
3532.1666666666665
3536.4583333333335
3531.9583333333335
3526.25
3532.0833333333335
3540.6666666666665
3537.2083333333335
3539.1666666666665
3536.9583333333335
3538.375
3539.375
3548.0833333333335
3548.125
3544.5416666666665
3550.0416666666665
3546.375
3537.5
3539.5416666666665
3537.25
3538.7083333333335
3538.75
3545.625
3541.0416666666665
3538.125
3550.0
3557.4583333333335
3564.9166666666665
3574.7916666666665
3566.9583333333335
3544.375
3544.5833333333335
3547.7916666666665
3535.2083333333335
3545.5833333333335
3539.25
3537.5833333333335
3549.2916666666665
3526.4583333333335
3494.1666666666665
3499.3333333333335
3510.5
3519.7083333333335
3533.8333333333335
3541.0833333333335
3529.2083333333335
3519.6666666666665
3510.125
3524.4166666666665
3528.375
3512.2916666666665
3514.5833333333335
3527.1666666666665
3532.75
3541.6666666666665
3558.0833333333335
3560.5833333333335
3565.25
3571.125
3538.75
3546.75
3557.2083333333335
3560.0416666666665
3571.2916666666665
3559.3333333333335
3549.5
3548.875
3552.9583333333335
3567.4583333333335
3565.5833333333335
3548.4166666666665
3549.7083333333335
3549.375
3558.125
3556.4166666666665
3555.375
3524.0
3514.25
3503.0833333333335
3511.4166666666665
3509.7916666666665
3517.0416666666665
3544.875
3551.875
3525.8333333333335
3496.2916666666665
3520.9166666666665
3533.0833333333335
3538.75
3542.6666666666665
3549.4583333333335
3555.4583333333335
3557.75
3557.875
3556.1666666666665
3546.0
3551.625
3549.9583333333335
3541.8333333333335
3516.5833333333335
3510.7916666666665
3523.8333333333335
3529.2916666666665
3538.5
3509.2916666666665
3524.8333333333335
3524.7083333333335
3514.5416666666665
3526.7916666666665
3511.8333333333335
3520.0
3526.1666666666665
3507.0833333333335
3517.5416666666665
3514.25
3526.4166666666665
3538.0833333333335
3543.9166666666665
3543.3333333333335
3550.75
3548.5416666666665
3545.1666666666665
3547.9583333333335
3546.9583333333335
3545.25
3544.25
3537.5
3527.3333333333335
3515.5416666666665
3502.9583333333335
3503.2083333333335
3505.6666666666665
3513.3333333333335
3526.8333333333335
3545.375
3531.4583333333335
3536.9583333333335
3555.3333333333335
3548.125
3549.2916666666665
3552.1666666666665
3559.0
3546.75
3534.25
3536.25
3529.875
3531.2083333333335
3531.2916666666665
3550.0833333333335
3554.2916666666665
3567.2916666666665
3589.3333333333335
3582.5833333333335
3581.4166666666665
3569.9583333333335
3562.4583333333335
3568.5
3534.5416666666665
3539.2083333333335
3517.375
3527.5833333333335
3542.0833333333335
3542.5833333333335
3523.625
3556.3333333333335
3558.0833333333335
3551.6666666666665
3553.7916666666665
3555.125
3548.7083333333335
3549.7083333333335
3526.3333333333335
3454.0
3472.75
3477.4583333333335
3470.0416666666665
3462.625
3454.5
3445.7916666666665
3513.8333333333335
3510.5
3506.1666666666665
3537.5416666666665
3554.4583333333335
3575.2083333333335
3578.1666666666665
3579.375
3576.375
3576.4166666666665
3584.2916666666665
3597.625
3584.2083333333335
3582.5416666666665
3584.2916666666665
3465.5833333333335
3477.5
3517.5
3528.625
3522.5
3533.7083333333335
3553.6666666666665
3556.25
3562.2916666666665
3547.9583333333335
3532.4583333333335
3558.2083333333335
3538.0833333333335
3543.375
3533.4583333333335
3520.2916666666665
3527.9583333333335
3539.6666666666665
3537.125
3539.7083333333335
3505.4583333333335
3510.7083333333335
3509.875
3488.7083333333335
3491.9166666666665
3492.625
3487.3333333333335
3485.2083333333335
3468.7083333333335
3485.1666666666665
3499.3333333333335
3492.9583333333335
3491.2083333333335
3513.5
3521.3333333333335
3512.625
3504.875
3503.7916666666665
3503.0416666666665
3512.2083333333335
3435.375
3450.3333333333335
3482.4583333333335
3468.7916666666665
3429.1666666666665
3430.4583333333335
3438.6666666666665
3394.0
3399.2916666666665
3375.6666666666665
3402.4583333333335
3413.875
3416.4583333333335
3409.2083333333335
3423.4583333333335
3430.5416666666665
3438.2916666666665
3441.5833333333335
3456.625
3464.0833333333335
3459.9583333333335
3444.2916666666665
3442.2083333333335
3439.2916666666665
3438.4166666666665
3421.75
3437.0833333333335
3451.375
3460.5
3447.2916666666665
3475.4166666666665
3447.2916666666665
3436.0416666666665
3421.1666666666665
3425.375
3446.125
3469.875
3483.0833333333335
3490.3333333333335
3501.6666666666665
3504.75
3501.875
3506.4166666666665
3502.3333333333335
3504.125
3509.0833333333335
3493.75
3479.9583333333335
3486.625
3493.375
3485.75
3476.4583333333335
3474.1666666666665
3461.625
3465.7083333333335
3469.0416666666665
3478.5416666666665
3481.4166666666665
3480.125
3464.4583333333335
3439.5
3428.2083333333335
3430.5
3436.1666666666665
3452.4166666666665
3464.1666666666665
3475.3333333333335
3396.8333333333335
3423.7083333333335
3432.125
3425.2916666666665
3427.5416666666665
3381.125
3383.0416666666665
3409.3333333333335
3419.625
3407.1666666666665
3416.7916666666665
3413.0416666666665
3355.7
3368.4
3378.125
3375.0
3307.25
3276.5416666666665
3304.2916666666665
3340.875
3369.4166666666665
3392.0
3388.4166666666665
3407.3333333333335
3428.5416666666665
3419.0833333333335
3424.4166666666665
3415.0833333333335
3431.4166666666665
3427.9166666666665
3415.2083333333335
3437.1666666666665
3455.8333333333335
3447.875
3386.2916666666665
3362.0416666666665
3385.6666666666665
3400.4583333333335
3392.5
3415.125
3423.2916666666665
3426.4583333333335
3418.0833333333335
3407.1666666666665
3386.7083333333335
3395.7083333333335
3413.7916666666665
3420.8333333333335
3430.6666666666665
3445.5
3456.125
3448.8333333333335
3430.875
3438.75
3426.375
3426.5
3440.7916666666665
3440.2083333333335
3429.75
3423.7083333333335
3336.4583333333335
3349.1666666666665
3408.0
3410.7916666666665
3424.8333333333335
3440.0
3436.8333333333335
3428.4583333333335
3416.9166666666665
3434.4166666666665
3412.9583333333335
3417.3333333333335
3414.75
3435.5416666666665
3449.9583333333335
3449.6666666666665
3446.2083333333335
3453.4583333333335
3444.6666666666665
3447.5833333333335
3450.25
3434.4583333333335
3447.3333333333335
3458.125
3465.4166666666665
3466.1666666666665
3467.6666666666665
3483.3333333333335
3481.0833333333335
3463.5
3457.8333333333335
3459.375
3452.625
3463.25
3457.0833333333335
3410.0416666666665
3388.0
3399.25
3392.25
3377.4583333333335
3387.8333333333335
3411.2083333333335
3414.5833333333335
3371.4166666666665
3427.375
3439.7083333333335
3452.75
3459.375
3452.3333333333335
3450.1666666666665
3450.8333333333335
3397.7083333333335
3318.4583333333335
3337.75
3356.6666666666665
3364.875
3390.375
3400.6666666666665
3402.2916666666665
3410.9166666666665
3378.7083333333335
3370.5
3380.7083333333335
3386.875
3382.5416666666665
3365.125
3370.875
3370.875
3383.4166666666665
3379.6666666666665
3380.2083333333335
3391.375
3404.75
3434.2916666666665
3442.7916666666665
3449.5416666666665
3469.3333333333335
3475.0
3469.5833333333335
3490.9166666666665
3377.0416666666665
3401.6666666666665
3405.2916666666665
3440.0
3465.75
3487.0416666666665
3451.0
3456.6666666666665
3411.0416666666665
3414.375
3430.9583333333335
3446.2083333333335
3442.7916666666665
3447.0
3437.5833333333335
3460.6666666666665
3448.8333333333335
3444.5416666666665
3456.4166666666665
3447.875
3450.625
3450.625
3436.4583333333335
3448.875
3466.0
3458.7083333333335
3458.125
3477.1666666666665
3451.875
3455.2916666666665
3471.5416666666665
3466.6666666666665
3466.1666666666665
3467.875
3470.125
3439.875
3452.5833333333335
3494.7916666666665
3482.1666666666665
3475.5416666666665
3476.9583333333335
3464.875
3461.0833333333335
3463.9166666666665
3477.0
3487.3333333333335
3499.9166666666665
3492.375
3494.0833333333335
3505.375
3512.6666666666665
3514.1666666666665
3517.5
3532.3333333333335
3542.875
3512.6666666666665
3502.25
3471.0833333333335
3473.4583333333335
3479.9583333333335
3497.3333333333335
3506.75
3502.625
3521.5416666666665
3508.875
3486.8333333333335
3473.1666666666665
3465.0416666666665
3342.25
3337.4166666666665
3352.25
3334.5
3335.2083333333335
3354.25
3370.5
3375.25
3367.3333333333335
3367.2083333333335
3368.3333333333335
3365.0416666666665
3366.0
3374.7916666666665
3384.9166666666665
3363.7083333333335
3354.8333333333335
3376.5
3392.6666666666665
3365.0416666666665
3343.9166666666665
3288.3333333333335
3262.9583333333335
3290.4583333333335
3263.9583333333335
3263.2916666666665
3273.4583333333335
3279.9583333333335
3294.125
3281.75
3233.7916666666665
3165.7916666666665
3214.3333333333335
3265.25
3297.0833333333335
3315.5
3319.4166666666665
3319.5833333333335
3322.125
3329.2083333333335
3322.7083333333335
3319.25
3331.0
3322.5416666666665
3296.2916666666665
3275.0
3276.8333333333335
3280.9166666666665
3297.9166666666665
3316.8333333333335
3335.4166666666665
3337.4166666666665
3354.25
3342.6666666666665
3338.3333333333335
3351.25
3337.1666666666665
3273.2916666666665
3250.6666666666665
3236.1666666666665
3255.125
3273.25
3279.2083333333335
3289.2916666666665
3302.2083333333335
3278.5416666666665
3294.1666666666665
3111.5416666666665
2935.375
3019.6666666666665
3075.4583333333335
3026.4166666666665
3006.625
3104.5
3133.375
3134.3333333333335
3180.0416666666665
3204.7916666666665
3214.875
3229.2083333333335
3249.8333333333335
3268.75
3281.7083333333335
3286.7916666666665
3287.75
3294.5416666666665
3307.8333333333335
3293.3333333333335
3291.1666666666665
3299.0
3274.875
3292.3333333333335
3283.375
3299.7916666666665
3302.2916666666665
3315.0833333333335
3224.9583333333335
3266.3333333333335
3280.7916666666665
3273.6666666666665
3290.0833333333335
3301.8333333333335
3314.5
3332.0
3339.25
3337.0833333333335
3336.4583333333335
3343.0
3359.1666666666665
3367.5
3375.5833333333335
3329.875
3346.0
3338.75
3349.625
3303.125
3272.4166666666665
3288.125
3288.625
3303.5416666666665
3324.7916666666665
3325.9166666666665
3333.625
3355.4583333333335
3300.375
3297.5833333333335
3311.5
3318.4583333333335
3321.125
3305.875
3334.0833333333335
3338.4583333333335
3323.7916666666665
3302.2083333333335
3308.8333333333335
3298.9166666666665
3308.1666666666665
3330.625
3302.375
3299.625
3309.4583333333335
3276.375
3280.7083333333335
3289.0416666666665
3294.75
3285.2916666666665
3296.7083333333335
3305.875
3305.3333333333335
3306.4166666666665
3290.8333333333335
3231.0416666666665
3237.875
3242.75
3264.0833333333335
3261.8333333333335
3266.7916666666665
3251.0833333333335
3256.625
3256.7083333333335
3247.7083333333335
3237.0
3260.5
3280.9166666666665
3292.5
3292.5416666666665
3304.4166666666665
3286.7083333333335
3195.0416666666665
3219.875
3248.9166666666665
3262.7916666666665
3261.0
3263.8333333333335
3287.0416666666665
3297.5833333333335
3293.875
3310.1666666666665
3293.2916666666665
3289.4166666666665
3283.3333333333335
3319.25
3317.2916666666665
3316.7916666666665
3313.75
3293.2083333333335
3224.5833333333335
3236.7916666666665
3231.5833333333335
3224.25
3224.8333333333335
3239.875
3262.5416666666665
3269.4166666666665
3261.125
3264.4583333333335
3152.375
3142.0416666666665
3189.0416666666665
3211.9166666666665
3164.9583333333335
3117.2083333333335
3118.2083333333335
3130.125
3128.375
3154.5416666666665
3189.6666666666665
3181.4583333333335
3164.6666666666665
3162.5416666666665
3202.7083333333335
3211.4166666666665
3221.7916666666665
3208.2083333333335
3201.6666666666665
3193.3333333333335
3197.2916666666665
3182.8333333333335
3196.125
3208.125
3213.0833333333335
3218.0416666666665
3210.625
3204.6666666666665
3221.875
3208.4583333333335
3206.5416666666665
3214.9583333333335
3226.7083333333335
3236.6666666666665
3249.875
3239.875
3221.375
3226.9166666666665
3237.5
3257.5833333333335
3249.6666666666665
3248.7916666666665
3245.8333333333335
3236.2083333333335
3248.4166666666665
3259.375
3279.7916666666665
3287.5833333333335
3281.125
3278.25
3269.3333333333335
3219.2916666666665
3166.2083333333335
3177.6666666666665
3221.6666666666665
3253.625
3265.75
3275.375
3290.0833333333335
3296.7083333333335
3272.2916666666665
3274.6666666666665
3274.3333333333335
3290.5416666666665
3293.4583333333335
3279.875
3268.75
3283.0
3285.5833333333335
3286.5833333333335
3304.2916666666665
3313.5416666666665
3313.9166666666665
3286.625
3271.5
3287.0833333333335
3307.4583333333335
3310.7083333333335
3277.7916666666665
3243.5833333333335
3267.375
3281.125
3306.375
3304.375
3276.0833333333335
3254.5833333333335
3274.4583333333335
3228.2916666666665
3256.625
3221.8333333333335
3232.0833333333335
3228.4166666666665
3234.25
3254.75
3272.8333333333335
3258.75
3259.25
3274.5833333333335
3283.625
3291.0833333333335
3296.4166666666665
3299.5
3300.7916666666665
3298.9166666666665
3303.5833333333335
3300.75
3313.1666666666665
3322.2083333333335
3317.5416666666665
3299.2083333333335
3309.5416666666665
3319.125
3316.8333333333335
3321.2083333333335
3324.2083333333335
3318.7916666666665
3322.8333333333335
3327.5
3324.5
3330.2083333333335
3334.6666666666665
3283.8333333333335
3285.5833333333335
3267.5833333333335
3292.75
3310.5416666666665
3321.7083333333335
3307.6666666666665
3305.3333333333335
3298.1666666666665
3297.625
3295.125
3238.3333333333335
3218.875
3230.0416666666665
3227.8333333333335
3250.7916666666665
3260.5416666666665
3272.125
3278.5833333333335
3252.875
3257.4166666666665
3255.1666666666665
3276.5416666666665
3304.5
3317.5416666666665
3321.0
3316.0833333333335
3313.7083333333335
3314.5833333333335
3307.7916666666665
3325.25
3308.0833333333335
3305.125
3296.2083333333335
3294.5833333333335
3301.125
3289.0
3282.125
3282.625
3303.1666666666665
3312.1666666666665
3319.9583333333335
3323.7916666666665
3333.6666666666665
3335.0
3324.0416666666665
3322.375
3310.4166666666665
3309.0416666666665
3315.25
3327.3333333333335
3336.375
3339.9166666666665
3342.5833333333335
3343.7083333333335
3341.4166666666665
3336.0416666666665
3332.9583333333335
3342.5
3338.75
3336.3333333333335
3335.9583333333335
3333.9166666666665
3339.625
3314.1666666666665
3308.625
3306.5416666666665
3284.125
3295.4583333333335
3321.0833333333335
3333.2916666666665
3349.7916666666665
3364.8333333333335
3359.2083333333335
3339.6666666666665
3318.75
3309.5
3314.125
3323.2083333333335
3341.5416666666665
3360.7916666666665
3356.3333333333335
3353.0416666666665
3349.5416666666665
3352.7083333333335
3343.1666666666665
3349.5
3338.25
3344.4166666666665
3350.3333333333335
3341.625
3351.125
3344.7916666666665
3340.4583333333335
3360.25
3352.75
3335.625
3326.8333333333335
3325.625
3338.9166666666665
3334.0
3325.5833333333335
3317.5
3335.75
3338.875
3320.875
3322.375
3333.0416666666665
3343.5833333333335
3343.1666666666665
3336.5833333333335
3331.625
3341.4166666666665
3349.5
3349.1666666666665
3351.3333333333335
3350.0833333333335
3342.5
3344.875
3338.0416666666665
3352.4166666666665
3353.4166666666665
3299.5416666666665
3276.7916666666665
3226.6666666666665
3177.5833333333335
3159.5833333333335
3201.375
3235.5833333333335
3246.75
3258.7916666666665
3269.0833333333335
3269.4583333333335
3277.4166666666665
3288.5833333333335
3306.7916666666665
3319.0
3307.5833333333335
3306.1666666666665
3314.4166666666665
3330.2083333333335
3336.5416666666665
3343.625
3345.7083333333335
3330.0833333333335
3333.5833333333335
3320.9166666666665
3324.5
3306.125
3295.7916666666665
3294.375
3306.9583333333335
3226.75
3188.7916666666665
3236.7916666666665
3242.3333333333335
3249.4166666666665
3255.8333333333335
3264.0416666666665
3283.3333333333335
3288.4583333333335
3281.4166666666665
3272.2916666666665
3275.4583333333335
3298.7916666666665
3315.7916666666665
3318.375
3321.7916666666665
3292.125
3291.5416666666665
3297.4166666666665
3291.1666666666665
3292.6666666666665
3304.9583333333335
3277.0833333333335
3245.5416666666665
3250.9166666666665
3242.7916666666665
3253.0
3249.8333333333335
3254.0416666666665
3246.0416666666665
3251.375
3216.2083333333335
3174.5833333333335
3165.4166666666665
3141.0416666666665
3142.7916666666665
3130.4166666666665
3126.5
3135.5
3141.4166666666665
3147.2916666666665
3151.1666666666665
3123.5416666666665
3153.4583333333335
3169.5833333333335
3177.0416666666665
3189.2083333333335
3214.875
3202.0416666666665
3177.9166666666665
3177.75
3193.0
3204.0416666666665
3187.2083333333335
3165.25
3135.375
3156.5833333333335
3152.3333333333335
3170.0416666666665
3176.625
3207.7083333333335
3207.7083333333335
3221.5416666666665
3217.6666666666665
3210.6666666666665
3223.7083333333335
3228.6666666666665
3237.0416666666665
3249.875
3254.625
3199.75
3152.9583333333335
3180.0416666666665
3170.4583333333335
3196.125
3156.875
3208.6666666666665
3202.375
3206.5416666666665
3220.6666666666665
3219.375
3214.5416666666665
3206.4583333333335
3208.7916666666665
3207.5416666666665
3214.5416666666665
3205.8333333333335
3170.75
3182.125
3192.4583333333335
3132.9166666666665
3167.1666666666665
3179.4166666666665
3186.1666666666665
3210.375
3222.5
3236.375
3241.5
3238.75
3243.125
3239.9583333333335
3254.375
3268.4583333333335
3258.375
3259.875
3238.0416666666665
3229.5
3217.0416666666665
3219.9583333333335
3216.4166666666665
3226.9166666666665
3222.5833333333335
3224.3333333333335
3212.2608695652175
3214.0833333333335
3217.7916666666665
3222.0833333333335
3232.9583333333335
3228.5
3227.875
3225.2083333333335
3231.875
3247.0416666666665
3263.7083333333335
3265.5
3259.625
3258.0416666666665
3257.0
3254.0416666666665
3245.1666666666665
3240.25
3246.125
3201.9583333333335
3218.5416666666665
3219.125
3221.75
3230.0
3240.2916666666665
3222.7916666666665
3218.7916666666665
3210.0
3215.625
3193.125
3181.75
3194.0416666666665
3205.9166666666665
3224.7916666666665
3223.4583333333335
3237.375
3236.9166666666665
3240.5416666666665
3247.7916666666665
3261.125
3278.25
3275.2083333333335
3264.7083333333335
3259.7916666666665
3262.1666666666665
3263.2916666666665
3260.8333333333335
3273.5416666666665
3275.625
3283.0416666666665
3281.5416666666665
3286.875
3286.5416666666665
3283.0
3299.6666666666665
3297.4583333333335
3295.6666666666665
3287.625
3237.2083333333335
3242.375
3269.5416666666665
3279.5416666666665
3289.2083333333335
3289.7083333333335
3308.5416666666665
3291.9583333333335
3281.4583333333335
3307.125
3310.3333333333335
3300.5416666666665
3311.25
3278.875
3254.7916666666665
3263.2916666666665
3279.625
3277.5416666666665
3295.7916666666665
3319.4583333333335
3307.4166666666665
3321.375
3297.25
3300.4583333333335
3323.625
3326.9166666666665
3327.75
3314.6666666666665
3281.4166666666665
3260.5833333333335
3260.9583333333335
3278.625
3294.9583333333335
3300.4166666666665
3298.6666666666665
3277.0416666666665
3294.5416666666665
3300.5833333333335
3282.0416666666665
3263.6666666666665
3242.5833333333335
3234.1666666666665
3267.3333333333335
3259.0
3260.2083333333335
3279.8333333333335
3275.3333333333335
3283.2916666666665
3296.8333333333335
3298.6666666666665
3291.0
3293.0833333333335
3276.2916666666665
3301.0
3292.625
3284.4583333333335
3255.3333333333335
3267.4583333333335
3288.7083333333335
3296.3333333333335
3236.8333333333335
3232.0833333333335
3240.5416666666665
3242.9583333333335
3247.8333333333335
3237.0416666666665
3257.9583333333335
3222.9583333333335
3159.5
3194.4583333333335
3202.875
3238.5833333333335
3234.0416666666665
3217.4583333333335
3164.9583333333335
3209.8333333333335
3240.9166666666665
3260.9166666666665
3244.6666666666665
3244.4166666666665
3250.125
3237.2083333333335
3241.2083333333335
3271.7916666666665
3268.75
3272.25
3278.5416666666665
3276.4166666666665
3285.9166666666665
3282.5833333333335
3286.125
3281.125
3239.5
3234.0416666666665
3251.8333333333335
3258.5
3273.2083333333335
3306.25
3273.25
3270.3333333333335
3202.2083333333335
3179.5
3210.625
3229.75
3254.625
3266.7083333333335
3278.5416666666665
3281.2083333333335
3287.2083333333335
3279.7916666666665
3289.625
3275.4583333333335
3271.4166666666665
3262.8333333333335
3269.9583333333335
3252.0833333333335
3248.875
3246.3333333333335
3241.5416666666665
3230.4583333333335
3250.5833333333335
3249.7083333333335
3253.8333333333335
3257.4583333333335
3227.2083333333335
3182.3333333333335
3193.9166666666665
3212.7083333333335
3239.7083333333335
3241.2083333333335
3263.5416666666665
3261.0833333333335
3251.75
3239.6666666666665
3194.7083333333335
3210.4166666666665
3219.1666666666665
3169.1666666666665
3178.125
3188.0416666666665
3211.2083333333335
3157.1666666666665
3125.9583333333335
3143.125
3155.4583333333335
3168.125
3179.75
3194.25
3209.4166666666665
3138.0833333333335
3111.375
3119.125
3134.7083333333335
3169.5833333333335
3179.125
3198.375
3213.75
3232.6666666666665
3251.4166666666665
3262.7083333333335
3262.6666666666665
3244.8333333333335
3257.0
3226.6666666666665
3228.4583333333335
3239.1666666666665
3231.875
3255.8333333333335
3250.6666666666665
3241.125
3253.875
3250.375
3236.5833333333335
3255.4583333333335
3244.0
3220.5416666666665
3217.0
3211.5416666666665
3227.0
3253.125
3267.625
3264.913043478261
3258.875
3264.4166666666665
3260.0
3255.9166666666665
3218.8333333333335
3212.2083333333335
3206.2083333333335
3218.0
3215.3333333333335
3210.9166666666665
3231.9166666666665
3233.0833333333335
3242.4583333333335
3256.25
3278.75
3285.625
3229.875
3178.7916666666665
3192.375
3180.875
3186.4583333333335
3206.25
3201.75
3218.7916666666665
3224.5416666666665
3241.7916666666665
3262.3333333333335
3266.2916666666665
3260.6666666666665
3275.5
3290.75
3284.2083333333335
3262.2916666666665
3255.5416666666665
3258.375
3252.2083333333335
3266.4583333333335
3260.2916666666665
3257.5416666666665
3279.4166666666665
3294.1666666666665
3297.125
3294.8333333333335
3286.75
3259.3333333333335
3268.9166666666665
3277.1666666666665
3281.3333333333335
3279.5
3263.0833333333335
3250.4166666666665
3224.5833333333335
3216.4583333333335
3229.5416666666665
3227.125
3222.2916666666665
3225.7083333333335
3246.5833333333335
3237.8333333333335
3205.75
3226.8333333333335
3247.0
3250.875
3264.4166666666665
3272.4583333333335
3275.7916666666665
3267.2916666666665
3188.7916666666665
3194.875
3219.25
3236.9583333333335
3243.875
3250.6666666666665
3244.875
3240.5833333333335
3213.0833333333335
3208.2083333333335
3157.6666666666665
3130.5416666666665
3134.375
3147.0833333333335
3166.1666666666665
3175.3333333333335
3180.0
3180.2916666666665
3178.625
3184.6
3205.6315789473683
3194.4583333333335
3191.75
3198.4166666666665
3205.0416666666665
3215.6666666666665
3226.6666666666665
3233.0416666666665
3235.0833333333335
3241.5833333333335
3231.0833333333335
3219.5
3211.1666666666665
3207.6666666666665
3231.3333333333335
3226.7916666666665
3189.6666666666665
3170.5416666666665
3184.1666666666665
3198.1666666666665
3221.2916666666665
3230.5
3231.375
3237.9583333333335
3254.7916666666665
3268.0
3271.3333333333335
3273.5
3271.25
3257.75
3256.5
3266.4583333333335
3277.4583333333335
3285.1666666666665
3272.9166666666665
3266.5833333333335
3253.7916666666665
3251.6666666666665
3246.625
3257.5833333333335
3255.125
3249.9166666666665
3249.2916666666665
3259.2916666666665
3248.0
3226.0416666666665
3221.9583333333335
3246.8333333333335
3245.9583333333335
3259.0416666666665
3258.7083333333335
3256.875
3257.7916666666665
3256.5833333333335
3267.5
3282.5
3284.625
3294.0833333333335
3302.2916666666665
3302.875
3324.0
3285.235294117647
3110.6153846153848
3273.375
3271.2083333333335
3267.8333333333335
3275.0416666666665
3284.0833333333335
3301.75
3268.9166666666665
3227.7916666666665
3182.4166666666665
3179.0416666666665
3180.25
3187.9166666666665
3185.3333333333335
3133.75
3064.9166666666665
3105.125
3165.375
3196.125
3230.9583333333335
3208.9166666666665
3263.25
3293.625
3320.25
3340.4166666666665
3333.4166666666665
3322.625
3278.625
3269.125
3256.0
3242.6666666666665
3231.25
3204.1666666666665
3197.6666666666665
3204.375
3213.9583333333335
3195.4583333333335
3204.3333333333335
3201.3333333333335
3204.4583333333335
3212.625
3232.3333333333335
3221.1666666666665
3236.0416666666665
3246.375
3236.5
3225.375
3262.5416666666665
3298.4583333333335
3322.5
3333.9583333333335
3328.375
3291.7083333333335
3252.2916666666665
3232.8333333333335
3239.3333333333335
3228.2083333333335
3218.0416666666665
3219.0416666666665
3201.5
3185.75
3201.5416666666665
3221.6666666666665
3213.2083333333335
3197.5833333333335
3185.0
3177.875
3154.4166666666665
3142.1666666666665
3136.875
3165.1666666666665
3172.375
3177.5
3114.4166666666665
3141.6666666666665
3153.1666666666665
3203.3333333333335
3240.625
3241.0416666666665
3248.3333333333335
3264.2083333333335
3312.0416666666665
3336.375
3345.0
3334.625
3293.25
3274.4166666666665
3247.5416666666665
3248.125
3250.5833333333335
3269.25
3270.375
3258.5833333333335
3233.2916666666665
3185.1666666666665
3145.5416666666665
3135.625
3115.3333333333335
3098.875
3094.4166666666665
3118.375
3135.0416666666665
3143.5
3152.277777777778
3199.125
3201.125
3193.625
3261.9166666666665
3283.4166666666665
3322.4583333333335
3315.625
3306.375
3297.75
3276.9583333333335
3098.4166666666665
3055.75
3042.7083333333335
3071.1666666666665
3089.8333333333335
3101.0
3112.6666666666665
3119.625
3110.8333333333335
3110.625
3233.25
3246.875
3265.625
3273.1666666666665
3292.3333333333335
3305.75
3287.0
3313.75
3323.8333333333335
3369.4166666666665
3384.5
3391.8333333333335
3414.875
3436.1666666666665
3438.4166666666665
3420.4166666666665
3399.7916666666665
3378.625
3381.3333333333335
3392.5
3362.9166666666665
3345.5416666666665
3354.3333333333335
3341.9583333333335
3351.9166666666665
3321.0833333333335
3329.9583333333335
3332.0833333333335
3304.5416666666665
3295.3333333333335
3300.8333333333335
3287.3333333333335
3273.3333333333335
3293.75
3299.1666666666665
3315.1666666666665
3326.125
3329.9583333333335
3323.25
3342.0833333333335
3364.75
3391.0416666666665
3393.0
3410.6666666666665
3395.25
3392.2916666666665
3382.4166666666665
3342.5
3334.5
3346.7083333333335
3357.9583333333335
3320.375
3145.5833333333335
3326.5833333333335
3347.1666666666665
3336.6666666666665
3348.4166666666665
3348.7083333333335
3348.7916666666665
3340.4166666666665
3282.9166666666665
3301.2916666666665
3285.875
3291.25
3302.0
3321.4583333333335
3335.7916666666665
3332.375
3328.9166666666665
3309.9166666666665
3285.2083333333335
3295.5
3278.8333333333335
3301.8333333333335
3296.2916666666665
3210.1666666666665
3210.0416666666665
3233.25
3238.25
3233.8333333333335
3246.75
3256.2916666666665
3268.2916666666665
3292.6666666666665
3284.0833333333335
3275.6666666666665
3299.375
3293.75
3282.8333333333335
3289.5416666666665
3244.3333333333335
3270.1666666666665
3262.5416666666665
3295.6666666666665
3324.375
3327.5
3319.5
3326.7083333333335
3323.1666666666665
3268.5416666666665
3276.625
3287.875
3288.1666666666665
3292.375
3302.2083333333335
3316.4583333333335
3293.5833333333335
3297.3333333333335
3316.1666666666665
3317.7916666666665
3326.25
3318.125
3325.5
3326.0833333333335
3327.625
3328.375
3342.625
3355.5833333333335
3365.4166666666665
3360.3333333333335
3348.4166666666665
3346.2916666666665
3344.25
3341.7083333333335
3324.0833333333335
3264.2083333333335
3249.9166666666665
3276.2916666666665
3291.2083333333335
3292.8333333333335
3300.2083333333335
3316.7083333333335
3336.4166666666665
3357.7916666666665
3357.2916666666665
3366.2083333333335
3360.8333333333335
3356.375
3335.3333333333335
3351.2916666666665
3352.125
3362.125
3358.8333333333335
3373.0416666666665
3377.0416666666665
3396.4166666666665
3403.75
3406.1666666666665
3401.8333333333335
3392.9166666666665
3390.2083333333335
3361.7083333333335
3370.7083333333335
3375.0416666666665
3379.2916666666665
3381.75
3382.8333333333335
3397.8333333333335
3381.625
3378.1666666666665
3398.4583333333335
3411.7916666666665
3406.7083333333335
3394.875
3376.5
3335.35
3336.5
3358.4583333333335
3347.0416666666665
3372.3333333333335
3381.25
3371.4166666666665
3337.4166666666665
3159.75
3190.2916666666665
3126.4583333333335
3171.125
3197.5
3232.5833333333335
3274.1666666666665
3318.625
3340.3333333333335
3359.0416666666665
3364.1666666666665
3373.4583333333335
3361.9583333333335
3362.1666666666665
3359.4166666666665
3375.0833333333335
3380.0416666666665
3393.1666666666665
3391.625
3376.7916666666665
3326.9166666666665
3332.4583333333335
3348.7083333333335
3350.625
3350.0416666666665
3350.9166666666665
3365.5416666666665
3374.2083333333335
3373.5
3380.9166666666665
3399.8333333333335
3399.0
3400.3333333333335
3390.3333333333335
3377.4166666666665
3392.9166666666665
3409.0
3413.75
3413.0416666666665
3409.5416666666665
3416.9166666666665
3415.5
3410.75
3429.6666666666665
3433.5833333333335
3410.2916666666665
3406.1666666666665
3398.4166666666665
3392.4166666666665
3342.875
3329.9583333333335
3366.6666666666665
3368.9166666666665
3328.25
3328.375
3343.8333333333335
3364.125
3389.9166666666665
3377.75
3386.625
3392.9583333333335
3401.625
3408.0416666666665
3423.3333333333335
3362.25
3362.3333333333335
3382.5416666666665
3387.875
3401.5
3397.75
3408.1666666666665
3422.3333333333335
3420.3333333333335
3426.4583333333335
3404.625
3400.0
3391.875
3330.9583333333335
3348.875
3351.5833333333335
3341.5833333333335
3326.0
3340.75
3346.2916666666665
3357.4166666666665
3366.1666666666665
3371.7916666666665
3383.0
3412.0833333333335
3408.5
3414.9166666666665
3394.7916666666665
3396.8333333333335
3389.0416666666665
3389.9166666666665
3395.4166666666665
3397.9583333333335
3393.625
3396.5833333333335
3390.3333333333335
3408.375
3393.0833333333335
3373.0
3381.7083333333335
3376.375
3375.2083333333335
3374.5416666666665
3387.375
3388.0
3403.5416666666665
3391.375
3385.6666666666665
3377.5
3385.2916666666665
3382.9583333333335
3379.3333333333335
3401.7916666666665
3430.5833333333335
3420.25
3414.7916666666665
3423.8333333333335
3419.5416666666665
3418.4583333333335
3415.0833333333335
3395.0
3380.8333333333335
3398.9583333333335
3392.375
3398.875
3420.9583333333335
3413.125
3410.375
3418.625
3440.0833333333335
3392.1666666666665
3393.0833333333335
3389.0416666666665
3340.5833333333335
3363.1666666666665
3375.7083333333335
3338.5833333333335
3343.4166666666665
3352.375
3373.2916666666665
3394.9166666666665
3395.7083333333335
3391.9583333333335
3414.9166666666665
3418.9583333333335
3391.0
3390.625
3402.75
3420.25
3446.6666666666665
3465.2916666666665
3477.9166666666665
3462.25
3438.7083333333335
3431.0416666666665
3444.75
3465.2083333333335
3458.125
3451.375
3452.0833333333335
3436.5
3422.9166666666665
3401.2083333333335
3389.1666666666665
3402.2083333333335
3404.1666666666665
3407.2083333333335
3403.25
3396.8333333333335
3399.625
3421.625
3405.9166666666665
3416.25
3411.0
3431.875
3464.5
3409.5833333333335
3424.875
3428.75
3437.9166666666665
3430.4347826086955
3432.85
3447.3125
3439.6666666666665
3459.9166666666665
3469.7916666666665
3477.125
3398.0
3406.0
3432.125
3438.4583333333335
3464.5
3465.2083333333335
3469.125
3472.5
3481.5416666666665
3476.875
3473.5833333333335
3483.6666666666665
3474.0526315789475
3477.5714285714284
3474.9166666666665
3473.7083333333335
3487.4583333333335
3476.5
3480.1666666666665
3474.125
3462.375
3463.5416666666665
3463.4583333333335
3480.1666666666665
3515.875
3538.625
3537.4583333333335
3525.75
3507.0
3516.4583333333335
3515.2083333333335
3511.8333333333335
3516.625
3513.0416666666665
3528.8333333333335
3479.9583333333335
3477.8333333333335
3492.0
3509.8333333333335
3529.7083333333335
3518.2083333333335
3509.2916666666665
3554.9583333333335
3541.4583333333335
3509.0
3517.375
3490.625
3479.5833333333335
3517.1666666666665
3514.4166666666665
3501.5
3503.875
3514.2916666666665
3523.7083333333335
3525.0416666666665
3530.7916666666665
3547.8333333333335
3537.9583333333335
3519.5
3486.4166666666665
3485.8333333333335
3491.4166666666665
3530.0416666666665
3546.75
3536.5
3553.1666666666665
3544.1666666666665
3510.7916666666665
3502.2083333333335
3508.3333333333335
3524.8333333333335
3518.9166666666665
3502.2083333333335
3497.375
3498.5833333333335
3494.625
3481.4166666666665
3483.0416666666665
3508.9166666666665
3504.875
3514.7916666666665
3521.4166666666665
3514.5
3495.7916666666665
3475.8333333333335
3466.75
3469.8333333333335
3459.5416666666665
3494.0
3502.7916666666665
3504.5833333333335
3508.4583333333335
3512.4583333333335
3552.9583333333335
3550.75
3542.0833333333335
3548.6666666666665
3542.2916666666665
3542.0416666666665
3542.4583333333335
3550.7916666666665
3540.7916666666665
3496.625
3493.7916666666665
3496.3333333333335
3466.2916666666665
3452.375
3473.75
3494.9166666666665
3502.0416666666665
3487.9583333333335
3492.2083333333335
3465.7083333333335
3441.2083333333335
3443.8333333333335
3468.625
3468.75
3472.0
3491.5833333333335
3508.625
3520.3333333333335
3532.7916666666665
3512.7083333333335
3510.9583333333335
3503.7916666666665
3511.5
3525.5416666666665
3532.875
3508.875
3497.5
3491.9166666666665
3500.8333333333335
3517.75
3520.7916666666665
3531.2916666666665
3545.7083333333335
3529.7083333333335
3520.375
3492.3333333333335
3484.2916666666665
3480.7916666666665
3448.7083333333335
3454.5833333333335
3479.2916666666665
3501.1666666666665
3503.9166666666665
3512.5833333333335
3524.75
3517.25
3504.6666666666665
3513.7916666666665
3507.5
3521.3333333333335
3531.4166666666665
3546.7083333333335
3551.9583333333335
3553.5833333333335
3547.4166666666665
3538.0416666666665
3538.3333333333335
3552.5
3553.625
3564.25
3547.75
3535.0833333333335
3523.3333333333335
3482.0833333333335
3454.5416666666665
3441.125
3451.1666666666665
3460.8333333333335
3480.0416666666665
3504.4583333333335
3524.1666666666665
3537.9583333333335
3487.7083333333335
3484.6666666666665
3485.4166666666665
3489.125
3491.7916666666665
3494.8333333333335
3509.75
3525.25
3517.0
3520.9583333333335
3528.1666666666665
3523.4166666666665
3534.6666666666665
3552.9583333333335
3554.2083333333335
3514.9166666666665
3499.3333333333335
3482.375
3478.0416666666665
3462.5
3435.7083333333335
3440.9583333333335
3451.4166666666665
3465.4166666666665
3485.4583333333335
3497.4166666666665
3518.3333333333335
3465.625
3452.875
3467.875
3497.7916666666665
3498.7083333333335
3493.5416666666665
3501.4583333333335
3513.375
3527.9166666666665
3526.5
3536.5416666666665
3542.0416666666665
3552.4166666666665
3556.4166666666665
3514.3333333333335
3514.75
3526.25
3506.75
3503.75
3504.125
3491.7083333333335
3471.75
3478.6666666666665
3490.782608695652
3512.2916666666665
3531.6666666666665
3548.3333333333335
3541.2916666666665
3537.2083333333335
3528.2916666666665
3516.5
3517.2083333333335
3482.25
3503.2083333333335
3535.1666666666665
3513.1666666666665
3516.9583333333335
3529.0416666666665
3543.875
3557.4166666666665
3567.25
3572.7083333333335
3548.0833333333335
3524.9583333333335
3513.375
3496.0
3493.3333333333335
3496.0416666666665
3505.625
3508.3333333333335
3494.1666666666665
3499.375
3529.0416666666665
3553.1666666666665
3555.7083333333335
3551.4583333333335
3559.9583333333335
3576.75
3567.4166666666665
3558.875
3527.625
3527.75
3524.375
3524.3333333333335
3526.3333333333335
3519.5
3519.1666666666665
3560.7083333333335
3568.9166666666665
3548.7916666666665
3523.3333333333335
3506.2916666666665
3502.5833333333335
3514.375
3528.6666666666665
3527.125
3538.8333333333335
3549.2916666666665
3558.5
3568.125
3584.8333333333335
3603.4166666666665
3604.375
3607.2916666666665
3573.5833333333335
3555.1666666666665
3593.9583333333335
3547.6666666666665
3549.5
3534.875
3537.2916666666665
3537.125
3551.375
3566.125
3600.625
3593.5833333333335
3577.7083333333335
3574.2916666666665
3544.125
3529.625
3529.7916666666665
3527.7083333333335
3527.0833333333335
3549.5416666666665
3567.8333333333335
3557.9166666666665
3546.7083333333335
3561.3333333333335
3589.4166666666665
3606.5833333333335
3616.1666666666665
3615.0
3598.7916666666665
3604.3333333333335
3594.5833333333335
3600.625
3572.2083333333335
3572.4583333333335
3575.875
3585.375
3592.3333333333335
3603.1666666666665
3605.9583333333335
3635.0
3629.7916666666665
3585.0
3537.4583333333335
3536.8333333333335
3533.5416666666665
3539.9583333333335
3547.2083333333335
3546.3333333333335
3547.0
3556.625
3563.8333333333335
3579.9166666666665
3601.75
3616.875
3604.9166666666665
3608.25
3611.0
3620.1666666666665
3607.9166666666665
3589.9166666666665
3576.2916666666665
3567.2083333333335
3585.3333333333335
3605.0
3621.7916666666665
3621.5416666666665
3610.9166666666665
3597.2916666666665
3583.9583333333335
3575.375
3561.375
3566.5416666666665
3563.4583333333335
3536.6666666666665
3533.5833333333335
3536.9166666666665
3546.0
3575.125
3592.7083333333335
3614.1666666666665
3621.1666666666665
3602.2916666666665
3597.5416666666665
3600.25
3600.2916666666665
3600.4166666666665
3583.5416666666665
3589.9583333333335
3598.6666666666665
3607.2916666666665
3597.2916666666665
3606.375
3605.1666666666665
3615.25
3613.25
3616.3333333333335
3613.0
3598.1666666666665
3597.25
3608.5416666666665
3589.625
3588.2083333333335
3596.625
3602.1666666666665
3625.7083333333335
3622.8333333333335
3606.2916666666665
3614.25
3629.875
3628.8333333333335
3641.875
3625.5833333333335
3620.7916666666665
3611.3333333333335
3603.4166666666665
3606.9166666666665
3603.5
3610.375
3617.375
3624.75
3622.2083333333335
3620.5833333333335
3614.8333333333335
3614.6666666666665
3624.5416666666665
3621.3333333333335
3633.7916666666665
3645.4583333333335
3633.5833333333335
3621.1666666666665
3616.4166666666665
3614.0833333333335
3623.9583333333335
3623.7083333333335
3620.5
3597.9583333333335
3609.125
3622.125
3625.75
3633.3333333333335
3612.625
3611.875
3619.4166666666665
3624.1666666666665
3627.7916666666665
3618.5833333333335
3615.375
3613.9583333333335
3630.0
3633.75
3647.2083333333335
3638.2916666666665
3634.0416666666665
3568.0416666666665
3549.375
3545.6666666666665
3576.75
3624.75
3671.8333333333335
3803.25
3778.9583333333335
3769.2916666666665
3785.5
3733.2916666666665
3740.3333333333335
3768.3333333333335
3775.7083333333335
3756.0
3601.8333333333335
3594.2083333333335
3582.0416666666665
3580.875
3569.5833333333335
3561.7083333333335
3573.8260869565215
3552.125
3564.2916666666665
3589.75
3598.3333333333335
3599.4583333333335
3581.625
3591.2083333333335
3600.4166666666665
3614.9583333333335
3625.5416666666665
3628.0
3633.6666666666665
3640.7083333333335
3648.0
3633.7916666666665
3592.8333333333335
3568.8333333333335
3545.5
3539.4
3579.190476190476
3542.1428571428573
3539.9583333333335
3537.1666666666665
3535.7916666666665
3540.5
3559.125
3551.6666666666665
3546.875
3549.9583333333335
3557.8333333333335
3550.625
3567.7083333333335
3583.0
3588.0
3585.6666666666665
3505.5
3568.75
3588.5416666666665
3592.1666666666665
3603.2083333333335
3601.75
3580.9166666666665
3581.2916666666665
3583.4583333333335
3586.7916666666665
3587.125
3583.4583333333335
3574.3333333333335
3581.2083333333335
3578.3333333333335
3577.75
3575.7083333333335
3569.25
3538.2916666666665
3535.0833333333335
3541.8333333333335
3539.5
3551.0416666666665
3565.2083333333335
3565.875
3567.2083333333335
3561.7916666666665
3559.25
3577.0
3592.2916666666665
3590.8333333333335
3598.0833333333335
3601.5
3622.0833333333335
3610.0416666666665
3608.0416666666665
3615.0416666666665
3606.875
3578.7083333333335
3577.8333333333335
3574.0
3589.125
3582.0
3592.375
3566.5833333333335
3568.2916666666665
3557.9583333333335
3541.125
3536.2083333333335
3543.2916666666665
3539.9166666666665
3544.5416666666665
3545.75
3555.5833333333335
3557.8333333333335
3549.9166666666665
3562.6666666666665
3568.2083333333335
3586.25
3610.4583333333335
3625.625
3635.625
3582.9583333333335
3540.5
3562.7916666666665
3601.4166666666665
3610.7083333333335
3605.9583333333335
3588.7083333333335
3565.625
3556.909090909091
3552.0
3560.7916666666665
3557.0833333333335
3551.9166666666665
3557.4166666666665
3555.4583333333335
3556.9583333333335
3533.7083333333335
3494.5833333333335
3506.8333333333335
3506.0416666666665
3541.8333333333335
3549.7083333333335
3553.0
3566.125
3584.6666666666665
3599.9166666666665
3600.875
3579.0
3575.6470588235293
3579.9166666666665
3557.2083333333335
3571.375
3568.375
3539.3333333333335
3532.125
3519.5
3512.6666666666665
3513.75
3523.75
3539.875
3527.0833333333335
3560.7083333333335
3570.125
3577.1666666666665
3577.0
3634.4166666666665
3565.6666666666665
3575.4583333333335
3565.3333333333335
3578.7083333333335
3580.2916666666665
3570.2083333333335
3574.2916666666665
3564.0833333333335
3425.75
3496.75
3554.0833333333335
3564.6666666666665
3577.2916666666665
3525.0833333333335
3523.625
3492.25
3503.2916666666665
3517.9166666666665
3526.625
3519.8333333333335
3510.7916666666665
3524.3333333333335
3532.8333333333335
3534.2916666666665
3525.8333333333335
3507.3333333333335
3498.7916666666665
3505.375
3504.625
3512.875
3531.5833333333335
3534.5833333333335
3537.1666666666665
3551.5
3555.6666666666665
3535.875
3538.9583333333335
3521.2916666666665
3508.375
3515.125
3523.0416666666665
3529.375
3532.875
3528.0833333333335
3522.7083333333335
3534.9583333333335
3539.5
3569.3333333333335
3574.2083333333335
3597.875
3585.4166666666665
3580.9166666666665
3553.25
3533.125
3537.7916666666665
3549.25
3585.125
3573.375
3567.8333333333335
3573.1666666666665
3597.0
3602.4166666666665
3610.3333333333335
3569.8333333333335
3564.125
3571.0416666666665
3560.125
3568.6666666666665
3586.75
3585.5416666666665
3576.4166666666665
3561.9166666666665
3568.5416666666665
3568.7916666666665
3575.7083333333335
3571.0
3578.125
3580.375
3595.0416666666665
3608.7083333333335
3612.875
3624.875
3618.5
3627.8333333333335
3653.7083333333335
3664.2916666666665
3642.375
3646.7083333333335
3626.125
3608.6666666666665
3599.25
3567.5
3571.3333333333335
3578.9583333333335
3592.4166666666665
3600.3333333333335
3592.8333333333335
3589.6666666666665
3586.9583333333335
3596.7083333333335
3595.625
3590.9583333333335
3601.6666666666665
3626.0833333333335
3626.0
3614.9583333333335
3609.625
3595.9166666666665
3599.2916666666665
3614.0
3618.8333333333335
3630.0833333333335
3638.5
3638.0416666666665
3640.5
3627.75
3635.75
3623.6666666666665
3618.25
3600.875
3602.0416666666665
3605.0
3602.125
3549.375
3549.7083333333335
3546.9583333333335
3556.6666666666665
3568.8333333333335
3577.4583333333335
3579.9583333333335
3557.0833333333335
3544.0833333333335
3543.5833333333335
3543.8333333333335
3546.375
3571.1666666666665
3582.1666666666665
3592.8333333333335
3587.75
3595.375
3610.5833333333335
3607.0
3596.6666666666665
3586.9166666666665
3573.2083333333335
3585.1666666666665
3595.5833333333335
3590.3333333333335
3561.8333333333335
3552.5416666666665
3542.25
3543.5833333333335
3551.875
3560.8333333333335
3540.0833333333335
3550.4583333333335
3557.125
3567.5416666666665
3555.3478260869565
3562.75
3560.5416666666665
3575.0833333333335
3580.2083333333335
3573.6666666666665
3575.1666666666665
3577.5833333333335
3598.5833333333335
3595.5416666666665
3604.2916666666665
3595.0416666666665
3581.4166666666665
3574.3333333333335
3591.4583333333335
3587.4166666666665
3582.3333333333335
3583.25
3553.6666666666665
3548.0416666666665
3532.9583333333335
3538.9583333333335
3552.7916666666665
3555.875
3556.125
3562.9166666666665
3569.5
3560.0833333333335
3559.3333333333335
3556.3333333333335
3531.7083333333335
3534.875
3545.3333333333335
3572.75
3571.2916666666665
3573.6666666666665
3588.125
3605.875
3608.2916666666665
3602.4166666666665
3576.0
3584.6666666666665
3591.7083333333335
3611.4166666666665
3617.9583333333335
3596.75
3559.25
3555.4583333333335
3562.6666666666665
3592.125
3595.2916666666665
3592.3333333333335
3586.2083333333335
3589.5
3571.5833333333335
3567.3333333333335
3564.8333333333335
3573.2916666666665
3565.0833333333335
3583.0833333333335
3579.5
3587.2083333333335
3609.375
3609.5416666666665
3607.1666666666665
3611.4583333333335
3606.7894736842104
3606.5416666666665
3612.4166666666665
3629.125
3631.9583333333335
3633.2083333333335
3615.875
3619.7083333333335
3590.8333333333335
3575.8333333333335
3567.7083333333335
3567.7916666666665
3561.9583333333335
3569.6666666666665
3571.7083333333335
3564.4166666666665
3562.2916666666665
3573.7916666666665
3578.75
3590.1
3590.5416666666665
3590.0416666666665
3587.0
3607.6666666666665
3611.375
3606.8333333333335
3602.5833333333335
3604.4583333333335
3600.1666666666665
3595.0833333333335
3596.9583333333335
3595.0833333333335
3594.35
3605.0416666666665
3596.75
3589.0
3581.375
3580.5833333333335
3580.2083333333335
3586.3333333333335
3570.9583333333335
3552.8333333333335
3562.4583333333335
3564.5
3570.2916666666665
3564.8333333333335
3569.1666666666665
3566.5833333333335
3578.75
3585.5
3594.8333333333335
3582.0
3585.6666666666665
3599.875
3606.6666666666665
3611.375
3609.6666666666665
3612.6666666666665
3621.9166666666665
3624.4583333333335
3630.0
3611.25
3609.9583333333335
3609.6666666666665
3616.125
3601.7083333333335
3572.1666666666665
3568.125
3579.75
3594.8333333333335
3608.7083333333335
3602.4583333333335
3571.9583333333335
3579.0833333333335
3587.0416666666665
3572.4166666666665
3561.7916666666665
3572.9166666666665
3574.7916666666665
3585.0416666666665
3587.125
3583.6666666666665
3585.5416666666665
3592.5416666666665
3591.9583333333335
3607.375
3618.75
3621.7083333333335
3628.625
3604.0
3599.3333333333335
3592.8333333333335
3601.75
3600.0
3600.625
3583.9166666666665
3599.7083333333335
3612.25
3609.2916666666665
3597.7916666666665
3577.0833333333335
3586.875
3589.25
3598.5416666666665
3597.8333333333335
3590.7916666666665
3589.3333333333335
3600.625
3578.2083333333335
3578.9583333333335
3594.8333333333335
3584.1666666666665
3578.5833333333335
3583.875
3599.6666666666665
3594.4583333333335
3590.7916666666665
3600.6666666666665
3595.9583333333335
3591.125
3584.875
3586.125
3594.2916666666665
3607.6666666666665
3619.5416666666665
3602.5833333333335
3587.2083333333335
3578.75
3560.3333333333335
3587.125
3584.4166666666665
3585.4166666666665
3592.5
3592.25
3574.5416666666665
3610.7083333333335
3582.3333333333335
3583.2916666666665
3590.9166666666665
3597.25
3591.9166666666665
3592.375
3594.2083333333335
3594.0
3601.875
3606.2916666666665
3605.5833333333335
3596.375
3590.875
3592.9583333333335
3597.2083333333335
3593.5833333333335
3573.0
3588.8333333333335
3584.7916666666665
3589.2916666666665
3601.2916666666665
3606.3333333333335
3590.875
3598.9583333333335
3589.4166666666665
3589.1666666666665
3588.375
3580.4583333333335
3575.4166666666665
3582.9166666666665
3584.5416666666665
3594.3333333333335
3600.125
3603.9583333333335
3603.9583333333335
3601.2916666666665
3599.9583333333335
3605.5
3601.7083333333335
3605.0
3616.125
3593.2083333333335
3582.9583333333335
3587.5
3595.875
3598.2083333333335
3604.25
3603.4583333333335
3596.375
3585.25
3591.9583333333335
3587.4583333333335
3593.3333333333335
3591.75
3596.75
3585.6666666666665
3587.2083333333335
3593.625
3596.25
3612.625
3610.2916666666665
3600.5
3605.625
3606.75
3604.7916666666665
3599.3333333333335
3622.2916666666665
3621.8333333333335
3631.7083333333335
3631.3333333333335
3612.625
3601.1666666666665
3610.4583333333335
3602.6666666666665
3604.0833333333335
3600.5833333333335
3598.7916666666665
3586.25
3571.1666666666665
3580.5416666666665
3573.625
3579.2083333333335
3596.0833333333335
3589.4166666666665
3585.5
3600.1666666666665
3605.875
3617.0
3614.25
3615.6666666666665
3619.1666666666665
3628.2916666666665
3617.125
3623.4166666666665
3623.25
3631.7916666666665
3623.8333333333335
3618.2083333333335
3619.4166666666665
3618.2083333333335
3615.2916666666665
3609.6666666666665
3607.125
3599.375
3573.0416666666665
3585.7916666666665
3589.125
3594.3333333333335
3592.625
3598.0416666666665
3585.3333333333335
3603.9166666666665
3603.7916666666665
3612.25
3614.0416666666665
3604.9583333333335
3615.5416666666665
3633.0833333333335
3628.3333333333335
3632.5833333333335
3632.4166666666665
3618.5
3617.875
3611.0416666666665
3612.6666666666665
3617.3333333333335
3605.8333333333335
3598.25
3606.0416666666665
3618.1666666666665
3621.6666666666665
3634.4583333333335
3601.2083333333335
3594.8333333333335
3579.6666666666665
3589.5833333333335
3603.2083333333335
3584.4166666666665
3586.2916666666665
3570.625
3572.4166666666665
3579.4583333333335
3581.8333333333335
3600.2083333333335
3597.7916666666665
3618.0833333333335
3643.125
3645.375
3637.5416666666665
3633.625
3634.2916666666665
3622.5833333333335
3626.1666666666665
3618.25
3618.6666666666665
3623.875
3624.5
3628.875
3611.4166666666665
3592.375
3604.75
3552.2916666666665
3608.0416666666665
3602.5416666666665
3596.875
3585.5
3594.9166666666665
3591.75
3571.125
3540.0416666666665
3601.8333333333335
3608.875
3611.75
3617.5833333333335
3615.0
3611.5
3622.875
3618.7083333333335
3585.4166666666665
3619.0833333333335
3620.0416666666665
3624.0416666666665
3657.875
3646.6666666666665
3643.6666666666665
3623.5
3596.4166666666665
3601.5
3612.875
3595.5416666666665
3632.2916666666665
3626.2083333333335
3622.2083333333335
3637.125
3558.133333333333
3238.0
3541.230769230769
3625.125
3609.75
3600.0
3597.0833333333335
3601.2916666666665
3609.7916666666665
3574.9473684210525
3413.923076923077
3625.375
3621.2083333333335
3655.7083333333335
3643.5833333333335
3648.75
3644.0833333333335
3639.25
3636.5416666666665
3614.9583333333335
3600.2083333333335
3603.25
3607.3333333333335
3617.25
3621.9166666666665
3623.5416666666665
3617.9166666666665
3620.0
3624.0833333333335
3631.375
3625.75
3629.125
3629.4583333333335
3615.25
3604.5416666666665
3597.75
3603.4583333333335
3623.8333333333335
3620.375
3619.75
3627.25
3638.375
3632.25
3624.5
3611.7083333333335
3612.6666666666665
3619.3333333333335
3613.625
3622.0
3626.0
3615.7916666666665
3610.1666666666665
3607.125
3597.2083333333335
3587.5416666666665
3583.5833333333335
3583.4583333333335
3587.6666666666665
3592.4583333333335
3577.0416666666665
3568.0
3561.375
3555.4166666666665
3542.8333333333335
3537.5
3553.8333333333335
3575.9583333333335
3566.3333333333335
3544.5
3530.875
3541.8333333333335
3550.0
3561.5416666666665
3582.625
3595.3333333333335
3583.6666666666665
3581.8333333333335
3588.0
3591.875
3619.0434782608695
3593.625
3593.2083333333335
3585.3333333333335
3594.0416666666665
3600.5833333333335
3598.5416666666665
3604.9583333333335
3610.8333333333335
3601.8333333333335
3587.7916666666665
3596.2083333333335
3603.0
3614.0
3556.0
3604.2083333333335
3614.7916666666665
3587.625
3583.375
3588.125
3585.3333333333335
3586.75
3588.3333333333335
3594.5
3597.2083333333335
3595.9166666666665
3609.375
3617.0
3524.8695652173915
3407.4210526315787
3609.9583333333335
3604.75
3596.4583333333335
3589.7916666666665
3593.0
3601.75
3595.8333333333335
3595.5
3600.2916666666665
3591.5
3597.4166666666665
3620.7083333333335
3606.7083333333335
3585.9166666666665
3579.9583333333335
3577.4166666666665
3592.7083333333335
3583.125
3584.6666666666665
3588.3333333333335
3587.6666666666665
3581.4166666666665
3578.5833333333335
3592.0
3593.0416666666665
3603.2083333333335
3611.875
3606.5833333333335
3615.3333333333335
3602.875
3600.4583333333335
3550.866666666667
3153.2
3282.285714285714
3603.0
3595.375
3583.5416666666665
3589.7916666666665
3599.1666666666665
3601.5833333333335
3598.5833333333335
3594.6666666666665
3597.2916666666665
3602.5416666666665
3592.4583333333335
3589.0833333333335
3600.875
3589.6666666666665
3580.0833333333335
3576.478260869565
3582.2083333333335
3587.25
3581.6666666666665
3584.9166666666665
3596.3333333333335
3583.3333333333335
3584.2083333333335
3598.0416666666665
3597.25
3605.8333333333335
3621.125
3616.1666666666665
3612.2083333333335
3597.8333333333335
3607.7916666666665
3602.9583333333335
3599.5833333333335
3626.9166666666665
3584.55
3451.714285714286
3625.6666666666665
3630.4166666666665
3633.0
3649.6666666666665
3642.625
3646.7083333333335
3637.4583333333335
3640.0833333333335
3629.4166666666665
3628.5833333333335
3629.75
3619.125
3626.9583333333335
3624.8333333333335
3640.5
3648.5
3654.2083333333335
3649.5833333333335
3643.9583333333335
3632.2916666666665
3648.6666666666665
3653.5833333333335
3650.1666666666665
3647.7083333333335
3642.0416666666665
3635.9166666666665
3644.125
3644.7916666666665
3634.375
3617.0416666666665
3618.125
3632.7916666666665
3633.0
3621.125
3630.1666666666665
3642.5833333333335
3640.8333333333335
3658.625
3653.4166666666665
3635.0
3627.625
3636.5238095238096
3658.3333333333335
3643.7
3629.375
3642.2916666666665
3630.818181818182
3634.3333333333335
3626.75
3621.1111111111113
