3665.90188172043
3678.0883152173915
3696.438988095238
3693.8239247311826
3706.920833333333
3697.0
3691.6055555555554
3692.981560283688
3678.1762114537446
3693.0208333333335
3706.1989247311826
3710.436111111111
3717.6344086021504
3715.1747311827958
3638.8645833333335
3644.9206989247314
3600.5333333333333
3602.4260752688174
3586.2155771905423
3547.668596237337
3533.3924731182797
3533.9861111111113
3546.2594086021504
3530.4625
3536.7043010752686
3537.162634408602
3540.690476190476
3506.5860215053763
3435.998611111111
3473.918010752688
3394.6009174311926
3419.7997311827958
3430.3454301075267
3421.526388888889
3413.1975806451615
3451.1180555555557
3493.4368279569894
3333.032258064516
3301.5244252873563
3209.1478494623657
3312.6652777777776
3306.0913978494623
3268.848611111111
3210.4368279569894
3227.032258064516
3273.3097222222223
3275.3225806451615
3293.7694444444446
3303.0174731182797
3329.8897849462364
3340.8601190476193
3298.5309139784945
3293.1541666666667
3208.0134408602153
3194.1541666666667
3215.9193548387098
3232.693135935397
3253.322222222222
3291.5241935483873
3279.8347222222224
3241.3467741935483
3256.3575268817203
3202.377976190476
3224.1370967741937
3232.104311543811
3259.0672043010754
3209.415014164306
3233.190860215054
3261.3223140495866
3233.365277777778
3234.934139784946
3226.3069444444445
3163.263305322129
3341.6115591397847
3335.549019607843
3284.021505376344
3310.9
3346.1975806451615
3330.223463687151
3373.7647849462364
3386.1532258064517
3383.9402777777777
3397.0255376344085
3406.113888888889
3426.578659370725
3481.4224376731304
3513.0549132947976
3505.369623655914
3503.1680555555554
3506.744623655914
3512.963888888889
3499.5967741935483
3523.063257065949
3528.776388888889
3557.5994623655915
3578.713888888889
3586.9986559139784
3607.185483870968
3619.1994047619046
3656.5241935483873
3583.649855907781
3569.5349462365593
3576.1375
3573.3263665594855
3553.402985074627
3530.8069444444445
3551.2634408602153
3596.4583333333335
3608.5403225806454
3569.4059139784945
3569.718330849478
3576.8239247311826
3589.8237762237763
3586.304347826087
3596.4539877300613
3596.494623655914
3590.5860215053763
3593.045833333333
3598.0833333333335
3606.511111111111
3609.285714285714
3609.5188172043013
3606.4300595238096
3608.289855072464
3619.538888888889
3574.3768506056526
3589.774509803922
3588.2160228898424
3595.262653898769
3632.9941860465115
3635.5729166666665
3632.5767195767194
