11832.875
11817.916666666666
11748.916666666666
11715.916666666666
11672.083333333334
11609.125
11645.958333333334
11711.916666666666
11724.208333333334
11766.25
11754.875
11686.458333333334
11718.5
11735.958333333334
11790.375
11758.916666666666
11727.208333333334
11715.875
11730.458333333334
11720.541666666666
11731.0
11745.333333333334
11717.708333333334
11731.041666666666
11740.875
11770.458333333334
11770.375
11769.125
11783.5
11789.083333333334
11736.5
11749.416666666666
11728.0
11715.291666666666
11730.791666666666
11738.375
11785.625
11800.666666666666
11782.791666666666
11750.041666666666
11732.916666666666
11745.833333333334
11749.25
11728.708333333334
11739.0
11769.333333333334
11806.916666666666
11802.916666666666
11808.0
11762.25
11797.5
11814.583333333334
11804.0
11793.958333333334
11779.833333333334
11771.875
11741.75
11741.625
11741.708333333334
11710.25
11712.458333333334
11677.166666666666
11689.916666666666
11720.041666666666
11711.458333333334
11706.458333333334
11738.625
11710.083333333334
11719.916666666666
11733.041666666666
11750.041666666666
11764.166666666666
11776.208333333334
11791.5
11754.291666666666
11698.458333333334
11695.333333333334
11731.958333333334
11739.333333333334
11705.333333333334
11714.291666666666
11736.708333333334
11701.0
11635.75
11650.416666666666
11621.958333333334
11637.875
11629.791666666666
11603.291666666666
11622.125
11622.166666666666
11651.416666666666
11650.916666666666
11666.833333333334
11671.25
11663.916666666666
11698.625
11691.208333333334
11713.5
11737.166666666666
11703.666666666666
11623.25
11687.0
11782.5
11839.625
11865.333333333334
11866.541666666666
11869.5
11885.708333333334
11895.458333333334
11833.541666666666
11840.958333333334
11801.375
11816.375
11826.708333333334
11818.75
11831.75
11816.75
11834.25
11850.791666666666
11862.708333333334
11867.416666666666
11872.166666666666
11880.833333333334
11865.375
11878.291666666666
11902.625
11903.0
11897.0
11868.583333333334
11859.666666666666
11857.333333333334
11869.25
11893.5
11940.0
11935.625
11893.916666666666
11857.916666666666
11850.375
11846.291666666666
11858.791666666666
11861.0
11849.75
11846.416666666666
11834.0
11826.958333333334
11859.291666666666
11865.708333333334
11901.625
11918.75
11893.541666666666
11875.541666666666
11894.583333333334
11915.416666666666
11908.583333333334
11901.958333333334
11891.291666666666
11874.125
11857.583333333334
11841.666666666666
11856.291666666666
11858.0
11898.583333333334
11921.0
11909.875
11844.583333333334
11827.833333333334
11844.416666666666
11881.833333333334
11874.791666666666
11873.0
11835.958333333334
11846.041666666666
11837.083333333334
11857.708333333334
11871.083333333334
11865.875
11867.125
11842.708333333334
11830.291666666666
11843.75
11858.25
11877.166666666666
11863.25
11864.5
11792.666666666666
11822.125
11825.416666666666
11836.0
11799.583333333334
11817.25
11820.541666666666
11862.541666666666
11885.708333333334
11892.458333333334
11828.5
11886.0
11919.416666666666
11844.958333333334
11864.541666666666
11835.458333333334
11834.166666666666
11835.416666666666
11822.791666666666
11833.791666666666
11851.583333333334
11830.25
11810.458333333334
11823.458333333334
11811.416666666666
11803.5
11785.458333333334
11827.333333333334
11832.416666666666
11833.708333333334
11831.833333333334
11818.041666666666
11828.208333333334
11820.833333333334
11848.416666666666
11878.083333333334
11847.75
11796.916666666666
11848.708333333334
11832.166666666666
11820.583333333334
11843.0
11855.541666666666
11881.291666666666
11871.5
11869.041666666666
11863.083333333334
11922.125
11941.291666666666
11881.958333333334
11868.625
11878.666666666666
11883.583333333334
11876.0
11906.791666666666
11876.583333333334
11824.75
11861.25
11879.125
11897.666666666666
11880.833333333334
11882.875
11826.041666666666
11770.791666666666
11779.208333333334
11778.375
11807.291666666666
11809.291666666666
11850.416666666666
11871.333333333334
11860.625
11845.625
11869.708333333334
11889.958333333334
11862.291666666666
11874.791666666666
11868.333333333334
11863.333333333334
11843.666666666666
11865.416666666666
11860.333333333334
11859.0
11859.666666666666
11860.541666666666
11862.291666666666
11868.291666666666
11889.875
11874.208333333334
11841.375
11876.083333333334
11867.166666666666
11883.208333333334
11875.0
11865.958333333334
11873.833333333334
11873.75
11853.416666666666
11853.875
11839.916666666666
11815.708333333334
11838.625
11891.5
11865.0
11878.375
11866.0
11880.041666666666
11856.166666666666
11863.125
11861.625
11855.833333333334
11882.75
11903.25
11911.75
11907.666666666666
11907.125
11862.25
11889.041666666666
11812.916666666666
11836.916666666666
11878.666666666666
11881.625
11895.708333333334
11871.125
11840.041666666666
11847.291666666666
11881.583333333334
11911.833333333334
11907.708333333334
11934.375
11919.166666666666
11921.083333333334
11917.333333333334
11910.791666666666
11898.375
11950.041666666666
11971.083333333334
11982.375
11967.083333333334
11992.25
12017.041666666666
12004.041666666666
11956.791666666666
11962.625
11971.208333333334
11983.041666666666
11982.291666666666
11950.208333333334
11895.833333333334
11890.125
11889.625
11887.916666666666
11866.458333333334
11882.75
11918.458333333334
11932.416666666666
11959.875
11956.333333333334
11943.958333333334
11961.25
11953.583333333334
11922.166666666666
11940.791666666666
11957.916666666666
11955.958333333334
11937.458333333334
11942.666666666666
11921.041666666666
11911.541666666666
11903.583333333334
11889.541666666666
11898.625
11898.958333333334
11944.375
11973.5
11953.583333333334
11924.291666666666
11913.916666666666
11943.875
11950.625
11950.25
11982.958333333334
11988.875
11929.875
11952.708333333334
11972.75
11945.791666666666
11947.708333333334
11944.625
11934.25
11907.541666666666
11933.541666666666
11932.5
11914.333333333334
11916.666666666666
11848.166666666666
11849.541666666666
11871.25
11852.041666666666
11841.333333333334
11844.25
11871.291666666666
11881.166666666666
11867.083333333334
11854.458333333334
11811.666666666666
11818.0
11822.625
11806.5
11785.416666666666
11796.333333333334
11764.416666666666
11758.666666666666
11712.916666666666
11737.166666666666
11737.416666666666
11758.541666666666
11783.333333333334
11800.625
11814.375
11802.125
11765.166666666666
11702.375
11784.875
11770.041666666666
11776.333333333334
11805.041666666666
11845.458333333334
11873.625
11903.041666666666
11889.5
11783.541666666666
11675.541666666666
11649.375
11677.333333333334
11677.041666666666
11713.958333333334
11758.5
11700.541666666666
11708.333333333334
11675.583333333334
11694.875
11697.5
11716.916666666666
11693.75
11716.291666666666
11734.666666666666
11768.083333333334
11739.125
11747.916666666666
11687.125
11728.875
11742.0
11695.083333333334
11664.916666666666
11581.625
11582.291666666666
11632.541666666666
11606.375
11547.75
11596.166666666666
11616.666666666666
11565.625
11543.958333333334
11637.166666666666
11660.541666666666
11661.791666666666
11635.083333333334
11643.583333333334
11659.333333333334
11627.708333333334
11628.25
11602.791666666666
11581.375
11579.208333333334
11562.375
11575.25
11533.333333333334
11586.875
11608.583333333334
11626.916666666666
11576.666666666666
11547.208333333334
11587.5
11576.041666666666
11630.25
11706.958333333334
11667.958333333334
11626.416666666666
11616.958333333334
11643.833333333334
11692.291666666666
11666.958333333334
11650.375
11672.083333333334
11644.041666666666
11613.166666666666
11619.04347826087
11642.708333333334
11692.875
11686.458333333334
11658.416666666666
11677.25
11625.166666666666
11613.125
11596.5
11555.958333333334
11503.166666666666
11598.75
11619.291666666666
11643.041666666666
11653.333333333334
11645.541666666666
11596.083333333334
11603.958333333334
11581.333333333334
11499.875
11544.083333333334
11548.291666666666
11550.083333333334
11561.083333333334
11543.75
11572.75
11549.166666666666
11538.625
11522.541666666666
11516.291666666666
11524.833333333334
11526.708333333334
11540.875
11580.25
11560.166666666666
11601.541666666666
11634.375
11586.833333333334
11575.666666666666
11579.166666666666
11592.125
11565.958333333334
11584.5
11602.75
11635.041666666666
11618.75
11582.291666666666
11614.583333333334
11581.25
11588.958333333334
11604.166666666666
11654.208333333334
11658.941176470587
11620.0
11570.416666666666
11584.166666666666
11603.75
11591.291666666666
11607.541666666666
11639.666666666666
11570.958333333334
11596.625
11568.0
11477.375
11514.75
11525.5
11567.125
11567.458333333334
11521.916666666666
11508.583333333334
11546.375
11559.458333333334
11524.708333333334
11530.375
11546.958333333334
11542.416666666666
11568.833333333334
11588.291666666666
11583.333333333334
11575.0
11534.25
11540.916666666666
11521.5
11488.833333333334
11517.291666666666
11528.541666666666
11519.041666666666
11492.125
11557.0
11589.875
11586.25
11588.375
11556.583333333334
11577.583333333334
11563.625
11583.458333333334
11593.125
11575.291666666666
11573.125
11577.791666666666
11585.166666666666
11605.333333333334
11626.5
11604.416666666666
11625.958333333334
11654.875
11643.75
11641.583333333334
11617.875
11591.041666666666
11544.416666666666
11554.916666666666
11590.666666666666
11608.2
11640.833333333334
11642.125
11618.5
11643.916666666666
11581.291666666666
11542.75
11563.541666666666
11590.958333333334
11590.666666666666
11612.166666666666
11574.041666666666
11561.5
11576.166666666666
11610.75
11620.708333333334
11555.291666666666
11344.583333333334
11361.25
11373.75
11478.416666666666
11555.791666666666
11587.833333333334
11595.916666666666
11561.541666666666
11525.666666666666
11546.166666666666
11565.666666666666
11608.208333333334
11570.541666666666
11589.958333333334
11615.291666666666
11581.0
11613.416666666666
11602.583333333334
11616.333333333334
11588.466666666667
11592.666666666666
11567.125
11561.75
11528.545454545454
11536.25
11549.458333333334
11559.75
11530.541666666666
11558.291666666666
11600.291666666666
11618.166666666666
11637.541666666666
11646.75
11582.375
11532.875
11532.65
11554.625
11499.466666666667
11530.875
11551.5
11548.333333333334
11537.125
11496.875
11372.291666666666
11392.583333333334
11419.458333333334
11440.291666666666
11406.833333333334
11435.375
11485.708333333334
11478.458333333334
11447.916666666666
11470.291666666666
11456.833333333334
11480.916666666666
11439.625
11439.416666666666
11462.083333333334
11479.0
11497.458333333334
11506.083333333334
11566.952380952382
11534.25
11482.375
11507.041666666666
11510.708333333334
11547.333333333334
11560.458333333334
11583.875
11501.041666666666
11480.25
11511.833333333334
11530.166666666666
11545.458333333334
11479.666666666666
11511.666666666666
11526.416666666666
11544.083333333334
11530.458333333334
11508.833333333334
11426.958333333334
11376.5
11401.25
11419.416666666666
11455.666666666666
11458.375
11470.666666666666
11449.125
11389.333333333334
11354.708333333334
11433.625
11481.458333333334
11509.625
11507.458333333334
11522.791666666666
11549.791666666666
11529.833333333334
11516.541666666666
11514.083333333334
11510.083333333334
11489.25
11504.166666666666
11483.583333333334
11467.375
11469.333333333334
11472.958333333334
11521.0
11484.083333333334
11454.291666666666
11473.875
11507.916666666666
11455.916666666666
11420.5
11402.041666666666
11375.333333333334
11357.125
11295.25
11311.25
11350.166666666666
11332.125
11386.375
11389.125
11358.416666666666
11332.625
11286.208333333334
11272.208333333334
11347.875
11359.166666666666
11339.75
11358.916666666666
11305.208333333334
11257.583333333334
11150.333333333334
11111.625
11142.625
11220.541666666666
11213.375
11250.791666666666
11254.5
11300.458333333334
11295.625
11287.166666666666
11286.333333333334
11325.0
11303.583333333334
11304.583333333334
11263.208333333334
11235.5
11278.833333333334
11301.416666666666
11332.583333333334
11349.166666666666
11337.625
11313.708333333334
11326.875
11341.125
11335.625
11328.208333333334
11315.208333333334
11322.0
11337.291666666666
11295.916666666666
11268.166666666666
11201.333333333334
11198.458333333334
11232.625
11250.875
11264.916666666666
11281.916666666666
11285.375
11311.916666666666
11302.25
11329.375
11293.875
11333.875
11306.916666666666
11279.625
11291.333333333334
11282.125
11313.875
11281.0
11281.625
11256.958333333334
11282.5
11320.75
11265.416666666666
11335.125
11344.041666666666
11359.958333333334
11372.333333333334
11401.25
11364.625
11363.166666666666
11408.458333333334
11431.833333333334
11367.208333333334
11404.291666666666
11397.958333333334
11085.666666666666
11105.541666666666
11219.625
11291.5
11331.291666666666
11384.25
11389.0
11389.708333333334
11400.5
11356.125
11311.166666666666
11308.625
11223.25
11268.541666666666
11224.666666666666
11219.166666666666
11156.333333333334
11212.458333333334
11222.291666666666
11231.583333333334
11286.125
11132.458333333334
11153.791666666666
11119.541666666666
11073.041666666666
11098.208333333334
11097.791666666666
11060.666666666666
11118.375
11101.869565217392
11131.833333333334
11110.5
11271.208333333334
11392.875
11395.875
11358.916666666666
11336.833333333334
11335.541666666666
11340.583333333334
11365.541666666666
11184.958333333334
11192.625
11265.521739130434
11208.041666666666
11164.375
11185.416666666666
11179.375
11116.041666666666
11038.375
10963.333333333334
11085.875
11144.916666666666
11137.583333333334
11059.416666666666
11095.125
11125.666666666666
11157.416666666666
11160.869565217392
11195.875
11243.125
11224.791666666666
11218.285714285714
11150.09090909091
11136.666666666666
11197.041666666666
11214.75
11229.541666666666
11260.708333333334
11301.75
11283.208333333334
11287.333333333334
11196.791666666666
11152.166666666666
11134.125
11153.833333333334
11199.875
11283.833333333334
11314.708333333334
11334.708333333334
11361.625
11366.416666666666
11330.625
11346.791666666666
11348.208333333334
11330.583333333334
11376.0
11330.166666666666
11311.791666666666
11325.0
11302.166666666666
11282.625
11268.541666666666
11272.583333333334
11264.083333333334
11274.75
11283.458333333334
11291.583333333334
11341.916666666666
11291.0
11261.047619047618
11183.333333333334
11122.166666666666
11151.5
11185.791666666666
11171.208333333334
11187.625
11224.5
10995.958333333334
11120.083333333334
11102.541666666666
11100.416666666666
11104.125
10997.083333333334
10971.25
11076.791666666666
11082.166666666666
11057.0
11055.227272727272
11042.5
10814.708333333334
10825.75
10876.291666666666
10941.833333333334
11023.5
10999.916666666666
10865.333333333334
10650.833333333334
10731.958333333334
10843.333333333334
10950.166666666666
11016.333333333334
11024.958333333334
11059.791666666666
11072.916666666666
11134.416666666666
11137.375
11112.541666666666
11126.208333333334
11123.416666666666
11079.75
11152.541666666666
11200.083333333334
11173.083333333334
11037.041666666666
10966.25
10986.166666666666
11018.375
11014.958333333334
11071.041666666666
11127.583333333334
11172.041666666666
11134.619047619048
11109.375
11079.954545454546
11087.25
11169.166666666666
11196.833333333334
11229.166666666666
11272.5
11219.260869565218
11206.25
11143.708333333334
11102.227272727272
11133.541666666666
11184.458333333334
11176.095238095239
11093.791666666666
10866.875
10945.5
11060.75
11086.541666666666
11104.666666666666
11080.125
11086.416666666666
11102.25
11141.625
11101.041666666666
11071.916666666666
11070.708333333334
11117.875
11139.5
11200.833333333334
11220.333333333334
11183.125
11174.625
11145.375
11204.25
11226.0
11214.25
11191.208333333334
11200.916666666666
11228.208333333334
11207.76923076923
11254.40909090909
11248.25
11247.208333333334
11243.541666666666
11238.458333333334
11243.25
11225.857142857143
11231.882352941177
11279.875
11094.0
11018.875
11025.5
10990.208333333334
10984.5
11018.75
11060.0
11051.458333333334
10928.916666666666
11082.458333333334
11130.75
11183.916666666666
11274.291666666666
11257.583333333334
11237.708333333334
11254.166666666666
11047.291666666666
10817.416666666666
10873.875
10895.375
10951.916666666666
10968.0
10964.958333333334
10971.0
11029.375
11004.958333333334
10940.521739130434
10961.708333333334
10987.208333333334
10965.625
10939.083333333334
10952.833333333334
10942.583333333334
10966.833333333334
10952.916666666666
10934.458333333334
10973.208333333334
11060.869565217392
11110.666666666666
11170.047619047618
11220.833333333334
11242.458333333334
11236.5
11260.0
11279.25
10945.833333333334
11039.208333333334
11030.142857142857
11215.714285714286
11305.166666666666
11326.208333333334
11219.666666666666
11104.166666666666
11091.958333333334
11071.458333333334
11130.375
11176.875
11167.333333333334
11185.125
11190.083333333334
11286.125
11228.958333333334
11198.916666666666
11264.125
11237.916666666666
11236.833333333334
11236.916666666666
11234.25
11200.954545454546
11207.458333333334
11221.125
11287.125
11261.166666666666
11228.565217391304
11263.75
11255.0
11279.083333333334
11310.833333333334
11254.208333333334
11319.333333333334
11215.75
11208.916666666666
11326.833333333334
11337.875
11310.333333333334
11326.291666666666
11321.958333333334
11284.666666666666
11285.708333333334
11283.59090909091
11313.291666666666
11366.708333333334
11333.916666666666
11378.958333333334
11412.625
11448.708333333334
11466.375
11506.583333333334
11498.0
11489.916666666666
11383.958333333334
11387.333333333334
11340.958333333334
11346.25
11342.75
11373.166666666666
11342.458333333334
11371.375
11420.541666666666
11346.208333333334
11316.791666666666
11262.958333333334
11246.875
11255.875
11208.416666666666
11208.791666666666
11186.5
11238.291666666666
11302.333333333334
11340.333333333334
11358.708333333334
11343.125
11335.916666666666
11356.458333333334
11356.25
11329.541666666666
11361.833333333334
11377.958333333334
11400.916666666666
11381.5
11428.083333333334
11429.416666666666
11407.958333333334
11325.041666666666
11300.416666666666
11155.958333333334
11225.666666666666
11045.625
11082.208333333334
11138.916666666666
11109.583333333334
11149.125
11077.25
10963.875
10794.75
10846.041666666666
11037.666666666666
11119.333333333334
11147.041666666666
11166.458333333334
11162.666666666666
11166.25
11178.166666666666
11151.375
11184.25
11155.75
11168.958333333334
11110.125
11003.458333333334
11014.333333333334
11048.75
11072.958333333334
11156.375
11161.875
11210.625
11231.708333333334
11235.875
11246.708333333334
11241.375
11207.75
11016.75
10897.083333333334
10919.333333333334
10961.583333333334
11022.833333333334
11070.458333333334
11049.583333333334
11053.708333333334
11092.541666666666
11096.75
10634.666666666666
10036.625
10273.291666666666
10408.75
10400.25
10238.958333333334
10529.041666666666
10666.25
10647.916666666666
10762.041666666666
10872.708333333334
10907.625
10941.083333333334
11013.166666666666
11063.833333333334
11108.083333333334
11115.666666666666
11114.0
11117.458333333334
11200.708333333334
11124.666666666666
11081.75
11118.5
11114.625
11090.916666666666
11070.666666666666
11093.791666666666
11128.083333333334
11080.083333333334
10884.125
10998.791666666666
11063.583333333334
11044.083333333334
11075.25
11063.869565217392
11136.583333333334
11187.291666666666
11237.166666666666
11286.826086956522
11297.826086956522
11360.375
11331.791666666666
11348.0
11360.217391304348
11319.04347826087
11275.291666666666
11266.125
11203.416666666666
11102.708333333334
11023.458333333334
11110.25
11143.291666666666
11182.208333333334
11251.066666666668
11233.052631578947
11258.454545454546
11298.0
11192.391304347826
11194.541666666666
11213.0
11194.0
11230.458333333334
11245.75
11240.916666666666
11267.416666666666
11207.333333333334
11146.416666666666
11141.666666666666
11160.125
11202.583333333334
11240.166666666666
11119.25
11164.541666666666
11143.958333333334
11094.333333333334
11082.875
11075.291666666666
11105.5
11109.25
11172.875
11173.041666666666
11158.291666666666
11147.791666666666
11051.333333333334
10867.333333333334
10906.791666666666
10943.125
10967.791666666666
10957.708333333334
10989.333333333334
10956.583333333334
10940.583333333334
10948.041666666666
10962.708333333334
10983.333333333334
10999.708333333334
11119.75
11088.958333333334
11117.458333333334
11130.416666666666
11063.291666666666
10819.916666666666
10889.375
10947.708333333334
11035.75
11024.166666666666
11049.375
11058.291666666666
11137.625
11101.0
11131.416666666666
11092.208333333334
11100.625
11096.625
11094.833333333334
11076.333333333334
11071.166666666666
11047.625
10950.166666666666
10773.166666666666
10787.0
10845.083333333334
10790.666666666666
10764.083333333334
10853.625
10902.958333333334
10922.458333333334
10895.5
10890.5
10494.958333333334
10522.166666666666
10643.166666666666
10691.458333333334
10614.173913043478
10401.857142857143
10484.173913043478
10586.041666666666
10670.458333333334
10757.708333333334
10651.291666666666
10606.958333333334
10703.666666666666
10689.5
10752.952380952382
10725.583333333334
10689.958333333334
10719.958333333334
10717.75
10709.916666666666
10702.869565217392
10720.083333333334
10739.041666666666
10776.916666666666
10759.958333333334
10705.625
10737.125
10717.208333333334
10738.875
10751.5
10809.5
10810.958333333334
10856.708333333334
10795.333333333334
10747.375
10748.941176470587
10775.791666666666
10889.125
10829.625
10846.791666666666
10849.333333333334
10860.208333333334
10893.875
10903.791666666666
10941.809523809523
10967.166666666666
10952.625
10976.916666666666
10928.227272727272
10826.125
10620.761904761905
10702.04347826087
10811.045454545454
10899.5
10903.208333333334
10910.125
10942.458333333334
10952.0
10905.166666666666
10936.708333333334
10965.25
10986.375
10975.75
10964.875
10931.5
10975.25
10983.083333333334
11058.208333333334
11088.125
11085.375
11062.833333333334
10985.625
10972.875
11024.125
11056.916666666666
11019.458333333334
10936.375
10890.3
10962.916666666666
11058.75
11069.666666666666
11088.375
10976.238095238095
10935.583333333334
10883.291666666666
10829.0
10901.478260869566
10872.333333333334
10856.583333333334
10907.208333333334
10886.083333333334
10913.458333333334
11011.25
10976.208333333334
10957.958333333334
10966.5
11053.041666666666
11074.25
11121.75
11115.375
11144.708333333334
11111.708333333334
11105.458333333334
11038.0
11068.625
11075.833333333334
11106.791666666666
11076.5
11033.208333333334
11050.25
11101.958333333334
11144.5
11114.833333333334
11118.625
11113.5
11120.875
11144.583333333334
11135.166666666666
11185.708333333334
11083.333333333334
10991.666666666666
10920.708333333334
10977.625
11053.541666666666
11115.083333333334
11104.083333333334
11101.958333333334
11039.208333333334
11038.083333333334
11059.708333333334
10871.541666666666
10714.208333333334
10782.208333333334
10797.166666666666
10823.875
10847.666666666666
10885.75
10912.708333333334
10902.083333333334
10879.291666666666
10864.041666666666
10931.541666666666
10955.833333333334
11002.625
11048.916666666666
11054.625
11066.541666666666
11020.0
11068.541666666666
11109.916666666666
11078.166666666666
11035.041666666666
11034.166666666666
11009.375
11059.25
10986.708333333334
10962.833333333334
10912.041666666666
10928.75
10966.333333333334
11042.5
11096.208333333334
11076.375
11086.333333333334
11042.833333333334
11069.083333333334
11116.0
11106.875
11160.291666666666
11172.208333333334
11164.208333333334
11143.708333333334
11201.333333333334
11223.333333333334
11195.916666666666
11165.666666666666
11176.041666666666
11165.791666666666
11163.625
11142.375
11168.125
11188.083333333334
11175.041666666666
11219.75
11163.458333333334
11125.0
11008.166666666666
10990.583333333334
11039.041666666666
11058.083333333334
11100.0
11133.416666666666
11063.5
11038.57142857143
11008.25
11030.25
11072.5
11102.625
11103.625
11101.458333333334
11110.375
11081.375
11085.583333333334
11089.916666666666
11089.791666666666
11124.5
11094.0
11098.625
11119.833333333334
11186.541666666666
11198.375
11161.083333333334
11235.25
11241.416666666666
11173.041666666666
11104.833333333334
11099.916666666666
11125.958333333334
11157.208333333334
11154.083333333334
11135.333333333334
11132.583333333334
11158.75
11161.791666666666
11116.958333333334
11091.666666666666
11086.958333333334
11138.875
11086.291666666666
11075.375
11075.375
11111.208333333334
11112.0
11139.541666666666
11151.833333333334
11165.5
11179.958333333334
11148.666666666666
11125.0
11105.708333333334
11094.25
11001.75
10940.875
10742.5
10601.458333333334
10575.791666666666
10697.416666666666
10799.625
10819.458333333334
10874.291666666666
10915.0
10947.875
10956.791666666666
10993.416666666666
11014.0
11052.0
11009.208333333334
11022.782608695652
11086.041666666666
11150.125
11183.75
11172.083333333334
11196.208333333334
11126.833333333334
11100.541666666666
11082.125
11108.125
11056.333333333334
11049.083333333334
11049.958333333334
11061.375
10865.75
10779.916666666666
10890.541666666666
10921.458333333334
10933.125
10977.583333333334
11009.083333333334
11002.375
10981.583333333334
10939.375
10879.916666666666
10945.047619047618
11018.0
11030.125
11085.833333333334
11094.875
11014.458333333334
11022.125
11009.75
11016.583333333334
11019.227272727272
11039.5
10975.75
10851.125
10846.25
10866.666666666666
10920.208333333334
10948.875
10937.333333333334
10923.083333333334
10878.833333333334
10806.25
10677.125
10671.25
10543.125
10547.25
10545.458333333334
10531.041666666666
10551.416666666666
10563.25
10609.0
10527.125
10428.916666666666
10522.541666666666
10627.416666666666
10669.916666666666
10708.583333333334
10778.458333333334
10731.625
10693.916666666666
10701.791666666666
10701.166666666666
10691.625
10714.041666666666
10620.666666666666
10554.416666666666
10582.875
10591.916666666666
10649.083333333334
10711.5
10756.5
10786.541666666666
10805.916666666666
10788.875
10783.916666666666
10838.0
10843.166666666666
10843.25
10862.875
10871.625
10809.583333333334
10624.333333333334
10693.5
10679.375
10714.791666666666
10629.125
10774.75
10785.375
10807.375
10825.125
10827.041666666666
10820.625
10795.583333333334
10762.958333333334
10734.041666666666
10777.291666666666
10767.0
10688.083333333334
10687.375
10709.166666666666
10565.583333333334
10646.375
10662.25
10699.125
10725.333333333334
10808.375
10879.0
10903.541666666666
10895.916666666666
10878.166666666666
10839.208333333334
10888.958333333334
10937.083333333334
10905.136363636364
10936.5
10855.75
10806.791666666666
10782.25
10805.041666666666
10819.875
10822.666666666666
10834.083333333334
10755.791666666666
10752.333333333334
10760.541666666666
10807.875
10838.541666666666
10856.916666666666
10843.208333333334
10796.916666666666
10843.708333333334
10877.916666666666
10884.708333333334
10910.45
10944.375
10954.708333333334
10925.125
10875.916666666666
10919.416666666666
10870.458333333334
10889.0
10892.875
10788.125
10776.875
10805.125
10838.625
10858.166666666666
10857.625
10830.958333333334
10828.833333333334
10788.0
10792.333333333334
10681.583333333334
10640.5
10682.0
10749.791666666666
10792.625
10832.791666666666
10840.75
10908.25
10918.083333333334
10933.458333333334
10951.666666666666
10961.291666666666
10979.916666666666
10982.25
10943.166666666666
10935.916666666666
10918.791666666666
10948.375
10965.291666666666
10959.125
10953.291666666666
10929.083333333334
10962.625
10966.041666666666
10987.458333333334
11013.095238095239
11032.416666666666
11006.625
10999.833333333334
10878.833333333334
10914.416666666666
11003.041666666666
11056.416666666666
11061.625
11067.833333333334
11070.5
10962.958333333334
11040.833333333334
11129.0
11169.541666666666
11081.541666666666
11088.791666666666
10990.333333333334
10980.75
10984.375
10998.583333333334
11051.041666666666
11070.875
11117.916666666666
11135.708333333334
11129.291666666666
11102.875
11048.916666666666
11102.875
11152.458333333334
11148.916666666666
11099.875
10980.625
10992.875
10997.333333333334
11023.208333333334
11090.041666666666
11068.166666666666
11086.708333333334
11094.833333333334
11115.083333333334
11109.583333333334
10995.041666666666
10971.041666666666
10874.958333333334
10859.0
10905.416666666666
10916.25
10931.666666666666
10993.625
11041.458333333334
11054.083333333334
11052.166666666666
11063.708333333334
11040.25
11070.416666666666
11030.916666666666
11024.833333333334
11045.25
11029.791666666666
10960.708333333334
10955.5
11000.583333333334
11050.833333333334
10913.958333333334
10814.833333333334
10844.416666666666
10874.25
10946.041666666666
10969.583333333334
10953.458333333334
10883.916666666666
10874.166666666666
10877.75
10894.541666666666
11013.666666666666
10951.833333333334
10885.583333333334
10701.333333333334
10744.666666666666
10884.916666666666
10952.083333333334
10921.833333333334
10913.375
10966.291666666666
11005.291666666666
10997.708333333334
10988.791666666666
10931.875
10956.25
10957.708333333334
10990.583333333334
11027.166666666666
10975.541666666666
10963.958333333334
10887.041666666666
10829.916666666666
10850.5
10918.333333333334
10977.875
10985.5
10991.666666666666
10870.041666666666
10862.166666666666
10758.875
10690.041666666666
10727.5
10742.875
10803.958333333334
10815.625
10878.666666666666
10877.125
10873.666666666666
10813.875
10846.25
10886.304347826086
10846.5
10845.0
10802.583333333334
10783.375
10758.916666666666
10729.25
10681.875
10684.666666666666
10716.291666666666
10769.0
10816.5
10813.416666666666
10758.166666666666
10670.083333333334
10664.0
10670.708333333334
10708.458333333334
10714.958333333334
10788.75
10836.625
10799.916666666666
10695.833333333334
10712.333333333334
10723.375
10666.208333333334
10494.625
10515.583333333334
10605.333333333334
10669.375
10570.958333333334
10489.166666666666
10436.916666666666
10489.083333333334
10573.833333333334
10592.0
10616.541666666666
10683.791666666666
10458.208333333334
10358.875
10411.375
10458.916666666666
10563.541666666666
10563.291666666666
10610.208333333334
10695.0
10799.125
10860.291666666666
10869.166666666666
10913.958333333334
10901.125
10867.333333333334
10833.583333333334
10850.041666666666
10883.208333333334
10909.25
10924.208333333334
10931.125
10917.875
10914.208333333334
10904.583333333334
10876.208333333334
10904.25
10871.958333333334
10849.166666666666
10809.291666666666
10852.416666666666
10878.208333333334
10934.541666666666
10928.75
10948.625
10945.625
10980.75
10975.041666666666
10957.791666666666
10795.666666666666
10803.5
10791.125
10762.083333333334
10766.333333333334
10841.0
10916.25
10905.0
10962.541666666666
10999.75
11006.083333333334
11018.291666666666
10855.625
10737.208333333334
10690.375
10722.416666666666
10815.916666666666
10819.875
10790.666666666666
10800.291666666666
10875.173913043478
10908.208333333334
11003.958333333334
11052.958333333334
11002.208333333334
11070.208333333334
11106.533333333333
11009.59090909091
10954.166666666666
10924.333333333334
10940.791666666666
10951.875
10966.416666666666
10981.458333333334
11011.625
11057.916666666666
11082.458333333334
11091.541666666666
11089.5
11079.166666666666
10961.291666666666
10942.875
10989.083333333334
10991.708333333334
10999.041666666666
10965.0
10958.916666666666
10779.375
10770.708333333334
10817.0
10807.875
10856.833333333334
10856.958333333334
10862.166666666666
10881.541666666666
10788.25
10857.25
10927.166666666666
10905.208333333334
10964.833333333334
10994.833333333334
10979.541666666666
10898.666666666666
10695.958333333334
10754.791666666666
10894.416666666666
10878.375
10880.083333333334
10892.333333333334
10909.75
10822.625
10758.791666666666
10698.583333333334
10620.166666666666
10552.583333333334
10526.583333333334
10566.75
10619.041666666666
10644.0
10671.791666666666
10694.208333333334
10707.625
10733.333333333334
10728.708333333334
10712.833333333334
10727.833333333334
10779.708333333334
10817.708333333334
10832.083333333334
10858.125
10858.916666666666
10863.375
10870.041666666666
10848.666666666666
10816.291666666666
10760.375
10775.416666666666
10807.0
10805.727272727272
10780.833333333334
10715.583333333334
10744.666666666666
10724.208333333334
10798.208333333334
10829.125
10845.166666666666
10882.208333333334
10940.458333333334
10991.958333333334
10993.5
10989.333333333334
10981.541666666666
10975.5
10958.833333333334
10974.041666666666
10977.666666666666
11022.0
10985.541666666666
10956.166666666666
10936.958333333334
10928.083333333334
10900.166666666666
10948.375
10933.791666666666
10857.666666666666
10876.833333333334
10910.25
10871.333333333334
10840.541666666666
10824.291666666666
10827.166666666666
10851.75
10900.458333333334
10897.75
10868.041666666666
10904.416666666666
10935.541666666666
10957.791666666666
11006.5
11002.291666666666
10994.333333333334
11020.041666666666
11062.083333333334
11113.125
11047.708333333334
11006.166666666666
10968.916666666666
10983.916666666666
10996.958333333334
11016.208333333334
11047.166666666666
11087.333333333334
10988.166666666666
10883.333333333334
10687.875
10682.833333333334
10736.916666666666
10719.25
10727.75
10513.25
10273.333333333334
10361.375
10555.791666666666
10732.583333333334
10765.416666666666
10767.541666666666
10893.833333333334
11028.458333333334
11124.333333333334
11185.5
11126.5
11081.125
11002.208333333334
10990.208333333334
10943.958333333334
10895.208333333334
10878.166666666666
10775.0
10749.666666666666
10773.083333333334
10816.833333333334
10771.5
10774.0
10774.791666666666
10823.166666666666
10866.083333333334
10923.875
10896.291666666666
10877.083333333334
10949.75
11003.708333333334
10915.541666666666
11049.375
11127.625
11174.416666666666
11201.541666666666
11110.375
11026.375
10888.625
10884.666666666666
10917.583333333334
10837.666666666666
10832.75
10887.791666666666
10835.041666666666
10741.75
10762.708333333334
10805.458333333334
10768.916666666666
10732.625
10678.125
10690.5
10621.5
10590.583333333334
10558.625
10634.375
10682.333333333334
10746.0
10550.875
10585.958333333334
10633.541666666666
10769.375
10837.833333333334
10851.25
10909.833333333334
11001.458333333334
11120.125
11219.375
11220.166666666666
11244.375
11069.75
11008.541666666666
10994.166666666666
10958.75
10980.0
11020.833333333334
11006.166666666666
10945.25
10885.416666666666
10767.791666666666
10594.583333333334
10530.208333333334
10464.916666666666
10427.625
10438.0
10456.541666666666
10493.583333333334
10539.416666666666
10559.541666666666
10630.208333333334
10686.041666666666
10735.333333333334
10790.791666666666
10904.833333333334
10972.875
11116.791666666666
11099.791666666666
11023.166666666666
11008.625
10916.166666666666
10399.875
10329.583333333334
10273.125
10348.125
10391.25
10420.75
10469.541666666666
10427.25
10421.375
10374.791666666666
10370.75
10473.041666666666
10572.833333333334
10589.875
10580.958333333334
10595.25
10524.625
10562.5
10631.166666666666
10767.791666666666
10848.666666666666
10906.833333333334
10945.375
10976.041666666666
11012.083333333334
10939.125
10853.958333333334
10851.666666666666
10826.208333333334
10883.291666666666
10798.208333333334
10784.0
10852.708333333334
10902.333333333334
10873.5
10734.875
10677.5
10623.416666666666
10598.125
10573.333333333334
10575.375
10581.791666666666
10564.375
10543.25
10559.375
10599.541666666666
10621.333333333334
10644.25
10678.291666666666
10691.125
10790.875
10828.666666666666
10866.916666666666
10893.083333333334
10867.25
10857.875
10837.166666666666
10819.875
10781.458333333334
10785.375
10761.416666666666
10712.083333333334
10666.041666666666
10695.791666666666
10647.833333333334
10666.125
10698.791666666666
10722.541666666666
10737.458333333334
10760.458333333334
10651.125
10603.291666666666
10624.375
10650.458333333334
10701.5
10716.125
10718.041666666666
10712.208333333334
10691.375
10650.666666666666
10590.875
10587.25
10656.083333333334
10705.25
10664.166666666666
10427.041666666666
10438.083333333334
10454.708333333334
10527.666666666666
10548.666666666666
10494.125
10472.125
10523.0
10660.666666666666
10660.75
10656.541666666666
10681.541666666666
10684.125
10645.5
10630.875
10526.333333333334
10579.875
10653.666666666666
10692.375
10728.166666666666
10748.541666666666
10777.666666666666
10774.916666666666
10744.0
10612.583333333334
10563.833333333334
10585.375
10654.125
10687.041666666666
10669.833333333334
10721.333333333334
10692.083333333334
10681.291666666666
10709.666666666666
10738.541666666666
10715.416666666666
10686.833333333334
10671.333333333334
10700.25
10727.541666666666
10737.5
10788.208333333334
10832.375
10864.833333333334
10806.291666666666
10779.333333333334
10780.75
10796.291666666666
10785.291666666666
10725.666666666666
10616.35
10609.6
10631.64705882353
10693.541666666666
10722.666666666666
10778.666666666666
10795.166666666666
10841.875
10864.75
10900.291666666666
10936.916666666666
10956.333333333334
10880.625
10853.272727272728
10801.25
10870.083333333334
10900.083333333334
10901.833333333334
10932.208333333334
10964.916666666666
11059.0
11070.208333333334
11068.333333333334
11082.041666666666
11064.583333333334
11006.041666666666
10980.25
10945.833333333334
10969.708333333334
11015.791666666666
10985.541666666666
10977.5
10988.666666666666
10967.541666666666
10990.541666666666
11041.666666666666
11057.75
11091.333333333334
11048.291666666666
10994.916666666666
10897.458333333334
10904.375
10941.333333333334
10939.541666666666
10984.583333333334
10998.791666666666
10987.833333333334
10797.416666666666
10257.916666666666
10288.125
10210.458333333334
10388.416666666666
10435.166666666666
10539.75
10611.458333333334
10796.916666666666
10882.375
10942.416666666666
11011.416666666666
11055.083333333334
10992.875
11008.708333333334
10983.875
11022.833333333334
11074.916666666666
11094.125
11007.333333333334
10923.75
10822.666666666666
10791.041666666666
10873.5
10827.583333333334
10868.958333333334
10895.791666666666
10921.166666666666
10935.0
10923.083333333334
10921.125
10953.541666666666
10970.416666666666
10992.125
11000.714285714286
10967.2
11028.291666666666
11093.875
11139.833333333334
11070.363636363636
11048.375
11040.791666666666
11050.041666666666
11085.227272727272
11158.625
11100.5
11078.416666666666
11061.166666666666
11045.041666666666
11046.333333333334
10919.208333333334
10811.666666666666
10928.5
10945.416666666666
10837.541666666666
10804.333333333334
10847.0
10880.791666666666
10984.5
10986.958333333334
10981.5
11019.583333333334
11047.708333333334
11057.583333333334
11089.625
10999.583333333334
10919.125
10968.0
10995.25
11029.541666666666
11040.833333333334
11058.958333333334
11103.458333333334
11093.666666666666
11102.583333333334
11049.916666666666
11036.875
11019.25
10855.416666666666
10886.833333333334
10890.375
10855.583333333334
10846.25
10902.25
10908.583333333334
10936.875
10946.541666666666
10978.625
11022.625
11094.444444444445
11083.095238095239
11103.391304347826
11085.5
11061.125
11075.916666666666
11074.833333333334
11098.75
11096.791666666666
11072.333333333334
11050.875
11031.458333333334
11106.958333333334
11063.916666666666
11001.416666666666
10974.625
11023.041666666666
10990.875
10995.125
11007.833333333334
11015.875
11022.791666666666
11018.5
11010.5
11038.0
11053.375
11029.791666666666
11024.166666666666
11062.291666666666
11104.041666666666
11121.75
11121.75
11165.208333333334
11198.0
11225.916666666666
11161.375
11053.958333333334
11048.458333333334
11093.5
11103.125
11108.416666666666
11089.541666666666
11099.631578947368
11174.625
11182.6
11175.2
11103.5
11107.375
11101.125
10958.416666666666
11004.782608695652
11024.130434782608
10967.708333333334
10925.708333333334
10950.5
10986.375
11028.625
11070.0
11091.5
11141.166666666666
11176.791666666666
11117.791666666666
11072.208333333334
11068.208333333334
11136.708333333334
11130.083333333334
11091.583333333334
11183.916666666666
11156.75
11082.791666666666
11054.625
11166.791666666666
11209.333333333334
11185.541666666666
11177.75
11142.652173913044
11078.041666666666
11036.166666666666
10967.041666666666
10939.5
10960.291666666666
11026.333333333334
11038.083333333334
11043.125
11008.083333333334
11003.708333333334
11069.291666666666
11014.416666666666
11053.916666666666
11053.625
11104.833333333334
11144.291666666666
11033.166666666666
11073.791666666666
11113.75
11135.375
11192.75
11132.25
11150.5
11189.166666666666
11208.291666666666
11266.0
11255.208333333334
11095.166666666666
11061.625
11123.708333333334
11097.333333333334
11112.625
11151.833333333334
11187.583333333334
11204.625
11220.416666666666
11263.958333333334
11218.333333333334
11156.125
11149.791666666666
11132.041666666666
11172.25
11216.416666666666
11219.541666666666
11168.875
11182.083333333334
11142.5
11167.916666666666
11157.25
11160.666666666666
11228.333333333334
11363.833333333334
11457.916666666666
11493.583333333334
11404.75
11339.333333333334
11341.083333333334
11384.25
11391.291666666666
11355.333333333334
11407.708333333334
11460.208333333334
11265.083333333334
11243.0
11256.791666666666
11301.416666666666
11320.875
11356.791666666666
11392.791666666666
11433.583333333334
11414.75
11356.916666666666
11371.916666666666
11338.458333333334
11338.833333333334
11374.916666666666
11336.375
11356.125
11377.25
11392.75
11383.375
11394.083333333334
11441.833333333334
11377.5
11315.208333333334
11278.125
11237.333333333334
11218.5
11239.333333333334
11380.416666666666
11410.041666666666
11399.583333333334
11421.125
11380.333333333334
11314.958333333334
11283.416666666666
11312.0
11399.333333333334
11365.125
11328.0
11332.625
11303.875
11302.875
11277.791666666666
11235.791666666666
11287.5
11284.041666666666
11301.583333333334
11310.708333333334
11269.291666666666
11261.458333333334
11213.875
11161.5
11180.166666666666
11178.791666666666
11245.75
11284.208333333334
11289.708333333334
11325.166666666666
11379.833333333334
11428.541666666666
11399.166666666666
11399.125
11384.25
11388.791666666666
11355.875
11352.875
11407.208333333334
11374.75
11275.916666666666
11311.416666666666
11296.041666666666
11130.666666666666
11146.833333333334
11159.416666666666
11204.958333333334
11224.5
11204.708333333334
11212.541666666666
11146.666666666666
11090.5
11106.083333333334
11137.291666666666
11198.375
11236.416666666666
11299.291666666666
11339.625
11380.083333333334
11407.25
11337.25
11369.541666666666
11340.375
11321.75
11360.083333333334
11350.666666666666
11322.583333333334
11293.916666666666
11280.333333333334
11305.333333333334
11352.70588235294
11374.75
11361.916666666666
11403.458333333334
11360.208333333334
11362.291666666666
11292.125
11273.166666666666
11206.416666666666
11103.916666666666
11131.5
11207.125
11227.916666666666
11292.083333333334
11327.083333333334
11387.375
11381.75
11364.333333333334
11355.916666666666
11339.083333333334
11357.875
11417.625
11418.75
11515.833333333334
11557.666666666666
11495.75
11470.5
11457.565217391304
11524.041666666666
11587.0
11634.625
11604.875
11556.666666666666
11480.333333333334
11381.333333333334
11306.083333333334
11298.666666666666
11319.125
11329.375
11378.333333333334
11471.458333333334
11535.75
11580.416666666666
11452.541666666666
11422.166666666666
11377.375
11413.958333333334
11431.916666666666
11468.541666666666
11509.541666666666
11541.75
11498.458333333334
11520.041666666666
11521.541666666666
11553.708333333334
11602.875
11631.208333333334
11587.541666666666
11475.416666666666
11437.708333333334
11364.166666666666
11322.625
11302.208333333334
11255.875
11274.125
11317.875
11357.708333333334
11421.75
11462.041666666666
11513.833333333334
11373.5
11248.916666666666
11380.458333333334
11417.8
11437.708333333334
11468.416666666666
11490.916666666666
11508.25
11542.291666666666
11574.291666666666
11613.041666666666
11638.041666666666
11702.5
11661.105263157895
11520.75
11563.916666666666
11576.708333333334
11552.857142857143
11471.8
11483.625
11436.583333333334
11415.791666666666
11430.625
11484.42857142857
11537.0
11584.875
11604.0
11587.095238095239
11568.0
11524.125
11484.208333333334
11464.291666666666
11467.708333333334
11546.541666666666
11478.5
11498.416666666666
11520.416666666666
11586.458333333334
11586.291666666666
11645.791666666666
11693.125
11570.208333333334
11456.333333333334
11395.041666666666
11374.208333333334
11375.541666666666
11394.111111111111
11427.2
11405.458333333334
11459.5
11563.75
11595.875
11541.083333333334
11582.791666666666
11635.208333333334
11645.125
11584.541666666666
11606.875
11538.25
11520.5
11494.958333333334
11523.5
11524.40909090909
11467.833333333334
11495.458333333334
11593.958333333334
11618.0
11575.75
11469.083333333334
11473.5
11519.166666666666
11538.458333333334
11589.791666666666
11605.666666666666
11612.625
11654.708333333334
11675.083333333334
11709.541666666666
11772.25
11826.333333333334
11780.142857142857
11741.045454545454
11731.708333333334
11704.208333333334
11743.208333333334
11601.291666666666
11635.25
11646.75
11668.708333333334
11666.583333333334
11683.208333333334
11716.458333333334
11762.583333333334
11753.875
11687.75
11623.166666666666
11528.5
11559.565217391304
11557.916666666666
11547.375
11543.666666666666
11585.041666666666
11665.375
11675.791666666666
11648.958333333334
11677.541666666666
11733.958333333334
11795.708333333334
11766.208333333334
11815.958333333334
11787.875
11808.25
11843.291666666666
11795.541666666666
11723.958333333334
11710.25
11720.708333333334
11744.958333333334
11799.208333333334
11871.041666666666
11859.958333333334
11866.583333333334
11830.666666666666
11698.0
11621.583333333334
11616.583333333334
11552.291666666666
11542.083333333334
11560.0
11611.583333333334
11634.5
11669.291666666666
11673.875
11712.125
11776.541666666666
11788.125
11709.217391304348
11689.875
11723.916666666666
11777.708333333334
11765.5
11671.333333333334
11631.583333333334
11604.0
11735.75
11759.333333333334
11817.875
11851.166666666666
11905.375
11856.291666666666
11767.666666666666
11702.666666666666
11697.208333333334
11681.416666666666
11664.416666666666
11605.333333333334
11578.125
11619.791666666666
11610.708333333334
11630.958333333334
11709.875
11742.416666666666
11733.541666666666
11837.75
11801.583333333334
11846.375
11795.625
11761.375
11727.666666666666
11747.875
11717.25
11774.166666666666
11827.625
11856.541666666666
11903.375
11899.583333333334
11873.541666666666
11883.791666666666
11869.791666666666
11823.916666666666
11868.708333333334
11846.541666666666
11794.583333333334
11773.916666666666
11777.5
11794.5
11833.708333333334
11839.041666666666
11829.5
11824.125
11850.166666666666
11858.541666666666
11878.791666666666
11942.5
11847.166666666666
11849.0
11777.25
11760.333333333334
11744.333333333334
11795.916666666666
11820.5
11860.416666666666
11769.041666666666
11801.333333333334
11851.041666666666
11845.791666666666
11825.25
11804.608695652174
11830.75
11880.5
11804.458333333334
11778.75
11805.875
11851.166666666666
11821.5
11814.25
11820.166666666666
11837.875
11847.75
11867.5
11899.791666666666
11877.333333333334
11945.458333333334
11929.083333333334
11913.25
11978.75
11946.916666666666
11947.75
11942.458333333334
11951.083333333334
11958.318181818182
11960.041666666666
12012.75
12006.541666666666
11957.166666666666
11997.791666666666
12025.833333333334
12019.666666666666
12024.916666666666
12047.666666666666
12055.833333333334
12069.458333333334
11997.083333333334
12012.375
12007.0
11920.0
11958.083333333334
12023.9
12045.4
12023.833333333334
12030.458333333334
11918.277777777777
11888.375
11841.454545454546
11794.5
11833.541666666666
11823.75
11865.166666666666
11860.333333333334
11897.916666666666
11930.0
11978.458333333334
12026.708333333334
12028.583333333334
12060.291666666666
12061.25
12106.75
12092.583333333334
12005.458333333334
11948.291666666666
11908.166666666666
11843.708333333334
11770.454545454546
11715.0
11779.65
11803.458333333334
11802.833333333334
11773.041666666666
11825.666666666666
11902.0
11868.208333333334
11839.916666666666
11844.521739130434
11881.541666666666
11811.739130434782
11903.208333333334
11918.5
11946.9375
11966.25
11947.0
11909.166666666666
11950.875
11995.333333333334
12010.041666666666
11945.458333333334
11907.916666666666
11984.75
11978.166666666666
12031.541666666666
12000.958333333334
12035.045454545454
11941.333333333334
11952.916666666666
11963.5
11981.541666666666
11955.708333333334
11938.357142857143
11843.095238095239
11862.5
11883.347826086956
11848.791666666666
11803.166666666666
11815.478260869566
11812.375
11845.208333333334
11829.5
11842.958333333334
11859.208333333334
11907.0
11887.263157894737
11918.75
11950.875
11924.541666666666
11941.708333333334
11941.35
11960.0
11974.083333333334
11909.958333333334
11935.458333333334
11908.666666666666
11955.25
11955.25
11959.666666666666
11937.625
11902.333333333334
11842.541666666666
11793.875
11772.3
11795.846153846154
11836.75
11870.541666666666
11776.5
11820.958333333334
11777.5
11787.416666666666
11869.958333333334
11856.708333333334
11890.666666666666
11890.5
11910.25
11907.666666666666
11852.875
11859.833333333334
11927.166666666666
11931.75
11951.291666666666
11661.666666666666
11616.125
11776.75
11862.625
11880.583333333334
11837.541666666666
11748.791666666666
11736.875
11704.166666666666
11716.625
11699.416666666666
11717.291666666666
11691.0
11666.458333333334
11679.666666666666
11684.666666666666
11537.041666666666
11516.75
11594.541666666666
11564.166666666666
11589.333333333334
11643.416666666666
11664.125
11696.166666666666
11685.166666666666
11748.958333333334
11844.541666666666
11801.041666666666
11844.25
11857.708333333334
11766.583333333334
11744.333333333334
11723.291666666666
11718.916666666666
11655.75
11603.333333333334
11593.208333333334
11600.083333333334
11628.208333333334
11608.041666666666
11629.333333333334
11677.708333333334
11694.0
11762.708333333334
11818.041666666666
11824.125
11834.875
11790.083333333334
11799.958333333334
11770.291666666666
11802.0
11812.208333333334
11844.708333333334
11756.833333333334
11341.041666666666
11375.083333333334
11553.125
11631.25
11736.625
11689.75
11614.708333333334
11537.041666666666
11574.458333333334
11618.333333333334
11674.125
11680.041666666666
11645.0
11631.625
11635.916666666666
11642.083333333334
11677.125
11617.125
11586.666666666666
11545.333333333334
11532.083333333334
11589.916666666666
11632.166666666666
11643.291666666666
11631.833333333334
11694.916666666666
11763.458333333334
11715.0
11714.5
11670.291666666666
11604.5
11646.375
11679.416666666666
11715.791666666666
11746.75
11737.208333333334
11730.5
11653.25
11726.208333333334
11756.541666666666
11787.583333333334
11831.125
11856.25
11796.666666666666
11768.791666666666
11750.583333333334
11804.111111111111
11715.307692307691
11762.666666666666
11731.545454545454
11693.833333333334
11763.125
11769.791666666666
11907.041666666666
11930.5
11835.333333333334
11795.708333333334
11708.041666666666
11719.0
11716.75
11749.333333333334
11741.083333333334
11740.333333333334
11662.416666666666
11645.666666666666
11711.291666666666
11676.5
11756.416666666666
11784.333333333334
11719.666666666666
11771.291666666666
11820.083333333334
11896.833333333334
11908.208333333334
11844.041666666666
11958.291666666666
11976.666666666666
11977.583333333334
11889.458333333334
11859.666666666666
11846.041666666666
11805.375
11728.0
11656.0
11645.5
11683.291666666666
11709.791666666666
11800.416666666666
11792.583333333334
11745.333333333334
11745.625
11767.5
11786.458333333334
11837.583333333334
11923.625
11900.416666666666
11791.583333333334
11856.5
11885.5
11890.958333333334
11880.666666666666
11901.0
11905.416666666666
11942.166666666666
11955.166666666666
11995.083333333334
12006.583333333334
11950.75
11920.541666666666
11906.5
11861.916666666666
11804.916666666666
11745.666666666666
11795.041666666666
11828.791666666666
11797.541666666666
11796.333333333334
11776.791666666666
11822.708333333334
11874.125
11906.166666666666
11929.25
11875.291666666666
11815.333333333334
11813.041666666666
11856.111111111111
11899.42857142857
11927.75
11916.083333333334
11940.0
11957.875
12006.083333333334
11968.541666666666
12010.583333333334
12007.5
11979.208333333334
11957.166666666666
11984.791666666666
11930.666666666666
11945.291666666666
11925.541666666666
11877.625
11825.333333333334
11838.125
11837.291666666666
11858.0
11809.625
11829.041666666666
11866.25
11843.375
11889.166666666666
11903.75
11889.458333333334
11893.208333333334
11904.916666666666
11915.833333333334
11970.875
11978.541666666666
12001.791666666666
11980.791666666666
12055.916666666666
12014.958333333334
11976.291666666666
12009.625
11977.208333333334
11981.791666666666
12002.25
11939.833333333334
11843.041666666666
11805.5
11788.708333333334
11783.625
11820.916666666666
11844.208333333334
11875.833333333334
11911.375
11889.291666666666
11863.791666666666
11848.708333333334
11794.5
11801.333333333334
11816.541666666666
11848.375
11899.416666666666
11918.333333333334
11919.125
12013.083333333334
12041.583333333334
12036.291666666666
12049.208333333334
11924.458333333334
11958.208333333334
12016.583333333334
12084.791666666666
12117.458333333334
12128.5
11920.833333333334
11949.208333333334
11959.0
11979.083333333334
11998.833333333334
11999.458333333334
12035.125
12024.083333333334
11993.25
11967.125
12031.208333333334
12030.083333333334
12000.666666666666
11978.291666666666
11983.458333333334
12020.0
12093.416666666666
12116.416666666666
12141.458333333334
12138.041666666666
12125.208333333334
12146.791666666666
12184.166666666666
12199.5
12212.791666666666
12229.041666666666
12206.833333333334
12166.458333333334
12098.0
12033.166666666666
11993.666666666666
12014.875
12001.5
12023.3
12045.25
11993.75
11996.75
12008.333333333334
12011.125
12017.083333333334
12067.166666666666
12079.166666666666
12051.416666666666
12103.666666666666
12111.125
12068.041666666666
12040.291666666666
12037.916666666666
12055.708333333334
12112.888888888889
12049.666666666666
12105.708333333334
12111.25
12039.958333333334
12013.208333333334
12052.708333333334
12024.041666666666
12005.125
11935.666666666666
11942.291666666666
11927.666666666666
11907.875
11926.625
11938.416666666666
11947.375
11960.166666666666
12012.875
12082.125
12030.75
12006.416666666666
12038.333333333334
11992.0
11998.625
12024.958333333334
12074.625
12083.583333333334
12085.421052631578
12123.727272727272
12132.416666666666
12126.416666666666
12124.166666666666
12110.083333333334
12109.833333333334
12095.875
12071.083333333334
12046.666666666666
11980.916666666666
11988.75
12005.625
12050.75
11980.208333333334
11966.708333333334
11977.458333333334
11992.958333333334
12003.083333333334
12015.5
11995.833333333334
11978.166666666666
11945.291666666666
11966.25
12004.666666666666
12008.208333333334
12040.5
12021.833333333334
12018.125
12037.416666666666
12058.083333333334
12065.541666666666
12044.458333333334
12009.291666666666
12034.75
12020.875
12053.416666666666
12084.583333333334
12047.25
12054.583333333334
12044.916666666666
12046.833333333334
12001.708333333334
12000.583333333334
12022.791666666666
12054.833333333334
12025.541666666666
12071.5
12097.666666666666
12040.333333333334
12025.875
12026.375
12031.666666666666
12002.25
12037.166666666666
12023.458333333334
12068.208333333334
12092.0
12063.875
12029.166666666666
12020.625
12036.833333333334
12038.833333333334
12020.916666666666
12035.916666666666
12085.708333333334
12078.541666666666
12074.458333333334
12052.833333333334
12045.291666666666
11998.041666666666
12056.75
12061.0
12009.0
12059.125
12027.291666666666
12023.666666666666
11984.125
12087.708333333334
12005.625
12054.041666666666
12047.75
12039.125
12073.083333333334
12002.0
12010.0
12016.916666666666
12033.458333333334
12012.875
12018.958333333334
12064.384615384615
12000.315789473685
11978.708333333334
11991.875
12005.125
11991.416666666666
12005.875
12057.833333333334
12124.416666666666
12059.375
12085.958333333334
12056.833333333334
12027.875
12005.458333333334
11933.375
11983.291666666666
12018.5
12025.791666666666
12017.916666666666
12020.083333333334
12011.666666666666
12008.041666666666
12064.208333333334
12138.041666666666
12104.666666666666
12094.875
12115.458333333334
12138.166666666666
12100.333333333334
12064.125
12058.333333333334
12121.875
12091.833333333334
12122.791666666666
12096.541666666666
12096.458333333334
12053.958333333334
12020.666666666666
12001.166666666666
12010.625
12047.416666666666
12092.625
12057.541666666666
12104.166666666666
12133.782608695652
12113.583333333334
12178.125
12176.0
12123.0
12093.25
12041.541666666666
12040.958333333334
12072.5
12137.875
12115.541666666666
12105.833333333334
12124.958333333334
12042.875
12036.5
11999.458333333334
11954.5
12029.708333333334
11981.125
11940.833333333334
11877.083333333334
11900.875
11960.25
11929.208333333334
11938.791666666666
11986.333333333334
11962.916666666666
11952.875
11987.791666666666
11989.833333333334
12009.416666666666
12029.458333333334
12026.791666666666
12056.0
12069.166666666666
12007.5
12004.791666666666
12006.625
12064.333333333334
12123.166666666666
12120.208333333334
12115.25
12025.375
11994.375
12060.291666666666
12007.708333333334
11954.041666666666
11933.916666666666
11748.833333333334
11761.208333333334
11778.916666666666
11813.75
11768.166666666666
11714.958333333334
11690.083333333334
11681.666666666666
11746.583333333334
11722.791666666666
11701.291666666666
11701.583333333334
11704.304347826086
11659.0
11672.833333333334
11800.041666666666
11822.375
11831.458333333334
11816.875
11847.5
11865.375
11900.916666666666
11894.25
11883.166666666666
11863.583333333334
11805.958333333334
11851.541666666666
11846.791666666666
11826.833333333334
11789.166666666666
11795.291666666666
11842.0
11825.375
11813.916666666666
11848.791666666666
11818.291666666666
11769.0
11778.416666666666
11732.625
11683.125
11665.583333333334
11691.0
11693.875
11730.083333333334
11760.25
11770.791666666666
11792.791666666666
11799.291666666666
11833.25
11868.333333333334
12022.5
12213.791666666666
12204.791666666666
12199.625
12195.625
12246.5
12220.208333333334
12106.583333333334
12174.833333333334
12147.0
12154.416666666666
12198.208333333334
12194.833333333334
12197.333333333334
12169.833333333334
12149.333333333334
12198.772727272728
12212.0
12206.958333333334
12132.291666666666
12138.208333333334
12101.125
12141.333333333334
12183.0
12180.916666666666
12202.708333333334
12222.666666666666
12199.75
12208.125
12198.416666666666
12229.208333333334
12262.791666666666
12202.041666666666
12164.583333333334
12160.208333333334
12132.916666666666
12107.875
12136.5
12152.333333333334
12131.208333333334
12134.916666666666
12143.916666666666
12162.25
12224.916666666666
12228.291666666666
12223.25
12198.041666666666
12188.25
12108.458333333334
12072.291666666666
12009.875
11992.5
12089.25
12110.833333333334
12134.916666666666
12112.041666666666
12156.041666666666
12227.916666666666
12232.25
12215.458333333334
12100.5
12093.583333333334
12111.541666666666
12084.541666666666
12080.583333333334
12130.958333333334
12189.208333333334
12087.083333333334
12064.833333333334
12065.0
12121.208333333334
12092.208333333334
12131.041666666666
12099.833333333334
12094.791666666666
12117.708333333334
12132.25
12112.375
12080.666666666666
12088.57142857143
12113.666666666666
12114.791666666666
12022.625
11955.416666666666
11993.625
12035.708333333334
12106.208333333334
12133.333333333334
12172.375
12160.666666666666
12145.125
12124.541666666666
12212.666666666666
12185.041666666666
12169.458333333334
12184.083333333334
12163.416666666666
12183.666666666666
12160.083333333334
12153.833333333334
12140.833333333334
12211.583333333334
12169.208333333334
12169.708333333334
12028.318181818182
12029.75
12000.083333333334
11972.666666666666
11893.5
11949.958333333334
11996.0
11987.083333333334
12002.333333333334
11999.916666666666
11984.416666666666
11983.833333333334
12014.25
12038.208333333334
12049.208333333334
12027.75
12012.083333333334
12014.583333333334
11976.833333333334
11966.708333333334
11989.375
11964.375
12030.291666666666
12084.625
12175.583333333334
12115.0
12082.5
12041.333333333334
12004.708333333334
11921.708333333334
11982.416666666666
11909.833333333334
11936.791666666666
11925.375
11953.583333333334
11949.5
12147.791666666666
12198.666666666666
12180.5
12220.958333333334
12241.208333333334
12235.75
12243.333333333334
12278.916666666666
12268.625
12233.416666666666
12230.333333333334
12227.583333333334
12154.5
12144.958333333334
12184.833333333334
12155.25
12145.958333333334
12182.291666666666
12216.708333333334
12220.083333333334
12206.708333333334
12175.25
12170.458333333334
12208.25
12088.166666666666
12112.0
12148.583333333334
12140.291666666666
12145.166666666666
12123.541666666666
12167.541666666666
12174.75
12152.041666666666
12158.416666666666
12182.25
12173.041666666666
12181.583333333334
12219.041666666666
12192.75
12187.333333333334
12211.458333333334
12223.5
12198.958333333334
12183.708333333334
12174.166666666666
12180.666666666666
12187.25
12162.833333333334
12131.458333333334
12139.708333333334
12143.0
12169.666666666666
12152.166666666666
12158.75
12175.958333333334
12196.25
12233.0
12228.833333333334
12172.375
12181.0
12142.5
12080.208333333334
12106.25
12070.291666666666
12095.541666666666
12137.166666666666
12164.625
12192.541666666666
12152.541666666666
12159.208333333334
12174.375
12173.666666666666
12219.083333333334
12224.0
12178.25
12200.041666666666
12233.541666666666
12156.708333333334
12088.875
12119.083333333334
12025.791666666666
11994.291666666666
12029.291666666666
12014.166666666666
12020.041666666666
12062.208333333334
12059.125
12063.125
12083.875
12025.875
12003.25
11997.916666666666
12092.041666666666
12108.958333333334
12107.583333333334
12161.083333333334
12211.0
12185.083333333334
12153.541666666666
12323.458333333334
12404.375
12331.521739130434
12216.333333333334
12190.0
12243.125
12224.5
12192.625
12171.791666666666
12073.458333333334
12165.916666666666
12067.791666666666
11997.541666666666
12039.291666666666
12225.708333333334
12281.5
12297.5
12296.625
12290.166666666666
12286.208333333334
12179.916666666666
12146.333333333334
12181.458333333334
12274.0
12232.166666666666
12178.916666666666
12165.541666666666
12192.083333333334
12186.625
12184.875
12193.166666666666
12193.916666666666
12189.375
12179.916666666666
12166.583333333334
12187.875
12164.958333333334
12153.0
12187.916666666666
