11737.720430107527
11758.478494623656
11703.191964285714
11771.59811827957
11875.166666666666
11867.962365591398
11839.345833333333
11857.099462365592
11853.309139784946
11868.2625
11928.463709677419
11929.922222222222
11883.625841184388
11755.895161290322
11658.31994047619
11622.687752355316
11573.0625
11590.902739726027
11549.202777777778
11598.348299319729
11550.895890410959
11500.492040520983
11492.861224489796
11457.513888888889
11285.518817204302
11298.231182795698
11329.35267857143
11217.125168236878
11173.130185979971
11276.798611111111
11001.707736389684
11122.015337423312
11129.660247592847
11108.687319884726
11067.282453637661
11218.073170731708
11360.6576819407
11263.931451612903
11105.30316091954
10865.77822580645
11165.440509915014
11164.5731874145
11021.816666666668
10762.59940652819
10788.210095497954
10948.901685393259
10997.40625
11018.2375
11013.727150537634
11124.947368421053
11132.75744047619
10989.433378196502
11029.22695035461
10759.412398921833
10727.870833333332
10793.960916442049
10846.81081081081
10898.073919107392
11052.047043010753
11015.081944444444
10921.850806451614
10822.664872139972
10651.24107142857
10801.45430107527
10881.687065368567
10951.06548431105
10773.955555555556
10866.223287671233
10939.290322580646
10848.919444444444
10895.743279569893
10858.256944444445
10613.306451612903
10732.432795698925
10718.56994047619
10618.989247311827
10702.394444444444
10871.031073446327
10834.495833333332
10967.24386920981
10993.295945945945
11011.753934191702
11068.62246278755
11087.214084507043
11093.227456258412
11228.125
11348.201149425287
11299.366935483871
11278.713687150837
11313.985074626866
11464.662030598052
11455.504054054054
11539.619482496195
11516.310443490702
11656.843922651933
11721.590277777777
11715.935397039031
11827.74059139785
11824.660208643816
11989.023668639053
11909.388888888889
11930.912011173185
11888.080691642652
11796.493279569893
11692.572580645161
11644.556944444445
11733.303072625698
11794.330555555556
11843.963709677419
11898.798090040927
11911.44642857143
11955.344086021505
12073.161516853932
12023.025073746312
12039.814866760169
12032.35597826087
12042.981182795698
12019.710365853658
12089.250336473755
12007.641666666666
12037.148148148148
11784.714864864865
11903.61607142857
12176.746376811594
12137.573611111111
12113.487839771102
12034.17027863777
12110.459677419354
12175.22311827957
12164.961111111112
12130.718707940781
12185.032033426183
