6701.868279569892
6713.3580786026205
6735.947916666667
6779.067294751009
6819.951145038168
6825.477150537635
6814.183333333333
6804.603494623656
6802.942204301075
6818.030555555555
6837.551075268817
6842.452662721894
6849.555107526881
6811.544354838709
6713.551569506726
6654.679676985195
6599.591352859135
6628.885752688172
6609.090403337969
6593.908713692946
6576.561141304348
6577.058333333333
6603.086021505376
6574.134722222222
6533.1251682368775
6558.889784946236
6528.706845238095
6507.368279569892
6383.586111111111
6459.496626180837
6291.715277777777
6347.317204301075
6362.079301075269
6354.863888888889
6319.947580645161
6397.379166666667
6485.162634408603
6393.631720430108
6321.505747126437
6160.811320754717
6367.384722222222
6387.190860215053
6300.047222222222
6115.93135935397
6148.1088709677415
6240.519444444444
6234.231182795699
6259.706944444444
6303.35989010989
6322.798387096775
6326.090773809524
6271.082210242587
6279.305555555556
6102.095430107527
6021.82729805014
6071.342741935484
6128.244897959184
6191.675
6260.342741935484
6229.738888888889
6175.487903225807
6204.060483870968
6090.5922619047615
6133.560483870968
6163.134722222222
6213.23252688172
6128.340277777777
6170.123655913979
6230.479138627187
6161.480555555556
6164.086021505376
6145.252777777778
6019.544354838709
6071.111559139785
6084.318452380952
6002.822580645161
6057.448611111111
6129.934139784947
6113.594444444445
6186.756720430108
6195.850806451613
6197.4111111111115
6211.73252688172
6236.8875
6275.6411290322585
6376.439516129032
6430.612068965517
6419.565860215053
6431.877777777778
6437.681451612903
6469.066666666667
6439.466397849463
6484.826612903225
6490.901315789473
6529.913978494624
6570.788888888889
6567.458333333333
6606.243279569892
6623.077380952381
6641.783602150537
6603.605555555556
6619.690860215053
6636.790277777778
6573.475806451613
6504.220430107527
6462.220833333334
6532.861559139785
6603.833333333333
6622.754032258064
6621.665322580645
6641.961309523809
6650.229838709677
6665.368347338936
6655.3481182795695
6695.690277777778
6689.989247311828
6690.092741935484
6700.084722222222
6710.7244623655915
6698.006944444444
6686.3494623655915
6687.850806451613
6677.581845238095
6721.638440860215
6720.059722222222
6662.521505376344
6707.347222222223
6707.393817204301
6701.528225806452
6727.159722222223
6740.514784946236
6727.752777777778
