6715.458333333333
6727.833333333333
6727.791666666667
6716.416666666667
6680.125
6656.458333333333
6670.5
6683.208333333333
6689.541666666667
6690.25
6686.666666666667
6663.0
6672.0
6698.25
6717.291666666667
6719.458333333333
6684.083333333333
6669.041666666667
6683.375
6700.333333333333
6725.166666666667
6735.291666666667
6695.541666666667
6682.208333333333
6660.291666666667
6702.125
6743.458333333333
6737.75
6741.375
6760.791666666667
6722.833333333333
6717.0
6712.208333333333
6707.5
6733.208333333333
6759.625
6748.916666666667
6722.125
6701.125
6705.791666666667
6727.916666666667
6729.583333333333
6704.75
6697.75
6702.333333333333
6716.75
6704.791666666667
6682.958333333333
6672.625
6698.375
6727.875
6729.625
6738.416666666667
6757.583333333333
6714.875
6692.333333333333
6708.083333333333
6704.416666666667
6697.333333333333
6672.875
6693.333333333333
6727.208333333333
6734.083333333333
6724.375
6750.0
6739.0
6740.75
6743.583333333333
6759.166666666667
6752.708333333333
6750.166666666667
6745.291666666667
6770.916666666667
6732.958333333333
6725.166666666667
6732.25
6736.75
6755.041666666667
6760.75
6756.333333333333
6732.375
6707.125
6707.125
6707.208333333333
6736.625
6734.166666666667
6722.583333333333
6729.5
6739.125
6736.291666666667
6725.541666666667
6744.375
6752.173913043478
6777.041666666667
6790.833333333333
6782.75
6786.916666666667
6808.666666666667
6797.208333333333
6766.041666666667
6761.666666666667
6731.958333333333
6748.75
6750.875
6771.791666666667
6792.208333333333
6800.0
6788.833333333333
6772.75
6800.25
6782.333333333333
6791.208333333333
6816.166666666667
6813.416666666667
6811.5
6803.875
6793.708333333333
6800.416666666667
6811.291666666667
6823.541666666667
6808.708333333333
6820.166666666667
6816.625
6811.833333333333
6826.625
6828.0
6823.666666666667
6800.708333333333
6786.791666666667
6779.0
6841.666666666667
6854.125
6833.5
6816.458333333333
6817.125
6812.041666666667
6826.041666666667
6824.333333333333
6831.583333333333
6823.791666666667
6807.0
6790.5
6819.75
6810.041666666667
6826.083333333333
6842.333333333333
6827.583333333333
6827.833333333333
6829.0
6822.5
6835.291666666667
6850.708333333333
6838.333333333333
6825.583333333333
6820.125
6805.333333333333
6821.375
6836.916666666667
6843.041666666667
6850.625
6833.208333333333
6808.0
6810.75
6823.5
6827.333333333333
6840.25
6817.625
6798.375
6811.75
6830.25
6821.125
6833.125
6846.083333333333
6848.791666666667
6845.0
6802.958333333333
6800.083333333333
6784.916666666667
6828.875
6842.333333333333
6858.041666666667
6809.916666666667
6832.125
6844.0
6832.041666666667
6812.833333333333
6827.541666666667
6818.333333333333
6834.25
6831.583333333333
6813.791666666667
6815.75
6838.666666666667
6820.958333333333
6816.541666666667
6822.291666666667
6821.041666666667
6828.708333333333
6812.875
6799.583333333333
6813.458333333333
6807.666666666667
6770.625
6760.958333333333
6777.916666666667
6771.166666666667
6784.75
6776.875
6784.916666666667
6795.083333333333
6820.458333333333
6830.208333333333
6836.75
6836.541666666667
6824.208333333333
6801.375
6802.5
6795.708333333333
6780.166666666667
6804.583333333333
6796.166666666667
6783.625
6793.875
6796.25
6824.291666666667
6825.0
6832.833333333333
6834.833333333333
6810.416666666667
6808.666666666667
6784.75
6770.125
6791.708333333333
6798.541666666667
6793.416666666667
6801.625
6796.333333333333
6785.458333333333
6802.291666666667
6803.25
6814.125
6829.208333333333
6817.875
6779.416666666667
6742.916666666667
6755.583333333333
6749.166666666667
6763.791666666667
6776.791666666667
6808.291666666667
6808.333333333333
6829.333333333333
6830.0
6842.291666666667
6849.75
6847.416666666667
6843.333333333333
6821.875
6794.791666666667
6774.291666666667
6794.5
6791.166666666667
6815.291666666667
6803.291666666667
6792.166666666667
6810.5
6799.833333333333
6798.375
6804.0
6800.25
6788.291666666667
6802.083333333333
6822.791666666667
6800.833333333333
6799.333333333333
6830.416666666667
6819.208333333333
6807.666666666667
6791.125
6787.75
6789.291666666667
6799.458333333333
6836.708333333333
6791.5
6788.458333333333
6806.916666666667
6829.375
6811.291666666667
6814.958333333333
6808.75
6809.791666666667
6819.291666666667
6852.5
6866.333333333333
6853.541666666667
6842.25
6810.833333333333
6856.166666666667
6855.708333333333
6848.291666666667
6858.375
6847.041666666667
6861.208333333333
6852.166666666667
6816.916666666667
6810.375
6826.458333333333
6848.291666666667
6832.958333333333
6855.0
6846.958333333333
6823.083333333333
6833.291666666667
6819.666666666667
6827.041666666667
6822.666666666667
6835.0
6858.375
6876.916666666667
6876.208333333333
6867.958333333333
6846.416666666667
6827.458333333333
6815.333333333333
6810.333333333333
6833.083333333333
6842.333333333333
6839.875
6817.083333333333
6820.208333333333
6816.0
6807.833333333333
6822.75
6799.958333333333
6823.75
6825.541666666667
6818.791666666667
6809.75
6829.916666666667
6821.958333333333
6845.0
6829.291666666667
6841.708333333333
6838.125
6824.25
6839.375
6859.833333333333
6868.666666666667
6867.5
6844.958333333333
6849.875
6841.541666666667
6855.416666666667
6873.458333333333
6846.708333333333
6851.0
6866.666666666667
6882.916666666667
6869.791666666667
6857.625
6874.041666666667
6867.666666666667
6865.166666666667
6862.458333333333
6860.708333333333
6831.333333333333
6819.291666666667
6826.958333333333
6838.291666666667
6830.041666666667
6846.625
6841.791666666667
6856.375
6872.916666666667
6861.708333333333
6883.208333333333
6875.708333333333
6840.666666666667
6851.875
6862.125
6885.625
6868.166666666667
6838.916666666667
6859.375
6833.0
6810.458333333333
6815.916666666667
6836.0
6839.0
6837.791666666667
6843.0
6850.583333333333
6815.25
6846.25
6851.041666666667
6853.208333333333
6857.291666666667
6856.833333333333
6862.0
6827.458333333333
6809.625
6795.708333333333
6805.041666666667
6802.583333333333
6796.375
6803.833333333333
6813.5
6818.083333333333
6836.5
6848.083333333333
6798.125
6755.333333333333
6748.041666666667
6752.5
6762.166666666667
6780.916666666667
6787.291666666667
6784.375
6821.666666666667
6810.125
6805.791666666667
6802.291666666667
6780.333333333333
6756.5
6759.208333333333
6758.291666666667
6667.416666666667
6731.391304347826
6738.291666666667
6714.695652173913
6738.782608695652
6755.958333333333
6730.875
6704.166666666667
6662.333333333333
6670.958333333333
6708.791666666667
6698.125
6685.25
6712.666666666667
6709.583333333333
6693.875
6652.25
6694.416666666667
6718.833333333333
6715.5
6734.0
6725.958333333333
6698.0
6664.833333333333
6679.375
6663.25
6665.125
6658.708333333333
6654.416666666667
6662.04347826087
6630.833333333333
6664.666666666667
6670.541666666667
6667.083333333333
6625.083333333333
6626.625
6662.25
6691.791666666667
6705.583333333333
6697.083333333333
6676.166666666667
6638.0
6635.291666666667
6609.041666666667
6649.208333333333
6661.333333333333
6661.166666666667
6677.625
6663.708333333333
6618.041666666667
6639.25
6620.041666666667
6647.458333333333
6647.333333333333
6627.25
6626.25
6623.0
6592.291666666667
6610.565217391304
6544.125
6498.708333333333
6557.791666666667
6571.833333333333
6576.695652173913
6595.208333333333
6605.75
6574.916666666667
6600.875
6579.333333333333
6555.416666666667
6585.565217391304
6602.791666666667
6612.208333333333
6632.208333333333
6637.791666666667
6635.416666666667
6610.375
6608.125
6615.5
6621.25
6627.125
6612.916666666667
6619.791666666667
6641.041666666667
6611.791666666667
6633.666666666667
6644.166666666667
6607.583333333333
6607.0
6626.666666666667
6624.75
6615.0
6623.083333333333
6618.166666666667
6629.458333333333
6639.791666666667
6606.791666666667
6617.25
6612.0
6634.458333333333
6636.666666666667
6649.25
6635.375
6623.041666666667
6603.041666666667
6608.083333333333
6632.583333333333
6647.208333333333
6673.375
6704.833333333333
6681.208333333333
6663.666666666667
6673.125
6557.0
6588.666666666667
6578.5
6627.041666666667
6627.083333333333
6601.958333333333
6597.083333333333
6607.333333333333
6634.666666666667
6615.708333333333
6621.25
6620.791666666667
6618.208333333333
6628.375
6630.666666666667
6639.541666666667
6638.833333333333
6623.25
6600.791666666667
6596.208333333333
6593.833333333333
6606.041666666667
6597.0
6561.125
6575.541666666667
6598.083333333333
6613.583333333333
6615.25
6607.75
6592.416666666667
6593.916666666667
6595.217391304348
6593.583333333333
6611.826086956522
6603.583333333333
6574.958333333333
6580.583333333333
6605.041666666667
6609.166666666667
6610.875
6596.333333333333
6608.25
6617.208333333333
6609.416666666667
6605.208333333333
6665.652173913043
6722.5
6568.208333333333
6586.958333333333
6595.875
6600.458333333333
6638.708333333333
6640.916666666667
6608.791666666667
6618.583333333333
6626.291666666667
6580.041666666667
6567.916666666667
6663.4
6164.388888888889
6568.833333333333
6555.791666666667
6574.5
6574.75
6594.333333333333
6599.416666666667
6598.25
6399.791666666667
6405.916666666667
6451.083333333333
6499.833333333333
6523.15
6559.25
6565.416666666667
6557.375
6555.833333333333
6562.458333333333
6570.666666666667
6594.347826086957
6604.608695652174
6602.826086956522
6616.130434782609
6612.041666666667
6633.458333333333
6618.458333333333
6631.583333333333
6634.208333333333
6616.875
6607.458333333333
6607.166666666667
6610.541666666667
6597.541666666667
6607.791666666667
6618.416666666667
6612.916666666667
6608.0
6610.75
6612.25
6630.625
6642.666666666667
6608.416666666667
6593.958333333333
6565.416666666667
6589.541666666667
6549.083333333333
6569.916666666667
6580.291666666667
6583.666666666667
6598.5
6554.791666666667
6494.791666666667
6528.25
6550.458333333333
6573.916666666667
6588.708333333333
6567.208333333333
6583.25
6567.375
6555.75
6555.083333333333
6568.208333333333
6566.083333333333
6555.375
6561.75
6597.666666666667
6606.25
6613.083333333333
6613.458333333333
6629.0
6612.875
6551.25
6577.0
6604.291666666667
6615.333333333333
6664.375
6615.0
6614.083333333333
6617.958333333333
6639.958333333333
6658.125
6627.041666666667
6585.125
6609.708333333333
6621.916666666667
6628.083333333333
6634.916666666667
6652.0
6595.083333333333
6552.541666666667
6543.166666666667
6557.25
6566.5
6585.583333333333
6605.708333333333
6575.208333333333
6523.791666666667
6522.5
6551.666666666667
6586.666666666667
6617.5
6619.875
6630.916666666667
6649.25
6630.0
6617.333333333333
6625.333333333333
6587.791666666667
6586.333333333333
6614.125
6594.625
6529.333333333333
6530.083333333333
6542.625
6551.708333333333
6534.833333333333
6538.291666666667
6540.291666666667
6566.791666666667
6573.625
6567.875
6565.25
6549.875
6554.25
6520.291666666667
6556.041666666667
6568.958333333333
6565.291666666667
6545.625
6561.666666666667
6566.083333333333
6573.041666666667
6562.625
6548.041666666667
6551.875
6582.869565217391
6575.958333333333
6578.333333333333
6567.25
6525.416666666667
6469.25
6430.291666666667
6448.291666666667
6486.625
6500.5
6508.666666666667
6511.958333333333
6527.375
6536.25
6551.541666666667
6544.416666666667
6543.708333333333
6543.166666666667
6529.083333333333
6515.125
6507.041666666667
6528.166666666667
6543.416666666667
6563.166666666667
6570.166666666667
6575.541666666667
6572.125
6582.083333333333
6600.75
6572.416666666667
6555.458333333333
6555.375
6602.541666666667
6577.416666666667
6573.791666666667
6566.833333333333
6517.333333333333
6515.375
6526.166666666667
6556.291666666667
6547.375
6534.291666666667
6544.708333333333
6544.75
6542.875
6549.875
6552.333333333333
6555.791666666667
6556.875
6552.541666666667
6560.125
6591.458333333333
6563.625
6546.125
6527.041666666667
6503.25
6519.75
6546.708333333333
6517.333333333333
6521.041666666667
6539.208333333333
6567.75
6568.708333333333
6580.666666666667
6571.0
6560.375
6577.708333333333
6598.916666666667
6556.75
6579.708333333333
6592.666666666667
6369.458333333333
6368.75
6438.583333333333
6474.833333333333
6508.333333333333
6543.791666666667
6551.125
6539.666666666667
6521.458333333333
6528.875
6530.333333333333
6530.583333333333
6480.666666666667
6530.166666666667
6533.5
6552.125
6551.833333333333
6553.875
6559.083333333333
6578.125
6571.25
6474.916666666667
6486.625
6459.041666666667
6469.708333333333
6465.416666666667
6465.25
6469.25
6449.75
6473.208333333333
6494.041666666667
6469.125
6502.833333333333
6525.125
6564.833333333333
6547.666666666667
6534.041666666667
6527.541666666667
6540.583333333333
6547.333333333333
6404.291666666667
6416.625
6438.0
6374.041666666667
6309.666666666667
6356.541666666667
6370.958333333333
6301.25
6271.583333333333
6271.125
6338.0
6359.416666666667
6380.125
6320.208333333333
6339.791666666667
6369.125
6378.541666666667
6403.375
6414.833333333333
6439.5
6446.208333333333
6387.125
6393.0
6388.583333333333
6394.416666666667
6397.791666666667
6420.916666666667
6439.5
6467.875
6455.791666666667
6463.041666666667
6417.25
6394.416666666667
6375.125
6416.727272727273
6405.041666666667
6435.0
6453.291666666667
6478.708333333333
6485.5
6474.375
6491.666666666667
6487.708333333333
6510.291666666667
6524.521739130435
6539.0
6505.833333333333
6487.625
6485.166666666667
6481.333333333333
6465.416666666667
6458.541666666667
6465.958333333333
6470.666666666667
6465.375
6463.291666666667
6497.166666666667
6503.75
6465.708333333333
6429.958333333333
6391.5
6376.208333333333
6358.666666666667
6388.041666666667
6389.791666666667
6403.875
6431.125
6290.166666666667
6358.75
6360.25
6346.666666666667
6377.0
6300.958333333333
6282.75
6337.166666666667
6359.083333333333
6343.833333333333
6339.5
6328.958333333333
6204.75
6193.833333333333
6229.25
6268.541666666667
6298.791666666667
6281.708333333333
6165.916666666667
6077.75
6112.333333333333
6175.208333333333
6237.5
6265.041666666667
6294.041666666667
6308.875
6303.916666666667
6323.458333333333
6358.083333333333
6353.25
6367.291666666667
6385.291666666667
6325.0
6374.5
6410.25
6412.25
6265.916666666667
6241.583333333333
6295.125
6298.458333333333
6311.041666666667
6338.458333333333
6359.916666666667
6378.333333333333
6347.083333333333
6331.666666666667
6305.25
6297.958333333333
6315.5
6362.583333333333
6373.041666666667
6382.125
6388.791666666667
6409.625
6395.25
6398.75
6357.083333333333
6366.666666666667
6377.666666666667
6368.791666666667
6382.416666666667
6335.916666666667
6193.833333333333
6223.083333333333
6305.416666666667
6334.5
6346.625
6362.125
6357.458333333333
6357.916666666667
6362.375
6377.708333333333
6338.416666666667
6334.583333333333
6325.666666666667
6361.708333333333
6399.208333333333
6406.75
6401.666666666667
6393.875
6378.291666666667
6395.541666666667
6408.916666666667
6382.166666666667
6375.458333333333
6401.083333333333
6428.833333333333
6439.791666666667
6456.791666666667
6457.333333333333
6452.416666666667
6430.958333333333
6414.583333333333
6426.458333333333
6440.458333333333
6449.291666666667
6474.166666666667
6317.208333333333
6273.5
6283.041666666667
6281.416666666667
6267.083333333333
6290.208333333333
6328.541666666667
6327.875
6272.666666666667
6363.333333333333
6372.833333333333
6395.25
6448.416666666667
6457.791666666667
6445.541666666667
6448.25
6305.916666666667
6155.666666666667
6173.75
6204.5
6230.666666666667
6234.083333333333
6230.291666666667
6273.75
6304.583333333333
6266.541666666667
6248.583333333333
6279.375
6283.333333333333
6249.083333333333
6233.625
6263.75
6294.75
6301.875
6292.916666666667
6249.375
6265.833333333333
6310.583333333333
6361.291666666667
6403.333333333333
6419.291666666667
6435.958333333333
6444.916666666667
6427.833333333333
6471.375
6204.375
6283.208333333333
6297.25
6351.625
6408.125
6439.208333333333
6388.25
6317.333333333333
6291.916666666667
6311.833333333333
6339.916666666667
6365.458333333333
6355.75
6380.291666666667
6360.083333333333
6420.166666666667
6384.291666666667
6368.666666666667
6378.791666666667
6403.541666666667
6407.833333333333
6426.125
6391.666666666667
6418.833333333333
6426.375
6422.708333333333
6449.75
6442.833333333333
6392.291666666667
6432.041666666667
6416.083333333333
6444.166666666667
6479.458333333333
6462.083333333333
6495.583333333333
6382.333333333333
6353.166666666667
6467.291666666667
6472.291666666667
6449.666666666667
6478.458333333333
6489.958333333333
6465.416666666667
6457.208333333333
6454.125
6463.416666666667
6486.083333333333
6434.0
6432.291666666667
6463.0
6520.208333333333
6548.791666666667
6577.75
6568.833333333333
6540.416666666667
6515.541666666667
6516.625
6483.25
6472.208333333333
6439.666666666667
6487.458333333333
6491.291666666667
6499.416666666667
6522.958333333333
6491.416666666667
6472.5
6449.416666666667
6429.083333333333
6430.291666666667
6401.625
6392.125
6399.125
6437.041666666667
6463.0
6474.875
6477.458333333333
6479.041666666667
6453.875
6481.583333333333
6481.875
6453.041666666667
6462.291666666667
6451.125
6447.791666666667
6430.291666666667
6462.208333333333
6477.75
6470.666666666667
6444.416666666667
6394.541666666667
6292.666666666667
6309.875
6196.75
6227.875
6267.416666666667
6286.708333333333
6276.0
6288.708333333333
6190.541666666667
6093.458333333333
6166.75
6273.833333333333
6351.291666666667
6357.458333333333
6327.875
6347.333333333333
6363.541666666667
6366.583333333333
6347.625
6339.541666666667
6334.916666666667
6360.541666666667
6324.791666666667
6247.416666666667
6270.125
6289.041666666667
6326.958333333333
6350.5
6358.583333333333
6393.916666666667
6433.125
6423.208333333333
6422.333333333333
6412.625
6405.791666666667
6266.208333333333
6178.75
6189.541666666667
6239.75
6290.416666666667
6335.958333333333
6309.125
6331.25
6312.041666666667
6309.666666666667
5968.333333333333
5590.0
5747.083333333333
5846.375
5813.416666666667
5765.166666666667
5945.291666666667
5988.5
6002.958333333333
6086.416666666667
6165.583333333333
6184.291666666667
6234.625
6262.181818181818
6284.958333333333
6332.708333333333
6338.208333333333
6332.958333333333
6320.958333333333
6347.708333333333
6310.25
6327.375
6346.791666666667
6323.25
6350.625
6339.0
6345.583333333333
6356.916666666667
6312.583333333333
6201.916666666667
6283.541666666667
6299.458333333333
6292.291666666667
6307.875
6311.0
6336.625
6377.416666666667
6394.041666666667
6442.541666666667
6455.333333333333
6464.083333333333
6466.833333333333
6493.041666666667
6494.208333333333
6429.75
6420.791666666667
6404.0
6394.458333333333
6336.541666666667
6277.208333333333
6314.583333333333
6341.208333333333
6370.5
6407.583333333333
6432.041666666667
6445.0
6479.666666666667
6390.541666666667
6391.333333333333
6420.041666666667
6430.875
6414.666666666667
6391.166666666667
6400.666666666667
6423.375
6430.25
6378.416666666667
6377.083333333333
6370.291666666667
6394.416666666667
6435.416666666667
6350.458333333333
6350.916666666667
6360.458333333333
6346.25
6345.541666666667
6347.208333333333
6343.75
6341.125
6378.583333333333
6392.583333333333
6409.0
6408.0
6378.958333333333
6244.833333333333
6263.208333333333
6272.333333333333
6278.666666666667
6265.166666666667
6275.208333333333
6250.0
6257.875
6262.041666666667
6259.958333333333
6257.083333333333
6276.375
6356.833333333333
6365.75
6350.791666666667
6362.916666666667
6327.541666666667
6146.666666666667
6202.541666666667
6258.375
6298.666666666667
6288.125
6314.541666666667
6336.75
6364.416666666667
6355.458333333333
6352.166666666667
6354.5
6354.125
6357.583333333333
6335.75
6313.583333333333
6302.708333333333
6313.458333333333
6266.75
6122.0
6181.166666666667
6181.041666666667
6149.041666666667
6104.083333333333
6195.791666666667
6224.913043478261
6234.0
6242.708333333333
6219.75
5968.166666666667
5947.333333333333
6054.333333333333
6094.083333333333
6067.625
5940.333333333333
5956.166666666667
5958.458333333333
5953.708333333333
6033.0
6085.291666666667
6122.25
6097.5
6024.708333333333
6072.75
6056.75
6114.958333333333
6111.583333333333
6084.666666666667
6088.041666666667
6093.291666666667
6093.625
6088.208333333333
6096.375
6108.041666666667
6136.166666666667
6137.625
6121.416666666667
6141.208333333333
6112.833333333333
6114.083333333333
6124.333333333333
6144.875
6166.166666666667
6189.416666666667
6180.583333333333
6151.0
6125.541666666667
6132.291666666667
6169.666666666667
6181.416666666667
6194.0
6187.166666666667
6178.916666666667
6210.541666666667
6221.833333333333
6241.083333333333
6265.375
6262.958333333333
6260.875
6219.791666666667
6147.375
6014.375
6072.291666666667
6163.458333333333
6212.541666666667
6228.375
6240.75
6252.541666666667
6270.583333333333
6240.25
6240.625
6257.041666666667
6268.0
6266.708333333333
6263.083333333333
6228.291666666667
6257.583333333333
6262.375
6268.5
6289.625
6304.208333333333
6320.125
6288.75
6252.833333333333
6289.5
6298.666666666667
6273.5
6229.708333333333
6171.833333333333
6218.708333333333
6260.708333333333
6271.0
6301.291666666667
6239.916666666667
6177.25
6199.625
6141.125
6176.125
6151.458333333333
6114.041666666667
6136.25
6161.791666666667
6184.791666666667
6214.041666666667
6202.125
6214.625
6233.791666666667
6244.083333333333
6262.125
6293.541666666667
6298.625
6332.916666666667
6316.75
6311.541666666667
6296.916666666667
6307.666666666667
6297.416666666667
6299.375
6219.75
6250.625
6277.208333333333
6301.791666666667
6309.833333333333
6317.791666666667
6319.25
6319.75
6349.708333333333
6335.875
6342.75
6367.041666666667
6251.166666666667
6231.833333333333
6206.75
6241.958333333333
6278.666666666667
6294.708333333333
6290.375
6265.25
6237.875
6244.166666666667
6266.75
6143.083333333333
6105.708333333333
6154.541666666667
6172.916666666667
6212.166666666667
6224.291666666667
6257.625
6263.291666666667
6218.916666666667
6217.458333333333
6227.416666666667
6251.583333333333
6292.541666666667
6314.375
6330.25
6332.75
6330.666666666667
6336.833333333333
6291.75
6327.125
6315.708333333333
6300.208333333333
6288.166666666667
6284.666666666667
6247.75
6297.541666666667
6268.625
6275.208333333333
6304.541666666667
6326.041666666667
6338.125
6352.041666666667
6361.958333333333
6349.75
6353.208333333333
6339.666666666667
6311.916666666667
6317.0
6323.416666666667
6328.333333333333
6346.916666666667
6336.875
6370.458333333333
6363.75
6345.833333333333
6341.041666666667
6348.375
6377.041666666667
6347.833333333333
6341.291666666667
6343.375
6341.25
6358.208333333333
6345.833333333333
6322.333333333333
6272.625
6227.875
6216.916666666667
6267.125
6291.833333333333
6320.75
6356.25
6356.916666666667
6318.0
6268.583333333333
6252.083333333333
6278.833333333333
6334.958333333333
6361.833333333333
6371.0
6358.666666666667
6344.166666666667
6343.125
6364.291666666667
6347.291666666667
6344.041666666667
6329.208333333333
6330.208333333333
6344.5
6367.291666666667
6360.583333333333
6317.5
6318.583333333333
6319.375
6313.083333333333
6246.791666666667
6279.25
6311.125
6329.375
6305.416666666667
6316.541666666667
6316.125
6325.833333333333
6314.5
6299.041666666667
6306.958333333333
6306.666666666667
6343.333333333333
6345.166666666667
6359.75
6323.333333333333
6321.833333333333
6338.041666666667
6356.958333333333
6383.916666666667
6386.5
6383.916666666667
6392.458333333333
6398.291666666667
6401.958333333333
6359.583333333333
6288.625
6228.416666666667
6122.25
6052.208333333333
6019.875
6085.125
6133.291666666667
6143.0
6181.541666666667
6224.916666666667
6248.0
6241.791666666667
6242.416666666667
6267.125
6286.125
6266.375
6278.0
6295.208333333333
6317.708333333333
6340.291666666667
6359.291666666667
6377.291666666667
6344.291666666667
6348.875
6341.041666666667
6362.541666666667
6322.958333333333
6312.458333333333
6299.75
6306.041666666667
6136.125
6100.416666666667
6157.833333333333
6186.708333333333
6206.916666666667
6224.333333333333
6255.916666666667
6275.583333333333
6258.416666666667
6235.125
6233.791666666667
6214.583333333333
6265.25
6308.916666666667
6338.666666666667
6357.125
6295.708333333333
6264.541666666667
6284.416666666667
6270.958333333333
6264.541666666667
6275.208333333333
6234.583333333333
6168.666666666667
6180.0
6165.791666666667
6180.583333333333
6191.375
6191.0
6165.166666666667
6155.25
6130.875
6042.458333333333
6017.083333333333
5967.833333333333
5949.291666666667
5945.0
5953.875
5995.083333333333
6011.291666666667
6019.458333333333
5953.25
5903.416666666667
5969.458333333333
6030.791666666667
6068.916666666667
6089.333333333333
6125.458333333333
6076.625
6045.833333333333
6074.333333333333
6090.333333333333
6130.125
6082.208333333333
6032.833333333333
6008.0
6019.791666666667
6025.541666666667
6064.5
6097.0
6122.916666666667
6116.166666666667
6147.125
6129.416666666667
6119.875
6154.541666666667
6178.208333333333
6172.25
6177.458333333333
6158.083333333333
6125.75
6021.916666666667
6076.666666666667
6026.75
5849.875
5412.166666666667
5469.458333333333
5452.625
5674.125
5669.166666666667
5674.958333333333
6121.041666666667
6079.333333333333
6034.583333333333
6052.25
6129.0
6095.791666666667
6027.833333333333
6042.666666666667
6083.083333333333
5956.875
6032.458333333333
6037.291666666667
6076.625
6134.5
6145.75
6161.916666666667
6192.958333333333
6182.041666666667
6172.291666666667
6185.666666666667
6188.666666666667
6216.833333333333
6187.583333333333
6193.458333333333
6143.666666666667
6117.583333333333
6092.583333333333
6109.041666666667
6118.791666666667
6130.833333333333
6139.375
6084.75
6061.05
6089.6
6102.625
6130.5
6144.333333333333
6167.458333333333
6185.25
6143.875
6135.0
6127.541666666667
6134.625
6095.25
6047.333333333333
6069.625
6086.458333333333
6095.041666666667
6141.208333333333
6159.541666666667
6191.0
6194.25
6198.666666666667
6212.0
6211.666666666667
6226.166666666667
6227.25
6211.5
6194.083333333333
6187.625
6200.541666666667
6231.875
6230.625
6245.458333333333
6236.625
6267.541666666667
6248.458333333333
6256.583333333333
6270.958333333333
6263.0
6287.75
6268.875
6163.458333333333
6168.208333333333
6191.875
6222.666666666667
6253.458333333333
6272.125
6279.041666666667
6209.833333333333
6246.625
6279.833333333333
6302.625
6288.958333333333
6290.208333333333
6220.25
6214.625
6248.166666666667
6261.291666666667
6268.25
6309.833333333333
6349.458333333333
6332.083333333333
6285.0
6246.833333333333
6256.375
6302.5
6306.25
6317.208333333333
6299.875
6203.291666666667
6211.541666666667
6240.916666666667
6243.25
6253.458333333333
6265.5
6248.541666666667
6274.625
6270.375
6280.583333333333
6217.958333333333
6197.541666666667
6133.625
6145.875
6175.0
6202.208333333333
6192.125
6204.75
6243.833333333333
6242.416666666667
6255.833333333333
6279.333333333333
6273.916666666667
6253.5
6236.833333333333
6237.166666666667
6248.25
6202.875
6163.833333333333
6206.875
6251.708333333333
6249.458333333333
6158.833333333333
6117.958333333333
6125.791666666667
6182.208333333333
6201.958333333333
6203.125
6214.166666666667
6170.166666666667
6166.0
6136.875
6135.625
6194.666666666667
6199.041666666667
6193.958333333333
6049.833333333333
6052.541666666667
6136.75
6163.5
6157.333333333333
6143.333333333333
6190.375
6192.0
6201.666666666667
6208.208333333333
6155.583333333333
6199.791666666667
6196.791666666667
6245.875
6254.166666666667
6242.166666666667
6249.833333333333
6222.416666666667
6152.416666666667
6172.0
6213.833333333333
6236.041666666667
6249.416666666667
6264.416666666667
6208.791666666667
6225.083333333333
6133.166666666667
6150.875
6136.375
6134.375
6220.833333333333
6245.958333333333
6250.625
6255.041666666667
6273.583333333333
6243.0
6244.208333333333
6232.291666666667
6200.541666666667
6201.125
6189.0
6169.708333333333
6163.208333333333
6197.166666666667
6161.333333333333
6164.916666666667
6211.916666666667
6202.208333333333
6214.083333333333
6199.666666666667
6177.083333333333
6124.166666666667
6134.0
6101.416666666667
6146.958333333333
6144.333333333333
6167.791666666667
6207.0
6184.166666666667
6124.5
6102.125
6151.25
6133.125
5995.958333333333
6032.375
6081.083333333333
6101.75
6011.208333333333
5959.125
5940.583333333333
5966.666666666667
5992.208333333333
6022.791666666667
6070.291666666667
6104.25
5946.625
5907.916666666667
5941.458333333333
5975.208333333333
6018.875
6037.166666666667
6068.583333333333
6088.708333333333
6150.5
6174.291666666667
6212.541666666667
6212.875
6193.416666666667
6152.875
6129.208333333333
6155.833333333333
6180.625
6196.916666666667
6220.833333333333
6234.208333333333
6211.083333333333
6165.75
6175.875
6144.458333333333
6144.041666666667
6160.25
6110.333333333333
6095.166666666667
6119.208333333333
6140.75
6198.833333333333
6222.583333333333
6241.625
6241.75
6252.875
6239.708333333333
6205.833333333333
6115.583333333333
6123.25
6129.708333333333
6117.083333333333
6118.5
6125.0
6144.75
6172.0
6183.375
6222.75
6238.833333333333
6228.583333333333
6143.875
6031.083333333333
6050.541666666667
6053.458333333333
6091.541666666667
6140.375
6112.416666666667
6136.916666666667
6151.0
6168.583333333333
6224.958333333333
6246.708333333333
6241.375
6294.041666666667
6305.166666666667
6289.625
6238.416666666667
6218.791666666667
6224.875
6217.875
6240.291666666667
6219.875
6215.5
6244.791666666667
6292.25
6297.583333333333
6295.666666666667
6292.375
6204.333333333333
6202.375
6214.416666666667
6201.375
6214.5
6209.333333333333
6201.708333333333
6108.041666666667
6098.666666666667
6130.583333333333
6143.791666666667
6188.416666666667
6181.333333333333
6195.458333333333
6139.083333333333
6089.666666666667
6151.5
6188.625
6218.916666666667
6213.333333333333
6225.458333333333
6241.458333333333
6193.125
6071.916666666667
6107.208333333333
6192.916666666667
6195.75
6198.541666666667
6219.291666666667
6215.5
6186.833333333333
6138.208333333333
6133.791666666667
6043.041666666667
5988.083333333333
5971.208333333333
6007.041666666667
6032.708333333333
6043.166666666667
6083.041666666667
6095.041666666667
6097.833333333333
6105.583333333333
6098.875
6091.291666666667
6100.916666666667
6110.333333333333
6131.166666666667
6147.958333333333
6152.0
6150.833333333333
6156.041666666667
6167.125
6142.458333333333
6157.625
6125.166666666667
6145.708333333333
6169.791666666667
6166.166666666667
6102.5
6069.708333333333
6083.666666666667
6089.333333333333
6127.25
6153.416666666667
6168.625
6198.625
6220.833333333333
6243.625
6249.041666666667
6241.291666666667
6240.0
6231.958333333333
6219.041666666667
6231.0
6245.125
6236.416666666667
6253.166666666667
6236.375
6213.5
6196.666666666667
6187.041666666667
6220.458333333333
6199.875
6176.25
6189.333333333333
6222.125
6188.458333333333
6173.75
6155.875
6172.083333333333
6178.25
6220.625
6232.125
6218.75
6229.375
6216.958333333333
6253.875
6282.416666666667
6279.375
6282.083333333333
6301.291666666667
6313.826086956522
6290.083333333333
6262.708333333333
6272.0
6260.25
6269.375
6273.583333333333
6264.75
6285.083333333333
6292.958333333333
6203.083333333333
6186.541666666667
6083.375
6058.5
6077.291666666667
6076.666666666667
6076.25
5970.916666666667
5834.083333333333
5876.083333333333
5989.375
6083.125
6126.583333333333
6110.666666666667
6191.916666666667
6261.375
6336.541666666667
6383.375
6366.0
6316.625
6255.666666666667
6217.458333333333
6203.083333333333
6180.708333333333
6157.75
6105.0
6101.958333333333
6104.75
6124.541666666667
6097.958333333333
6089.416666666667
6097.833333333333
6114.541666666667
6130.875
6149.708333333333
6138.125
6156.125
6199.458333333333
6199.541666666667
6174.041666666667
6262.416666666667
6308.208333333333
6340.416666666667
6348.666666666667
6318.5
6257.416666666667
6186.375
6181.083333333333
6208.625
6125.333333333333
6093.0
6123.25
6063.041666666667
6032.916666666667
6075.916666666667
6142.833333333333
6139.791666666667
6083.791666666667
6045.083333333333
6040.375
6001.083333333333
5998.416666666667
5995.916666666667
6021.25
6021.166666666667
6044.333333333333
5934.416666666667
5977.416666666667
6020.666666666667
6120.208333333333
6163.458333333333
6166.125
6174.666666666667
6249.375
6301.0
6350.375
6358.5
6332.708333333333
6274.458333333333
6230.791666666667
6190.333333333333
6195.75
6220.041666666667
6228.333333333333
6223.083333333333
6209.291666666667
6185.166666666667
6116.291666666667
5982.958333333333
5955.375
5902.583333333333
5879.208333333333
5910.625
5894.708333333333
5933.166666666667
5971.791666666667
5996.416666666667
6040.541666666667
6081.791666666667
6125.708333333333
6167.0
6231.541666666667
6289.291666666667
6357.5
6344.25
6286.75
6269.75
6187.375
5858.166666666667
5811.875
5801.416666666667
5864.75
5882.666666666667
5914.958333333333
5942.75
5910.416666666667
5861.458333333333
5832.791666666667
5862.875
5902.833333333333
5928.916666666667
5939.416666666667
5976.375
5976.75
5924.791666666667
5989.166666666667
6038.833333333333
6114.5
6163.583333333333
6200.333333333333
6215.416666666667
6239.875
6233.833333333333
6187.166666666667
6157.166666666667
6159.375
6182.541666666667
6208.416666666667
6159.291666666667
6129.333333333333
6131.833333333333
6118.708333333333
6106.375
6016.208333333333
6019.958333333333
6010.833333333333
5972.583333333333
5970.833333333333
5966.333333333333
5966.5
5951.75
5975.166666666667
5985.75
6003.708333333333
6009.625
6037.625
6056.208333333333
6084.375
6118.208333333333
6158.958333333333
6183.666666666667
6209.208333333333
6197.0
6187.0
6149.666666666667
6123.25
6072.833333333333
6062.833333333333
6088.708333333333
6106.625
6074.5
6079.833333333333
6070.041666666667
6081.5
6092.166666666667
6115.583333333333
6118.625
6108.541666666667
6049.083333333333
6026.708333333333
6034.791666666667
6059.75
6067.833333333333
6054.083333333333
6062.291666666667
6103.25
6091.291666666667
6070.75
5995.166666666667
6019.791666666667
6030.083333333333
6043.416666666667
6026.916666666667
5860.833333333333
5854.041666666667
5870.5
5933.666666666667
5968.666666666667
5913.583333333333
5909.416666666667
5947.666666666667
6015.625
6035.375
5996.5
5992.291666666667
5980.0
5975.083333333333
5990.5
5914.041666666667
5987.416666666667
6003.291666666667
6046.541666666667
6084.416666666667
6093.5
6094.125
6114.125
6095.541666666667
5987.666666666667
5980.125
5982.041666666667
6019.916666666667
6044.5
6034.375
6054.041666666667
6045.833333333333
6032.0
6049.791666666667
6101.125
6072.541666666667
6053.166666666667
6059.875
6066.666666666667
6083.375
6092.958333333333
6106.541666666667
6124.958333333333
6150.625
6148.333333333333
6129.375
6122.041666666667
6121.5
6119.75
6079.25
5960.166666666667
5947.291666666667
5993.041666666667
6024.541666666667
6051.458333333333
6066.125
6061.125
6083.083333333333
6127.5
6143.25
6180.75
6175.958333333333
6161.375
6121.583333333333
6106.291666666667
6129.375
6146.166666666667
6138.875
6181.916666666667
6194.291666666667
6234.083333333333
6255.875
6263.875
6251.25
6243.208333333333
6213.583333333333
6198.166666666667
6202.75
6207.625
6217.583333333333
6222.583333333333
6209.041666666667
6227.666666666667
6198.833333333333
6206.333333333333
6220.208333333333
6248.958333333333
6272.458333333333
6251.625
6208.083333333333
6130.458333333333
6149.458333333333
6179.291666666667
6180.875
6209.083333333333
6228.416666666667
6204.75
6069.916666666667
5762.708333333333
5806.0
5702.041666666667
5813.458333333333
5853.625
5934.875
5991.166666666667
6099.791666666667
6139.25
6154.166666666667
6155.791666666667
6186.5
6163.125
6177.541666666667
6179.208333333333
6188.083333333333
6205.958333333333
6237.708333333333
6204.833333333333
6191.666666666667
6091.875
6116.125
6161.666666666667
6133.375
6148.416666666667
6169.75
6179.791666666667
6185.416666666667
6190.333333333333
6188.041666666667
6212.791666666667
6205.916666666667
6215.666666666667
6195.708333333333
6186.125
6220.125
6259.708333333333
6282.375
6262.416666666667
6247.583333333333
6248.208333333333
6236.375
6254.583333333333
6261.875
6268.166666666667
6212.333333333333
6217.25
6217.583333333333
6221.333333333333
6121.416666666667
6096.0
6168.541666666667
6170.875
6104.541666666667
6099.416666666667
6123.333333333333
6164.666666666667
6212.291666666667
6199.75
6203.666666666667
6202.5
6223.0
6254.458333333333
6257.333333333333
6153.75
6127.416666666667
6163.125
6183.25
6221.583333333333
6235.166666666667
6254.791666666667
6275.291666666667
6279.833333333333
6273.416666666667
6246.583333333333
6235.833333333333
6181.166666666667
6112.25
6115.416666666667
6148.791666666667
6111.708333333333
6093.708333333333
6112.75
6114.75
6151.708333333333
6159.541666666667
6157.041666666667
6170.833333333333
6250.25
6212.958333333333
6256.666666666667
6235.041666666667
6209.416666666667
6195.333333333333
6199.041666666667
6223.791666666667
6233.833333333333
6241.666666666667
6233.583333333333
6235.333333333333
6251.458333333333
6224.416666666667
6187.375
6162.5
6189.833333333333
6179.0
6164.083333333333
6197.708333333333
6204.0
6216.541666666667
6185.25
6173.583333333333
6181.875
6174.5
6146.958333333333
6186.583333333333
6210.0
6224.083333333333
6232.583333333333
6238.0
6256.833333333333
6251.083333333333
6257.458333333333
6255.458333333333
6200.375
6190.625
6237.625
6241.208333333333
6254.625
6252.791666666667
6235.291666666667
6240.125
6254.625
6285.5
6196.875
6224.291666666667
6219.083333333333
6086.25
6132.0
6158.166666666667
6110.958333333333
6125.625
6153.416666666667
6178.0
6190.166666666667
6226.666666666667
6220.583333333333
6253.083333333333
6281.875
6236.875
6246.458333333333
6222.583333333333
6269.166666666667
6286.75
6319.041666666667
6345.875
6326.333333333333
6300.541666666667
6306.916666666667
6343.291666666667
6365.5
6379.458333333333
6332.5
6301.083333333333
6256.166666666667
6224.791666666667
6211.958333333333
6201.0
6208.25
6220.333333333333
6240.625
6210.25
6241.458333333333
6261.5
6307.458333333333
6250.291666666667
6256.0
6252.625
6255.0
6275.291666666667
6170.125
6207.291666666667
6270.708333333333
6311.833333333333
6319.666666666667
6325.458333333333
6368.625
6345.458333333333
6369.0
6380.041666666667
6376.708333333333
6213.916666666667
6234.125
6290.875
6303.75
6321.041666666667
6349.083333333333
6389.25
6404.416666666667
6394.5
6398.708333333333
6395.916666666667
6367.791666666667
6356.0
6357.416666666667
6358.625
6382.5
6395.75
6369.75
6356.25
6320.875
6321.875
6329.541666666667
6328.0
6357.333333333333
6421.916666666667
6481.166666666667
6484.583333333333
6431.375
6417.875
6432.833333333333
6457.875
6458.625
6442.0
6487.708333333333
6505.166666666667
6422.583333333333
6379.25
6390.375
6398.125
6432.875
6435.541666666667
6430.125
6473.916666666667
6446.916666666667
6407.083333333333
6419.291666666667
6378.916666666667
6408.541666666667
6408.208333333333
6395.208333333333
6391.708333333333
6420.833333333333
6435.875
6459.833333333333
6478.041666666667
6507.208333333333
6499.75
6465.708333333333
6413.625
6382.75
6370.583333333333
6405.458333333333
6473.666666666667
6483.333333333333
6492.416666666667
6497.791666666667
6463.791666666667
6390.916666666667
6390.291666666667
6421.25
6462.458333333333
6460.291666666667
6434.625
6428.5
6391.875
6361.875
6366.791666666667
6361.625
6425.041666666667
6425.083333333333
6439.708333333333
6462.166666666667
6449.25
6420.583333333333
6377.541666666667
6344.5
6336.916666666667
6344.125
6411.541666666667
6405.333333333333
6423.416666666667
6454.375
6500.083333333333
6510.083333333333
6489.083333333333
6487.458333333333
6484.708333333333
6495.25
6473.25
6463.291666666667
6481.041666666667
6485.916666666667
6415.833333333333
6439.791666666667
6434.5
6358.25
6328.416666666667
6352.0
6383.958333333333
6431.833333333333
6427.5
6409.583333333333
6377.541666666667
6356.208333333333
6350.083333333333
6382.458333333333
6391.041666666667
6386.208333333333
6415.375
6450.208333333333
6488.541666666667
6506.833333333333
6476.375
6459.875
6439.166666666667
6419.791666666667
6448.708333333333
6429.625
6407.0
6394.708333333333
6395.708333333333
6420.166666666667
6467.416666666667
6483.291666666667
6500.875
6506.75
6463.125
6450.75
6423.541666666667
6408.0
6383.708333333333
6327.875
6345.875
6386.75
6402.125
6425.083333333333
6465.791666666667
6499.458333333333
6495.666666666667
6464.125
6465.291666666667
6448.083333333333
6463.416666666667
6472.208333333333
6516.75
6562.375
6581.541666666667
6556.916666666667
6529.75
6522.125
6538.25
6559.666666666667
6566.583333333333
6554.416666666667
6530.833333333333
6474.083333333333
6402.833333333333
6362.791666666667
6326.083333333333
6317.833333333333
6346.958333333333
6397.333333333333
6465.416666666667
6499.75
6526.208333333333
6440.291666666667
6432.583333333333
6408.833333333333
6412.625
6411.25
6427.375
6447.125
6481.208333333333
6464.666666666667
6468.25
6479.625
6499.958333333333
6537.208333333333
6555.125
6540.125
6454.958333333333
6452.041666666667
6401.583333333333
6385.833333333333
6350.208333333333
6330.333333333333
6326.583333333333
6343.75
6370.458333333333
6418.875
6453.708333333333
6477.625
6367.375
6346.0
6384.958333333333
6418.958333333333
6432.916666666667
6415.458333333333
6453.75
6459.791666666667
6492.583333333333
6488.958333333333
6514.708333333333
6537.083333333333
6571.208333333333
6552.458333333333
6454.291666666667
6466.958333333333
6487.5
6453.916666666667
6435.083333333333
6451.875
6424.791666666667
6415.833333333333
6429.833333333333
6460.458333333333
6484.5
6516.75
6513.625
6510.5
6528.416666666667
6498.291666666667
6467.291666666667
6435.541666666667
6415.041666666667
6419.416666666667
6478.916666666667
6442.958333333333
6466.666666666667
6497.875
6525.958333333333
6556.0
6572.166666666667
6570.291666666667
6525.208333333333
6469.291666666667
6440.458333333333
6409.875
6400.291666666667
6412.625
6430.25
6442.791666666667
6438.125
6456.791666666667
6505.208333333333
6507.041666666667
6522.625
6542.375
6568.708333333333
6573.333333333333
6581.25
6579.458333333333
6507.291666666667
6497.833333333333
6483.666666666667
6486.791666666667
6497.666666666667
6486.75
6504.5
6516.833333333333
6523.0
6479.458333333333
6491.875
6487.541666666667
6510.666666666667
6517.333333333333
6540.541666666667
6561.416666666667
6595.958333333333
6623.916666666667
6603.708333333333
6607.458333333333
6572.166666666667
6521.791666666667
6578.916666666667
6492.833333333333
6513.333333333333
6490.666666666667
6498.416666666667
6511.416666666667
6528.416666666667
6543.583333333333
6588.916666666667
6598.458333333333
6552.041666666667
6522.916666666667
6468.458333333333
6474.625
6473.708333333333
6477.291666666667
6478.791666666667
6520.708333333333
6570.25
6552.583333333333
6538.166666666667
6552.208333333333
6610.5
6653.833333333333
6657.291666666667
6647.708333333333
6632.25
6608.25
6588.916666666667
6589.625
6540.75
6523.5
6529.958333333333
6555.333333333333
6602.458333333333
6621.166666666667
6638.833333333333
6664.0
6644.083333333333
6526.958333333333
6478.083333333333
6489.541666666667
6494.958333333333
6484.958333333333
6502.458333333333
6520.541666666667
6534.375
6570.125
6593.666666666667
6595.291666666667
6643.875
6665.416666666667
6662.75
6617.041666666667
6616.583333333333
6642.125
6612.666666666667
6579.125
6576.333333333333
6553.75
6572.708333333333
6606.625
6602.5
6596.791666666667
6615.916666666667
6588.083333333333
6522.583333333333
6505.458333333333
6510.791666666667
6511.5
6517.0
6498.541666666667
6463.166666666667
6472.958333333333
6462.625
6477.291666666667
6515.791666666667
6570.583333333333
6621.666666666667
6616.625
6634.916666666667
6651.625
6628.791666666667
6613.25
6553.25
6571.208333333333
6550.5
6572.625
6559.166666666667
6620.541666666667
6669.25
6657.416666666667
6646.916666666667
6631.875
6620.041666666667
6550.208333333333
6583.916666666667
6600.833333333333
6586.875
6585.916666666667
6589.083333333333
6607.708333333333
6629.791666666667
6613.375
6581.416666666667
6566.25
6612.291666666667
6608.75
6648.166666666667
6630.958333333333
6613.625
6595.75
6554.791666666667
6556.541666666667
6558.708333333333
6572.083333333333
6591.458333333333
6628.875
6595.791666666667
6583.75
6611.833333333333
6614.166666666667
6591.75
6604.625
6614.541666666667
6638.416666666667
6631.0
6635.458333333333
6650.541666666667
6654.875
6684.75
6680.791666666667
6681.333333333333
6643.708333333333
6644.541666666667
6657.25
6676.291666666667
6678.916666666667
6647.666666666667
6586.958333333333
6598.625
6612.458333333333
6614.541666666667
6614.583333333333
6614.125
6620.5
6602.541666666667
6622.791666666667
6618.0
6628.875
6623.666666666667
6636.041666666667
6668.875
6661.791666666667
6676.583333333333
6701.041666666667
6706.458333333333
6725.333333333333
6657.333333333333
6633.083333333333
6646.916666666667
6608.625
6616.75
6670.75
6661.75
6669.541666666667
6666.25
6652.041666666667
6630.791666666667
6593.916666666667
6602.875
6576.5
6536.916666666667
6516.875
6543.958333333333
6573.125
6593.583333333333
6569.708333333333
6600.75
6614.458333333333
6641.583333333333
6659.125
6662.916666666667
6700.166666666667
6713.375
6714.458333333333
6732.208333333333
6685.833333333333
6639.625
6646.125
6571.708333333333
6522.041666666667
6532.458333333333
6539.083333333333
6561.166666666667
6559.75
6551.916666666667
6573.5
6578.458333333333
6572.166666666667
6567.5
6567.791666666667
6578.666666666667
6568.416666666667
6607.125
6613.833333333333
6638.083333333333
6654.25
6650.166666666667
6658.5
6675.25
6691.458333333333
6704.041666666667
6677.458333333333
6628.041666666667
6607.625
6616.208333333333
6634.583333333333
6625.833333333333
6626.041666666667
6627.666666666667
6637.541666666667
6633.375
6628.458333333333
6638.0
6629.375
6517.125
6568.833333333333
6578.0
6589.0
6614.0
6613.333333333333
6605.375
6623.166666666667
6616.041666666667
6599.791666666667
6617.333333333333
6642.041666666667
6643.041666666667
6646.583333333333
6675.125
6686.0
6685.333333333333
6692.208333333333
6711.291666666667
6693.875
6645.125
6648.916666666667
6659.166666666667
6686.583333333333
6692.541666666667
6683.833333333333
6663.916666666667
6620.541666666667
6604.583333333333
6563.416666666667
6561.75
6556.583333333333
6567.5
6584.708333333333
6592.208333333333
6606.75
6601.125
6603.958333333333
6625.708333333333
6638.541666666667
6638.708333333333
6649.416666666667
6629.708333333333
6644.958333333333
6596.708333333333
6626.375
6650.791666666667
6663.291666666667
6676.791666666667
6521.375
6437.916666666667
6499.583333333333
6592.916666666667
6630.875
6600.833333333333
6558.041666666667
6509.666666666667
6495.833333333333
6503.208333333333
6499.958333333333
6509.208333333333
6511.416666666667
6487.916666666667
6499.791666666667
6474.166666666667
6449.583333333333
6435.541666666667
6474.458333333333
6449.458333333333
6465.666666666667
6483.833333333333
6522.833333333333
6528.0
6541.958333333333
6573.291666666667
6593.25
6573.5
6588.875
6588.416666666667
6552.0
6541.875
6514.083333333333
6463.75
6433.0
6418.416666666667
6428.083333333333
6439.625
6447.708333333333
6453.791666666667
6481.166666666667
6503.541666666667
6512.666666666667
6522.5
6549.791666666667
6565.5
6534.666666666667
6540.083333333333
6533.625
6544.708333333333
6553.416666666667
6557.583333333333
6587.166666666667
6514.5
6218.916666666667
6301.875
6453.208333333333
6502.833333333333
6500.583333333333
6470.875
6433.708333333333
6432.333333333333
6436.791666666667
6463.75
6469.875
6468.666666666667
6460.583333333333
6457.166666666667
6472.458333333333
6470.291666666667
6447.791666666667
6441.208333333333
6462.25
6422.166666666667
6389.583333333333
6411.125
6447.5
6458.5
6469.541666666667
6519.25
6541.0
6545.083333333333
6534.75
6513.333333333333
6482.083333333333
6490.333333333333
6500.916666666667
6507.791666666667
6504.333333333333
6457.125
6467.458333333333
6487.458333333333
6509.875
6543.708333333333
6588.583333333333
6592.791666666667
6600.458333333333
6580.0
6565.208333333333
6550.333333333333
6539.75
6515.625
6563.0
6554.666666666667
6562.916666666667
6564.083333333333
6587.666666666667
6621.083333333333
6646.583333333333
6584.208333333333
6545.333333333333
6554.458333333333
6548.958333333333
6567.541666666667
6568.958333333333
6525.458333333333
6522.083333333333
6523.583333333333
6555.541666666667
6584.208333333333
6593.166666666667
6539.041666666667
6582.291666666667
6558.708333333333
6586.25
6628.791666666667
6651.375
6673.916666666667
6621.625
6665.416666666667
6687.25
6697.25
6673.666666666667
6705.916666666667
6674.666666666667
6654.75
6628.583333333333
6565.416666666667
6547.666666666667
6572.375
6603.25
6630.458333333333
6611.291666666667
6596.583333333333
6582.625
6591.416666666667
6615.958333333333
6650.583333333333
6663.541666666667
6633.041666666667
6587.958333333333
6608.833333333333
6630.958333333333
6647.916666666667
6631.625
6608.833333333333
6615.25
6627.666666666667
6652.458333333333
6693.416666666667
6715.166666666667
6667.875
6641.541666666667
6644.541666666667
6638.583333333333
6595.583333333333
6587.333333333333
6598.791666666667
6612.25
6578.5
6582.416666666667
6596.666666666667
6591.125
6597.25
6605.083333333333
6631.75
6605.041666666667
6547.583333333333
6553.0
6574.666666666667
6583.291666666667
6597.416666666667
6600.416666666667
6622.208333333333
6647.666666666667
6683.166666666667
6701.208333333333
6705.375
6685.125
6660.458333333333
6653.208333333333
6645.625
6639.125
6655.333333333333
6654.375
6629.625
6618.708333333333
6598.125
6607.166666666667
6620.916666666667
6620.208333333333
6617.916666666667
6629.25
6613.875
6601.291666666667
6600.375
6619.791666666667
6622.416666666667
6614.541666666667
6629.791666666667
6655.875
6669.083333333333
6675.791666666667
6678.208333333333
6704.666666666667
6699.166666666667
6659.541666666667
6670.375
6686.5
6682.291666666667
6691.666666666667
6690.083333333333
6655.291666666667
6619.666666666667
6578.291666666667
6595.125
6599.083333333333
6594.75
6608.25
6620.875
6633.166666666667
6632.708333333333
6620.583333333333
6624.958333333333
6627.0
6631.583333333333
6634.333333333333
6632.541666666667
6646.083333333333
6663.833333333333
6681.666666666667
6707.5
6713.708333333333
6716.75
6662.083333333333
6668.708333333333
6686.75
6693.333333333333
6711.375
6719.291666666667
6618.041666666667
6582.625
6590.083333333333
6617.75
6630.583333333333
6646.041666666667
6659.875
6647.583333333333
6627.458333333333
6620.625
6632.666666666667
6648.208333333333
6618.75
6615.208333333333
6638.25
6662.583333333333
6683.5
6691.583333333333
6681.541666666667
6683.375
6666.208333333333
6680.333333333333
6690.166666666667
6711.75
6735.333333333333
6730.625
6694.777777777777
6696.625
6678.0
6651.458333333333
6636.375
6629.666666666667
6638.666666666667
6654.0
6667.875
6648.666666666667
6654.166666666667
6662.041666666667
6665.375
6667.125
6661.458333333333
6668.25
6679.333333333333
6689.208333333333
6684.208333333333
6686.333333333333
6673.291666666667
6663.291666666667
6660.791666666667
6658.625
6641.833333333333
6648.25
6647.458333333333
6667.583333333333
6688.791666666667
6657.583333333333
6637.791666666667
6674.041666666667
6666.916666666667
6641.666666666667
6616.75
6607.458333333333
6608.583333333333
6602.625
6625.208333333333
6631.666666666667
6631.833333333333
6647.666666666667
6674.666666666667
6705.5
6691.291666666667
6697.541666666667
6685.375
6700.416666666667
6698.916666666667
6731.916666666667
6715.541666666667
6740.875
6737.75
6750.75
6761.875
6774.291666666667
6770.416666666667
6741.458333333333
6714.125
6739.458333333333
6712.208333333333
6675.791666666667
6657.083333333333
6674.5
6681.166666666667
6701.125
6638.666666666667
6604.625
6633.833333333333
6638.041666666667
6636.708333333333
6638.541666666667
6664.375
6662.041666666667
6651.0
6678.666666666667
6673.666666666667
6676.875
6686.583333333333
6684.083333333333
6670.75
6693.916666666667
6709.416666666667
6718.625
6705.875
6677.208333333333
6674.75
6687.833333333333
6695.583333333333
6688.875
6661.0
6684.791666666667
6693.791666666667
6709.541666666667
6666.25
6675.166666666667
6691.541666666667
6704.833333333333
6715.541666666667
6724.333333333333
6720.125
6709.0
6697.291666666667
6693.166666666667
6669.583333333333
6685.208333333333
6709.916666666667
6693.25
6722.75
6732.166666666667
6721.333333333333
6702.583333333333
6692.625
6679.583333333333
6687.458333333333
6694.833333333333
6704.541666666667
6720.083333333333
6729.041666666667
6743.333333333333
6693.333333333333
6660.291666666667
6667.791666666667
6684.666666666667
6699.583333333333
6696.291666666667
6682.708333333333
6690.583333333333
6687.5
6644.0
6688.5
6635.125
6646.083333333333
6660.666666666667
6661.208333333333
6675.833333333333
6680.041666666667
6693.125
6693.583333333333
6697.833333333333
6686.291666666667
6680.583333333333
6695.708333333333
6694.041666666667
6699.0
6690.291666666667
6647.416666666667
6687.0
6702.75
6677.125
6696.75
6723.75
6750.083333333333
6710.666666666667
6704.791666666667
6712.875
6726.416666666667
6681.708333333333
6664.875
6674.75
6691.166666666667
6725.541666666667
6736.041666666667
6738.875
6715.5
6723.958333333333
6731.875
6745.958333333333
6757.625
6733.583333333333
6744.416666666667
6765.375
6727.375
6679.375
6695.666666666667
6706.458333333333
6683.041666666667
6673.166666666667
6669.916666666667
6647.791666666667
6653.791666666667
6670.583333333333
6660.666666666667
6675.666666666667
6690.125
6702.583333333333
6675.208333333333
6701.875
6729.541666666667
6732.208333333333
6745.833333333333
6756.208333333333
6743.666666666667
6743.833333333333
6746.125
6727.333333333333
6715.583333333333
6735.0
6741.333333333333
6751.25
6738.291666666667
6682.833333333333
6689.458333333333
6686.166666666667
6650.541666666667
6686.083333333333
6662.75
6656.583333333333
6649.583333333333
6654.125
6661.791666666667
6650.208333333333
6626.375
6666.166666666667
6674.458333333333
6655.458333333333
6682.166666666667
6691.041666666667
6686.083333333333
6705.833333333333
6734.958333333333
6752.0
6784.125
6765.333333333333
6742.875
6738.041666666667
6739.291666666667
6765.333333333333
6760.416666666667
6746.791666666667
6690.833333333333
6686.916666666667
6675.041666666667
6666.375
6636.875
6615.458333333333
6611.5
6621.75
6629.708333333333
6630.458333333333
6636.791666666667
6636.208333333333
6669.291666666667
6681.416666666667
6686.25
6681.208333333333
6699.666666666667
6720.083333333333
6734.791666666667
6740.708333333333
6741.208333333333
6741.041666666667
6709.875
6711.791666666667
6690.541666666667
6691.458333333333
6696.208333333333
6670.833333333333
6678.208333333333
6703.375
6696.5
6694.958333333333
6675.75
6637.041666666667
6651.625
6652.166666666667
6631.791666666667
6632.125
6650.875
6657.5
6687.916666666667
6691.833333333333
6671.583333333333
6667.625
6686.375
6707.166666666667
6717.75
6728.291666666667
6736.916666666667
6746.625
6752.166666666667
6730.416666666667
6700.75
6690.958333333333
6706.833333333333
6690.333333333333
6679.833333333333
6692.75
6675.333333333333
6645.833333333333
6635.333333333333
6654.125
6655.666666666667
6662.25
6664.708333333333
6665.875
6646.083333333333
6629.875
6623.541666666667
6659.333333333333
6662.583333333333
6664.875
6631.708333333333
6656.041666666667
6684.25
6689.0
6687.791666666667
6722.791666666667
6756.75
6733.875
6690.875
6694.708333333333
6710.708333333333
6710.041666666667
6698.333333333333
6709.375
6725.958333333333
6713.791666666667
6711.083333333333
6726.291666666667
6730.791666666667
6742.333333333333
6722.25
6715.5
6724.666666666667
6756.5
6751.166666666667
6735.5
6723.833333333333
6703.083333333333
6691.333333333333
6713.375
6694.541666666667
6662.416666666667
6689.041666666667
6705.375
6706.958333333333
6711.875
6724.708333333333
6737.5
6780.125
6789.666666666667
6771.916666666667
6732.833333333333
6697.041666666667
6679.625
6702.0
6723.666666666667
6704.083333333333
6696.75
6707.5
6701.541666666667
6707.833333333333
6723.458333333333
6746.625
6763.583333333333
6756.0
6747.666666666667
6715.166666666667
6710.125
6720.875
6713.166666666667
6708.375
6704.958333333333
6727.0
6719.791666666667
6719.666666666667
6715.041666666667
6712.583333333333
6698.041666666667
6699.625
6710.166666666667
6725.375
6718.125
6726.375
6729.291666666667
6738.791666666667
6734.208333333333
6746.75
6753.875
6710.833333333333
6709.208333333333
6721.625
6705.541666666667
6681.625
6649.75
6646.583333333333
6618.458333333333
6564.791666666667
6568.25
6604.541666666667
6602.375
6600.0
6565.958333333333
6550.75
6589.0
6602.791666666667
6626.333333333333
6642.916666666667
6677.791666666667
6693.625
6687.875
6701.458333333333
6748.875
6728.875
6708.958333333333
6707.5
6717.458333333333
6703.791666666667
6719.666666666667
6710.666666666667
6688.166666666667
6684.291666666667
6695.166666666667
6666.375
6674.083333333333
6700.875
6701.916666666667
6729.333333333333
6740.833333333333
6723.5
6679.25
6649.041666666667
6678.25
6679.166666666667
6702.666666666667
6704.625
6726.416666666667
6723.166666666667
6710.458333333333
6729.958333333333
6731.833333333333
6724.25
6721.875
6719.875
6736.625
6722.25
6715.083333333333
6730.75
6697.875
6703.583333333333
6727.0
6725.958333333333
6734.208333333333
6738.708333333333
6744.458333333333
6734.916666666667
6682.166666666667
6656.041666666667
6675.791666666667
6693.375
6674.333333333333
6692.0
6674.125
6689.125
6686.458333333333
6691.541666666667
6705.791666666667
6731.875
6706.125
6733.208333333333
6734.916666666667
6727.291666666667
6704.25
6700.833333333333
6705.791666666667
6707.541666666667
6711.833333333333
6725.541666666667
6712.541666666667
6682.916666666667
6709.583333333333
6737.541666666667
6724.625
6695.0
6695.666666666667
6695.791666666667
6719.375
6683.083333333333
6672.5
6691.541666666667
6690.75
6668.666666666667
6691.416666666667
6695.375
6700.791666666667
6687.0
6688.416666666667
6709.791666666667
6707.291666666667
6699.625
6716.208333333333
6720.458333333333
6723.458333333333
6718.041666666667
6720.791666666667
6708.041666666667
6693.708333333333
6727.666666666667
6706.25
6666.0
6648.125
6645.458333333333
6678.541666666667
6689.625
6699.375
6700.125
6706.416666666667
6717.5
6725.166666666667
6709.583333333333
6732.75
6733.708333333333
6741.791666666667
6715.041666666667
6719.041666666667
6739.0
6741.5
6748.041666666667
6754.708333333333
6764.583333333333
6768.375
6774.875
6736.25
6753.125
6745.291666666667
6754.416666666667
6735.25
6717.666666666667
6752.833333333333
6766.625
6758.416666666667
6739.208333333333
6730.625
6747.125
6727.333333333333
6733.0
6722.541666666667
6745.166666666667
6759.125
6744.25
6767.583333333333
6784.333333333333
6774.083333333333
6747.458333333333
6740.958333333333
6702.458333333333
6725.0
6723.625
6733.375
6737.375
6742.583333333333
6753.75
6770.291666666667
6747.166666666667
6734.25
6731.416666666667
6726.625
6720.958333333333
6741.375
6728.375
6716.125
6720.583333333333
6705.708333333333
6716.416666666667
6716.166666666667
6718.333333333333
6744.166666666667
6749.0
6754.458333333333
6736.875
6742.375
6741.916666666667
6699.583333333333
6685.666666666667
6698.25
6730.666666666667
6726.75
6726.875
6711.791666666667
6731.958333333333
6749.875
6746.916666666667
6724.375
6749.916666666667
6732.0
6730.541666666667
6738.791666666667
6743.375
6728.208333333333
6715.791666666667
6715.25
