4848.020161290323
4851.283602150537
4884.276785714285
4892.573924731183
4897.0
4889.778225806452
4880.829166666666
4879.439516129032
4877.176075268817
4882.491666666667
4895.856182795699
4881.415277777778
4884.6505376344085
4879.659946236559
4841.986607142857
4828.544354838709
4806.183333333333
4811.159946236559
4806.234722222222
4810.94623655914
4793.393817204301
4801.081944444444
4811.569892473119
4776.294444444445
4775.123655913979
4806.271676300578
4830.805097451274
4778.814864864865
4727.493706293706
4763.890982503364
4676.437587657784
4713.981132075472
4722.540322580645
4725.050704225352
4708.555722891566
4739.883333333333
4773.123778501628
4761.749646393211
4723.546762589928
4664.094086021505
4749.0557880055785
4740.4567567567565
4704.059722222222
4614.70780141844
4649.960544217687
4691.318820224719
4695.314363143631
4694.509658246657
4711.457990115321
4735.964817320703
4744.677611940298
4693.645861601086
4702.271210013908
4630.2768817204305
4636.381355932203
4653.01646090535
4671.404326123128
4696.540935672515
4722.468200270636
4706.887343532684
4686.540431266846
4663.1279229711145
4618.25748502994
4663.635262449529
4675.425
4695.765498652291
4637.170153417015
4658.6757493188015
4677.712347354139
4637.409470752089
4628.458333333333
4590.682651622003
4545.478442280946
4609.863513513514
4614.36
4575.734463276836
4610.938803894298
4638.144399460189
4611.452247191011
4651.485175202156
4651.056680161943
4646.248888888889
4631.366666666667
4695.635416666667
4664.162037037037
4712.974324324325
4743.9885057471265
4742.657258064516
4734.445833333333
4739.5470430107525
4720.310152990264
4703.022849462365
4726.888440860215
4722.381944444444
4726.5142857142855
4749.3375
4774.462264150943
