4851.875
4853.166666666667
4855.666666666667
4853.208333333333
4821.458333333333
4811.166666666667
4826.5
4837.666666666667
4847.833333333333
4838.208333333333
4841.833333333333
4842.875
4844.083333333333
4848.708333333333
4845.333333333333
4842.5
4847.416666666667
4850.458333333333
4850.333333333333
4852.5
4851.666666666667
4848.708333333333
4846.666666666667
4844.75
4853.416666666667
4859.5
4866.041666666667
4863.625
4868.416666666667
4870.708333333333
4852.333333333333
4826.791666666667
4824.416666666667
4829.291666666667
4840.625
4845.583333333333
4855.75
4855.375
4851.625
4848.541666666667
4853.916666666667
4852.916666666667
4844.583333333333
4833.791666666667
4842.791666666667
4840.875
4848.541666666667
4850.083333333333
4849.791666666667
4829.166666666667
4850.125
4857.333333333333
4864.25
4866.333333333333
4870.916666666667
4881.75
4866.541666666667
4867.083333333333
4867.125
4865.083333333333
4863.041666666667
4845.75
4863.666666666667
4860.625
4869.125
4868.208333333333
4867.0
4871.583333333333
4874.416666666667
4882.625
4874.208333333333
4856.958333333333
4881.625
4895.25
4905.666666666667
4902.833333333333
4901.541666666667
4894.583333333333
4899.708333333333
4904.75
4907.708333333333
4901.541666666667
4901.208333333333
4887.166666666667
4890.291666666667
4886.208333333333
4887.25
4885.125
4872.0
4866.875
4871.5
4871.625
4867.583333333333
4883.416666666667
4903.125
4910.416666666667
4904.0
4893.208333333333
4885.708333333333
4897.75
4892.041666666667
4892.916666666667
4892.5
4875.541666666667
4885.083333333333
4890.833333333333
4892.875
4893.708333333333
4902.875
4922.041666666667
4918.416666666667
4913.583333333333
4887.625
4897.375
4909.291666666667
4894.5
4892.666666666667
4885.416666666667
4872.625
4879.458333333333
4890.083333333333
4898.708333333333
4894.375
4901.833333333333
4901.708333333333
4898.875
4898.375
4903.5
4899.083333333333
4900.791666666667
4902.541666666667
4907.875
4914.708333333333
4917.75
4919.0
4904.875
4896.791666666667
4889.708333333333
4898.291666666667
4893.833333333333
4885.958333333333
4896.041666666667
4894.375
4894.458333333333
4886.625
4877.958333333333
4879.583333333333
4897.375
4877.25
4882.708333333333
4895.041666666667
4898.583333333333
4898.958333333333
4898.875
4899.541666666667
4895.75
4889.416666666667
4884.625
4885.625
4886.958333333333
4896.583333333333
4899.416666666667
4906.708333333333
4907.291666666667
4913.541666666667
4888.791666666667
4883.583333333333
4881.25
4875.916666666667
4886.625
4882.333333333333
4870.083333333333
4874.375
4877.041666666667
4875.916666666667
4879.166666666667
4891.583333333333
4883.166666666667
4895.875
4897.333333333333
4892.375
4885.833333333333
4892.083333333333
4891.125
4890.666666666667
4874.833333333333
4887.666666666667
4879.75
4885.166666666667
4880.583333333333
4878.666666666667
4880.333333333333
4880.875
4884.25
4874.375
4871.375
4879.833333333333
4887.083333333333
4876.208333333333
4882.041666666667
4873.875
4871.166666666667
4885.333333333333
4883.916666666667
4893.25
4887.416666666667
4877.125
4875.416666666667
4877.916666666667
4875.416666666667
4875.583333333333
4871.541666666667
4866.75
4868.958333333333
4870.625
4882.041666666667
4873.041666666667
4883.125
4877.916666666667
4877.625
4891.625
4887.458333333333
4885.875
4887.708333333333
4883.583333333333
4871.833333333333
4869.166666666667
4871.75
4872.5
4880.458333333333
4879.875
4887.208333333333
4878.5
4899.0
4883.541666666667
4877.666666666667
4876.375
4881.291666666667
4877.125
4881.875
4880.708333333333
4875.875
4881.541666666667
4874.791666666667
4887.0
4885.708333333333
4888.333333333333
4865.916666666667
4852.083333333333
4866.875
4865.0
4863.291666666667
4862.208333333333
4872.791666666667
4874.083333333333
4882.541666666667
4882.583333333333
4878.5
4884.958333333333
4884.416666666667
4879.041666666667
4883.958333333333
4879.541666666667
4879.333333333333
4887.208333333333
4879.416666666667
4882.708333333333
4875.125
4876.125
4878.166666666667
4883.875
4875.791666666667
4883.75
4877.333333333333
4871.75
4875.625
4880.416666666667
4869.458333333333
4871.583333333333
4882.416666666667
4887.375
4891.583333333333
4893.166666666667
4898.0
4888.708333333333
4892.958333333333
4900.5
4880.875
4870.208333333333
4860.333333333333
4861.291666666667
4870.083333333333
4875.875
4876.541666666667
4880.875
4874.541666666667
4880.458333333333
4891.666666666667
4894.416666666667
4898.625
4884.25
4889.375
4892.458333333333
4889.333333333333
4896.583333333333
4896.958333333333
4901.0
4890.166666666667
4876.916666666667
4873.833333333333
4870.5
4875.333333333333
4888.916666666667
4883.875
4857.166666666667
4879.875
4897.166666666667
4910.208333333333
4916.291666666667
4914.041666666667
4925.708333333333
4928.375
4926.0
4919.5
4915.333333333333
4906.791666666667
4901.041666666667
4893.625
4888.708333333333
4888.916666666667
4894.75
4891.208333333333
4877.916666666667
4891.291666666667
4893.541666666667
4896.166666666667
4877.958333333333
4878.875
4869.25
4867.166666666667
4874.25
4860.666666666667
4880.875
4881.5
4880.041666666667
4880.875
4866.541666666667
4870.583333333333
4866.791666666667
4880.083333333333
4874.958333333333
4872.666666666667
4875.125
4881.083333333333
4879.125
4880.5
4882.75
4890.25
4894.458333333333
4895.75
4901.916666666667
4894.291666666667
4889.166666666667
4893.583333333333
4905.208333333333
4900.208333333333
4894.666666666667
4895.041666666667
4900.25
4894.916666666667
4882.708333333333
4866.0
4873.541666666667
4884.375
4889.583333333333
4901.333333333333
4907.625
4903.875
4903.75
4896.833333333333
4912.583333333333
4901.875
4901.541666666667
4902.666666666667
4909.958333333333
4889.666666666667
4867.75
4865.541666666667
4864.958333333333
4856.875
4856.5
4862.916666666667
4864.708333333333
4854.708333333333
4851.75
4865.458333333333
4886.708333333333
4860.333333333333
4878.291666666667
4877.791666666667
4878.291666666667
4885.125
4889.041666666667
4892.166666666667
4894.458333333333
4877.708333333333
4869.958333333333
4884.166666666667
4883.25
4876.166666666667
4885.0
4889.375
4876.5
4889.125
4896.5
4895.958333333333
4875.416666666667
4866.083333333333
4867.416666666667
4875.375
4875.166666666667
4866.458333333333
4868.875
4874.708333333333
4874.375
4877.583333333333
4882.083333333333
4877.166666666667
4873.458333333333
4856.666666666667
4852.666666666667
4851.416666666667
4847.208333333333
4866.458333333333
4850.75
4864.666666666667
4875.0
4867.458333333333
4858.666666666667
4831.708333333333
4835.833333333333
4862.583333333333
4847.208333333333
4829.666666666667
4818.5
4817.625
4807.333333333333
4786.708333333333
4814.333333333333
4823.666666666667
4831.958333333333
4835.083333333333
4833.458333333333
4834.333333333333
4824.041666666667
4823.958333333333
4818.708333333333
4828.083333333333
4836.125
4831.083333333333
4836.291666666667
4834.583333333333
4851.083333333333
4838.416666666667
4830.166666666667
4824.416666666667
4821.416666666667
4831.916666666667
4836.666666666667
4851.5
4851.208333333333
4834.75
4808.791666666667
4813.125
4806.583333333333
4810.875
4815.708333333333
4822.708333333333
4831.666666666667
4817.375
4813.416666666667
4824.875
4824.291666666667
4828.333333333333
4841.25
4845.5
4839.291666666667
4828.083333333333
4811.916666666667
4809.541666666667
4802.791666666667
4791.833333333333
4808.625
4812.041666666667
4820.958333333333
4827.916666666667
4839.708333333333
4822.291666666667
4827.833333333333
4809.208333333333
4792.25
4790.25
4791.166666666667
4804.708333333333
4813.541666666667
4822.958333333333
4813.625
4798.458333333333
4786.125
4782.875
4783.666666666667
4789.916666666667
4781.791666666667
4785.833333333333
4802.125
4794.166666666667
4808.291666666667
4827.958333333333
4809.416666666667
4810.291666666667
4818.625
4823.708333333333
4807.041666666667
4809.083333333333
4807.666666666667
4809.791666666667
4819.333333333333
4802.916666666667
4811.75
4805.25
4810.083333333333
4798.916666666667
4809.791666666667
4812.75
4794.875
4805.25
4801.875
4813.958333333333
4810.0
4817.833333333333
4832.208333333333
4820.083333333333
4823.666666666667
4813.958333333333
4808.375
4798.833333333333
4802.375
4821.25
4817.208333333333
4807.125
4803.291666666667
4800.083333333333
4806.166666666667
4804.958333333333
4801.541666666667
4795.083333333333
4805.166666666667
4799.5
4796.583333333333
4798.291666666667
4805.666666666667
4796.875
4804.625
4803.75
4800.5
4815.708333333333
4823.25
4806.375
4781.458333333333
4801.875
4808.583333333333
4824.208333333333
4812.208333333333
4801.875
4810.333333333333
4814.5
4819.0
4820.583333333333
4812.083333333333
4807.5
4813.333333333333
4811.125
4811.541666666667
4797.0
4798.083333333333
4812.541666666667
4817.291666666667
4811.5
4810.708333333333
4813.541666666667
4807.458333333333
4807.458333333333
4801.458333333333
4806.708333333333
4811.958333333333
4816.833333333333
4822.5
4822.458333333333
4822.416666666667
4800.375
4798.0
4819.083333333333
4828.916666666667
4820.041666666667
4812.041666666667
4805.708333333333
4800.25
4798.833333333333
4792.291666666667
4797.0
4798.958333333333
4749.208333333333
4752.208333333333
4760.333333333333
4787.375
4799.25
4806.458333333333
4797.833333333333
4787.791666666667
4790.291666666667
4795.625
4797.208333333333
4802.833333333333
4803.708333333333
4803.958333333333
4798.875
4791.291666666667
4792.791666666667
4790.375
4803.0
4802.75
4807.875
4787.75
4791.291666666667
4794.375
4793.791666666667
4797.958333333333
4806.041666666667
4814.708333333333
4806.416666666667
4815.333333333333
4815.166666666667
4818.375
4832.583333333333
4824.5
4807.875
4799.708333333333
4800.5
4800.0
4796.416666666667
4799.416666666667
4806.25
4817.541666666667
4799.791666666667
4753.208333333333
4755.916666666667
4763.166666666667
4781.125
4792.666666666667
4792.375
4810.0
4792.083333333333
4799.375
4806.5
4806.958333333333
4805.958333333333
4798.416666666667
4815.583333333333
4819.25
4818.25
4819.166666666667
4824.541666666667
4832.791666666667
4817.291666666667
4803.333333333333
4802.25
4811.791666666667
4828.166666666667
4845.5
4846.208333333333
4827.25
4803.875
4806.166666666667
4812.708333333333
4819.125
4809.541666666667
4829.791666666667
4825.833333333333
4821.208333333333
4815.291666666667
4810.75
4793.208333333333
4784.75
4785.625
4794.625
4799.25
4797.75
4808.958333333333
4795.208333333333
4768.458333333333
4755.916666666667
4776.875
4783.208333333333
4785.541666666667
4779.666666666667
4793.958333333333
4802.0
4801.333333333333
4800.875
4795.041666666667
4786.375
4779.916666666667
4791.25
4782.041666666667
4763.958333333333
4772.166666666667
4783.916666666667
4771.541666666667
4772.958333333333
4758.375
4763.541666666667
4778.583333333333
4777.958333333333
4774.416666666667
4767.583333333333
4774.291666666667
4767.875
4744.125
4750.958333333333
4752.583333333333
4768.791666666667
4763.916666666667
4763.166666666667
4772.75
4756.958333333333
4746.125
4749.75
4761.583333333333
4764.5
4789.791666666667
4796.208333333333
4784.208333333333
4785.5
4764.333333333333
4769.666666666667
4785.75
4789.25
4762.25
4763.541666666667
4764.416666666667
4766.625
4774.291666666667
4784.041666666667
4788.916666666667
4796.083333333333
4791.916666666667
4797.083333333333
4780.083333333333
4778.125
4782.583333333333
4786.625
4799.041666666667
4800.958333333333
4806.916666666667
4813.333333333333
4812.0
4807.708333333333
4809.875
4800.5
4804.458333333333
4815.75
4830.166666666667
4826.208333333333
4812.958333333333
4787.458333333333
4784.666666666667
4799.583333333333
4789.916666666667
4803.083333333333
4808.416666666667
4809.166666666667
4813.4
4819.25
4804.285714285715
4800.357142857143
4811.083333333333
4807.0
4827.541666666667
4837.208333333333
4812.208333333333
4819.583333333333
4822.347826086957
4835.391304347826
4845.416666666667
4850.041666666667
4852.583333333333
4849.083333333333
4856.25
4873.625
4858.833333333333
4854.875
4854.958333333333
4747.875
4762.541666666667
4789.041666666667
4813.583333333333
4828.375
4846.958333333333
4851.090909090909
4853.625
4853.583333333333
4828.625
4820.304347826087
4839.125
4809.875
4799.625
4789.083333333333
4780.666666666667
4786.291666666667
4815.25
4820.041666666667
4815.166666666667
4813.791666666667
4792.875
4792.708333333333
4780.166666666667
4760.583333333333
4763.458333333333
4745.333333333333
4740.863636363636
4731.375
4745.833333333333
4763.125
4762.125
4768.541666666667
4792.041666666667
4788.217391304348
4780.666666666667
4772.916666666667
4774.708333333333
4778.333333333333
4780.086956521739
4719.958333333333
4737.708333333333
4755.666666666667
4739.541666666667
4705.916666666667
4714.391304347826
4727.227272727273
4702.208333333333
4682.130434782609
4644.666666666667
4691.5
4708.791666666667
4710.333333333333
4702.708333333333
4725.208333333333
4732.125
4734.166666666667
4739.375
4746.833333333333
4756.625
4751.916666666667
4743.666666666667
4730.416666666667
4731.916666666667
4726.791666666667
4721.458333333333
4733.791666666667
4747.875
4754.826086956522
4754.25
4763.25
4743.916666666667
4730.541666666667
4726.791666666667
4724.125
4739.916666666667
4754.166666666667
4773.666666666667
4777.208333333333
4783.916666666667
4795.708333333333
4791.375
4798.458333333333
4794.75
4789.125
4796.333333333333
4777.125
4776.25
4783.5
4782.708333333333
4768.541666666667
4754.95652173913
4757.75
4747.0
4742.666666666667
4752.583333333333
4759.208333333333
4770.416666666667
4757.0
4765.25
4748.083333333333
4727.625
4733.5
4747.541666666667
4747.666666666667
4742.666666666667
4753.541666666667
4677.583333333333
4714.666666666667
4720.75
4727.458333333333
4729.95652173913
4689.04347826087
4682.25
4701.833333333333
4696.541666666667
4688.416666666667
4695.772727272727
4688.086956521739
4605.5
4598.333333333333
4615.333333333333
4647.583333333333
4665.333333333333
4664.875
4598.791666666667
4555.875
4590.125
4629.041666666667
4655.5
4685.565217391304
4689.125
4694.347826086957
4709.041666666667
4716.625
4714.916666666667
4705.333333333333
4722.833333333333
4723.958333333333
4707.409090909091
4741.25
4747.130434782609
4734.458333333333
4681.625
4657.375
4666.625
4684.260869565217
4679.541666666667
4698.782608695652
4709.625
4720.333333333333
4708.208333333333
4711.153846153846
4693.818181818182
4710.333333333333
4728.541666666667
4745.916666666667
4744.541666666667
4735.041666666667
4732.541666666667
4728.909090909091
4729.041666666667
4718.25
4714.958333333333
4726.625
4722.041666666667
4725.916666666667
4708.166666666667
4663.458333333333
4657.5
4687.916666666667
4708.458333333333
4726.916666666667
4723.75
4723.666666666667
4727.0
4726.041666666667
4730.916666666667
4707.333333333333
4700.25
4703.583333333333
4726.25
4729.791666666667
4735.041666666667
4728.958333333333
4727.75
4731.916666666667
4749.625
4750.958333333333
4736.958333333333
4740.291666666667
4740.541666666667
4758.416666666667
4757.75
4757.041666666667
4761.625
4769.083333333333
4753.875
4743.583333333333
4753.416666666667
4746.791666666667
4747.833333333333
4765.541666666667
4703.875
4682.041666666667
4687.181818181818
4690.5
4675.434782608696
4693.791666666667
4710.625
4711.083333333333
4679.791666666667
4726.04347826087
4745.291666666667
4756.652173913043
4776.5
4770.227272727273
4757.333333333333
4757.916666666667
4716.0
4657.304347826087
4669.75
4690.5
4691.208333333333
4696.541666666667
4696.291666666667
4700.166666666667
4705.208333333333
4686.0
4654.0
4669.434782608696
4694.958333333333
4700.541666666667
4680.791666666667
4662.75
4667.818181818182
4681.333333333333
4695.208333333333
4706.333333333333
4722.833333333333
4731.0
4738.541666666667
4732.142857142857
4759.958333333333
4758.791666666667
4775.041666666667
4682.333333333333
4685.875
4694.208333333333
4719.833333333333
4747.208333333333
4762.333333333333
4738.708333333333
4725.583333333333
4713.375
4707.958333333333
4712.333333333333
4738.666666666667
4722.333333333333
4720.625
4713.375
4731.25
4718.5
4719.25
4740.291666666667
4737.791666666667
4740.291666666667
4755.666666666667
4746.583333333333
4753.416666666667
4746.208333333333
4747.291666666667
4758.291666666667
4767.333333333333
4744.166666666667
4753.666666666667
4750.208333333333
4758.458333333333
4767.75
4756.166666666667
4772.625
4735.333333333333
4741.708333333333
4775.375
4765.291666666667
4756.333333333333
4748.333333333333
4749.041666666667
4750.791666666667
4749.0
4750.375
4752.666666666667
4762.25
4759.708333333333
4756.541666666667
4772.166666666667
4772.5
4787.875
4796.125
4814.291666666667
4808.458333333333
4797.625
4791.541666666667
4779.541666666667
4778.958333333333
4773.083333333333
4777.875
4783.708333333333
4805.071428571428
4730.266666666666
4743.25
4725.625
4737.416666666667
4783.25
4784.708333333333
4784.416666666667
4790.625
4778.208333333333
4787.739130434783
4784.0
4775.041666666667
4786.541666666667
4800.875
4799.083333333333
4809.25
4817.0
4812.958333333333
4783.25
4783.75
4765.583333333333
4748.227272727273
4754.826086956522
4718.25
4714.333333333333
4719.166666666667
4711.125
4734.125
4716.666666666667
4660.791666666667
4600.833333333333
4618.875
4676.458333333333
4685.125
4704.083333333333
4730.166666666667
4741.75
4749.375
4753.833333333333
4746.25
4738.333333333333
4737.291666666667
4745.083333333333
4729.875
4721.833333333333
4715.625
4713.666666666667
4718.291666666667
4751.291666666667
4743.541666666667
4759.708333333333
4774.875
4766.375
4761.217391304348
4755.416666666667
4765.208333333333
4736.333333333333
4678.916666666667
4664.791666666667
4682.125
4705.416666666667
4718.958333333333
4716.375
4735.833333333333
4723.0
4740.375
4557.208333333333
4412.083333333333
4484.208333333333
4519.833333333333
4515.708333333333
4468.625
4565.333333333333
4591.375
4610.208333333333
4642.375
4663.791666666667
4676.625
4687.5
4714.625
4735.75
4751.791666666667
4752.666666666667
4744.583333333333
4743.75
4761.708333333333
4753.958333333333
4742.375
4735.25
4733.5
4735.333333333333
4736.916666666667
4747.521739130435
4761.583333333333
4749.083333333333
4659.5
4699.666666666667
4727.416666666667
4727.125
4721.454545454545
4724.916666666667
4746.958333333333
4758.791666666667
4764.958333333333
4776.25
4777.458333333333
4792.875
4802.375
4807.625
4804.041666666667
4764.083333333333
4765.333333333333
4773.791666666667
4777.625
4734.125
4693.5
4716.625
4721.125
4738.375
4762.875
4770.083333333333
4777.791666666667
4793.375
4756.5
4741.125
4733.958333333333
4724.5
4727.541666666667
4743.208333333333
4752.0
4765.9
4754.333333333333
4736.0
4766.916666666667
4755.458333333333
4769.791666666667
4786.875
4734.958333333333
4728.958333333333
4722.958333333333
4707.833333333333
4700.625
4711.208333333333
4713.208333333333
4722.5
4745.125
4753.125
4747.833333333333
4744.291666666667
4717.541666666667
4652.875
4666.916666666667
4675.083333333333
4700.0
4696.791666666667
4701.916666666667
4681.75
4683.5
4686.791666666667
4687.125
4680.75
4696.291666666667
4744.0
4733.458333333333
4734.916666666667
4739.583333333333
4700.5
4637.083333333333
4675.375
4688.875
4703.208333333333
4700.75
4702.0
4717.958333333333
4738.916666666667
4723.083333333333
4734.125
4720.416666666667
4721.291666666667
4724.083333333333
4725.25
4717.083333333333
4712.541666666667
4700.916666666667
4690.166666666667
4612.875
4626.791666666667
4637.708333333333
4613.333333333333
4614.695652173913
4636.25
4660.208333333333
4677.708333333333
4659.0
4661.0
4557.727272727273
4567.458333333333
4594.714285714285
4608.142857142857
4589.791666666667
4536.304347826087
4528.541666666667
4538.0
4536.0
4555.166666666667
4584.666666666667
4605.5
4575.208333333333
4570.791666666667
4615.791666666667
4625.041666666667
4643.5
4630.125
4612.4
4620.083333333333
4620.916666666667
4617.458333333333
4628.375
4630.238095238095
4643.916666666667
4649.041666666667
4646.791666666667
4643.333333333333
4652.083333333333
4625.5
4619.25
4631.708333333333
4648.416666666667
4653.416666666667
4667.166666666667
4650.791666666667
4650.833333333333
4644.125
4642.708333333333
4671.458333333333
4660.333333333333
4663.458333333333
4665.375
4674.5
4681.208333333333
4686.916666666667
4696.75
4713.416666666667
4723.625
4729.130434782609
4715.619047619048
4655.708333333333
4580.041666666667
4605.347826086957
4649.583333333333
4682.291666666667
4686.291666666667
4692.875
4703.291666666667
4702.391304347826
4693.375
4683.375
4681.833333333333
4695.708333333333
4700.916666666667
4707.416666666667
4689.083333333333
4699.791666666667
4694.695652173913
4697.666666666667
4713.166666666667
4714.25
4722.166666666667
4703.125
4697.04347826087
4702.541666666667
4712.291666666667
4706.791666666667
4691.541666666667
4669.583333333333
4694.583333333333
4708.083333333333
4717.0
4724.041666666667
4689.875
4707.782608695652
4690.409090909091
4648.0
4668.227272727273
4629.708333333333
4643.041666666667
4654.166666666667
4658.291666666667
4664.166666666667
4678.958333333333
4678.333333333333
4680.833333333333
4687.541666666667
4694.666666666667
4710.583333333333
4724.0
4731.666666666667
4741.833333333333
4727.875
4726.875
4740.875
4735.125
4729.833333333333
4706.0
4702.625
4700.333333333333
4698.333333333333
4700.882352941177
4700.833333333333
4710.416666666667
4715.5
4726.041666666667
4733.0
4727.458333333333
4740.5
4697.25
4697.869565217391
4687.083333333333
4702.458333333333
4717.666666666667
4724.666666666667
4710.416666666667
4718.208333333333
4704.416666666667
4698.5
4702.833333333333
4655.25
4605.208333333333
4628.541666666667
4636.041666666667
4657.75
4665.166666666667
4679.916666666667
4678.291666666667
4676.25
4660.541666666667
4665.25
4703.041666666667
4720.083333333333
4723.416666666667
4737.0
4743.869565217391
4728.894736842105
4729.833333333333
4720.916666666667
4737.625
4707.916666666667
4683.791666666667
4688.416666666667
4701.916666666667
4697.75
4710.208333333333
4716.291666666667
4715.916666666667
4720.739130434783
4719.714285714285
4748.375
4732.958333333333
4737.708333333333
4745.625
4743.208333333333
4745.913043478261
4735.041666666667
4749.083333333333
4754.541666666667
4750.227272727273
4746.304347826087
4746.291666666667
4758.416666666667
4759.166666666667
4757.666666666667
4747.583333333333
4752.916666666667
4757.041666666667
4753.0
4723.208333333333
4723.916666666667
4683.5
4684.166666666667
4711.458333333333
4726.208333333333
4730.708333333333
4751.625
4754.083333333333
4751.25
4722.416666666667
4705.333333333333
4712.291666666667
4713.875
4721.583333333333
4727.0
4750.478260869565
4751.791666666667
4751.958333333333
4740.125
4754.25
4763.041666666667
4754.875
4759.333333333333
4769.458333333333
4764.208333333333
4757.458333333333
4757.625
4762.625
4766.782608695652
4748.166666666667
4724.041666666667
4713.083333333333
4736.208333333333
4739.375
4736.625
4738.666666666667
4734.791666666667
4740.708333333333
4728.291666666667
4725.333333333333
4730.75
4725.083333333333
4744.75
4747.666666666667
4738.5
4725.227272727273
4729.291666666667
4729.0
4725.260869565217
4725.75
4731.625
4735.5
4745.125
4749.625
4751.625
4751.476190476191
4698.458333333333
4672.0
4622.125
4570.291666666667
4559.583333333333
4589.416666666667
4628.333333333333
4631.375
4650.541666666667
4680.833333333333
4689.166666666667
4677.25
4689.04347826087
4696.791666666667
4716.5
4704.25
4707.625
4723.25
4731.75
4734.291666666667
4740.375
4747.75
4737.041666666667
4747.416666666667
4745.875
4743.5
4726.458333333333
4708.125
4711.0
4719.041666666667
4631.5
4596.25
4648.083333333333
4659.166666666667
4665.478260869565
4671.958333333333
4687.625
4704.166666666667
4697.0
4675.083333333333
4675.083333333333
4678.0
4694.291666666667
4719.75
4724.333333333333
4729.458333333333
4693.5
4698.208333333333
4701.0
4696.5
4695.541666666667
4706.708333333333
4680.833333333333
4650.666666666667
4649.375
4658.625
4656.875
4670.375
4677.25
4667.916666666667
4662.625
4640.291666666667
4598.958333333333
4591.541666666667
4572.833333333333
4574.208333333333
4569.375
4571.041666666667
4578.666666666667
4573.166666666667
4584.458333333333
4579.333333333333
4541.041666666667
4572.916666666667
4608.083333333333
4617.75
4635.5
4656.916666666667
4660.75
4617.5
4620.833333333333
4629.391304347826
4630.95652173913
4642.166666666667
4621.791666666667
4585.25
4589.208333333333
4597.291666666667
4611.041666666667
4628.25
4649.0
4652.958333333333
4647.708333333333
4642.125
4643.166666666667
4664.125
4672.291666666667
4677.95
4677.833333333333
4682.416666666667
4659.25
4597.375
4612.958333333333
4615.625
4632.166666666667
4598.583333333333
4682.666666666667
4656.666666666667
4656.375
4666.0
4678.4
4652.619047619048
4654.541666666667
4651.666666666667
4637.916666666667
4643.125
4630.958333333333
4627.75
4632.666666666667
4637.166666666667
4582.916666666667
4617.541666666667
4631.458333333333
4637.958333333333
4652.375
4656.125
4674.541666666667
4679.565217391304
4671.958333333333
4668.458333333333
4672.25
4681.5
4690.166666666667
4683.833333333333
4687.333333333333
4662.5
4639.666666666667
4641.958333333333
4649.190476190476
4652.291666666667
4652.541666666667
4648.833333333333
4638.291666666667
4640.625
4646.782608695652
4658.791666666667
4675.25
4679.708333333333
4669.291666666667
4659.458333333333
4674.875
4679.166666666667
4692.625
4694.916666666667
4701.708333333333
4703.916666666667
4698.291666666667
4687.6
4692.565217391304
4695.541666666667
4658.0
4648.0
4664.541666666667
4669.583333333333
4673.291666666667
4667.25
4646.0
4683.473684210527
4634.083333333333
4615.166666666667
4627.416666666667
4640.333333333333
4653.04347826087
4653.666666666667
4664.333333333333
4693.380952380952
4690.458333333333
4697.125
4710.416666666667
4718.791666666667
4705.333333333333
4705.541666666667
4691.708333333333
4700.208333333333
4705.791666666667
4711.083333333333
4724.375
4727.791666666667
4730.25
4724.958333333333
4738.125
4727.5
4726.208333333333
4733.0
4732.041666666667
4725.125
4715.208333333333
4676.708333333333
4702.916666666667
4722.136363636364
4719.166666666667
4728.666666666667
4728.333333333333
4735.818181818182
4704.791666666667
4714.125
4734.333333333333
4736.75
4720.958333333333
4744.25
4716.166666666667
4693.625
4712.25
4712.333333333333
4712.208333333333
4730.791666666667
4750.25
4746.5
4740.958333333333
4719.0
4713.166666666667
4737.75
4741.708333333333
4742.291666666667
4724.75
4707.208333333333
4712.04347826087
4716.541666666667
4706.083333333333
4721.333333333333
4731.125
4732.458333333333
4705.75
4708.583333333333
4713.833333333333
4701.416666666667
4707.416666666667
4687.083333333333
4662.826086956522
4672.416666666667
4673.75
4683.375
4705.291666666667
4710.958333333333
4714.416666666667
4712.791666666667
4711.0
4726.083333333333
4728.166666666667
4708.375
4712.0
4716.083333333333
4725.0
4702.333333333333
4684.875
4705.916666666667
4717.5
4675.0
4640.541666666667
4667.375
4685.75
4690.583333333333
4687.333333333333
4697.75
4680.125
4670.541666666667
4675.041666666667
4689.708333333333
4719.125
4717.458333333333
4715.083333333333
4649.5
4639.625
4669.625
4688.083333333333
4682.416666666667
4683.5
4698.625
4692.875
4694.826086956522
4703.375
4688.333333333333
4699.125
4701.5
4684.75
4703.739130434783
4701.333333333333
4691.166666666667
4677.666666666667
4652.916666666667
4656.583333333333
4658.0
4688.708333333333
4694.916666666667
4701.958333333333
4668.583333333333
4668.125
4612.166666666667
4608.416666666667
4633.5
4644.727272727273
4674.869565217391
4684.791666666667
4677.608695652174
4669.333333333333
4688.708333333333
4677.458333333333
4690.041666666667
4681.75
4661.739130434783
4658.333333333333
4670.833333333333
4668.666666666667
4662.708333333333
4657.625
4651.625
4636.208333333333
4637.458333333333
4643.541666666667
4650.958333333333
4656.833333333333
4636.208333333333
4611.375
4605.583333333333
4610.416666666667
4631.181818181818
4638.458333333333
4666.083333333333
4666.0
4649.608695652174
4636.208333333333
4631.291666666667
4626.25
4605.666666666667
4559.291666666667
4587.041666666667
4618.5
4644.913043478261
4598.958333333333
4574.708333333333
4569.375
4600.166666666667
4595.875
4597.666666666667
4619.416666666667
4652.625
4574.041666666667
4540.458333333333
4559.833333333333
4585.541666666667
4607.708333333333
4614.0
4633.958333333333
4648.375
4675.083333333333
4699.416666666667
4720.291666666667
4713.086956521739
4697.291666666667
4696.5
4665.791666666667
4666.166666666667
4674.875
4677.291666666667
4692.208333333333
4697.25
4678.875
4687.0
4689.5
4668.458333333333
4680.541666666667
4664.875
4670.916666666667
4648.125
4654.125
4670.458333333333
4694.458333333333
4702.291666666667
4705.833333333333
4701.0
4707.458333333333
4715.5
4705.708333333333
4648.041666666667
4654.041666666667
4653.416666666667
4650.583333333333
4651.875
4660.875
4704.0
4689.541666666667
4699.083333333333
4709.166666666667
4728.666666666667
4734.666666666667
4672.75
4619.583333333333
4602.333333333333
4611.041666666667
4634.666666666667
4642.375
4641.291666666667
4653.958333333333
4667.958333333333
4682.541666666667
4694.375
4708.541666666667
4711.875
4733.75
4737.208333333333
4716.04347826087
4698.083333333333
4694.125
4688.583333333333
4686.416666666667
4713.541666666667
4709.708333333333
4701.208333333333
4710.625
4731.5
4734.458333333333
4739.391304347826
4748.625
4717.375
4692.875
4696.125
4694.958333333333
4695.791666666667
4679.208333333333
4683.25
4640.416666666667
4641.208333333333
4655.458333333333
4661.166666666667
4670.958333333333
4675.958333333333
4693.583333333333
4683.875
4645.916666666667
4673.708333333333
4695.791666666667
4701.75
4701.625
4706.041666666667
4700.083333333333
4674.083333333333
4585.041666666667
4624.25
4667.0
4673.166666666667
4675.083333333333
4679.833333333333
4673.958333333333
4650.25
4628.041666666667
4622.818181818182
4574.666666666667
4556.875
4547.083333333333
4575.625
4593.916666666667
4600.5
4610.5
4605.75
4621.166666666667
4624.208333333333
4623.833333333333
4623.833333333333
4624.666666666667
4634.708333333333
4647.5
4650.583333333333
4651.25
4656.75
4660.25
4667.5
4657.25
4656.583333333333
4640.083333333333
4647.0
4667.75
4649.666666666667
4620.166666666667
4598.875
4610.75
4608.916666666667
4639.125
4648.458333333333
4649.958333333333
4667.666666666667
4684.25
4691.583333333333
4686.416666666667
4686.0625
4692.173913043478
4687.625
4681.666666666667
4686.375
4695.708333333333
4706.333333333333
4700.375
4684.041666666667
4665.875
4666.583333333333
4663.625
4684.583333333333
4683.458333333333
4663.0
4662.5
4670.666666666667
4652.478260869565
4641.333333333333
4630.958333333333
4630.166666666667
4646.521739130435
4664.5
4668.583333333333
4666.333333333333
4672.125
4665.5
4683.791666666667
4702.666666666667
4693.916666666667
4705.291666666667
4711.083333333333
4710.5
4738.458333333333
4713.631578947368
4693.666666666667
4686.291666666667
4691.708333333333
4708.208333333333
4705.541666666667
4717.863636363636
4723.458333333333
4689.25
4656.333333333333
4598.75
4590.541666666667
4597.125
4588.041666666667
4589.458333333333
4531.291666666667
4466.5
4503.75
4551.958333333333
4604.875
4619.0
4608.583333333333
4641.416666666667
4664.416666666667
4711.208333333333
4731.458333333333
4734.791666666667
4716.958333333333
4668.041666666667
4675.416666666667
4653.708333333333
4641.708333333333
4627.5
4611.833333333333
4595.541666666667
4600.333333333333
4614.208333333333
4588.166666666667
4594.041666666667
4598.208333333333
4599.833333333333
4610.583333333333
4632.833333333333
4632.166666666667
4630.125
4634.916666666667
4634.666666666667
4626.833333333333
4654.208333333333
4668.041666666667
4682.625
4698.666666666667
4684.916666666667
4671.958333333333
4607.791666666667
4622.291666666667
4651.875
4635.958333333333
4611.791666666667
4623.833333333333
4628.166666666667
4602.0
4608.125
4625.666666666667
4611.833333333333
4587.25
4558.458333333333
4553.125
4535.125
4522.75
4506.833333333333
4527.166666666667
4525.916666666667
4540.833333333333
4471.958333333333
4500.5
4533.0
4572.166666666667
4603.125
4585.291666666667
4607.041666666667
4628.875
4665.083333333333
4678.625
4698.375
4697.75
4656.416666666667
4633.458333333333
4627.625
4631.083333333333
4630.5
4630.3
4620.5
4603.25
4598.894736842105
4566.636363636364
4511.066666666667
4489.083333333333
4462.416666666667
4449.791666666667
4459.166666666667
4477.75
4495.708333333333
4518.125
4535.666666666667
4549.75
4568.857142857143
4571.541666666667
4595.0
4632.958333333333
4666.75
4709.041666666667
4699.166666666667
4674.541666666667
4668.541666666667
4646.958333333333
4472.75
4441.791666666667
4444.416666666667
4474.708333333333
4495.0
4520.166666666667
4522.166666666667
4529.75
4537.541666666667
4524.5
4512.166666666667
4519.25
4524.25
4557.833333333333
4575.708333333333
4563.625
4550.833333333333
4566.125
4575.695652173913
4595.75
4634.541666666667
4664.166666666667
4673.958333333333
4689.833333333333
4691.791666666667
4687.166666666667
4655.083333333333
4656.333333333333
4656.708333333333
4666.291666666667
4633.0
4620.541666666667
4631.916666666667
4632.5
4623.541666666667
4606.083333333333
4612.695652173913
4608.086956521739
4576.0
4575.458333333333
4568.416666666667
4563.058823529412
4561.545454545455
4553.541666666667
4555.625
4570.791666666667
4576.041666666667
4586.541666666667
4591.583333333333
4601.083333333333
4617.625
4633.166666666667
4644.583333333333
4647.75
4643.916666666667
4647.375
4639.166666666667
4646.173913043478
4633.041666666667
4624.833333333333
4626.5
4627.0
4603.708333333333
4618.875
4620.521739130435
4626.333333333333
4629.833333333333
4634.666666666667
4635.208333333333
4632.375
4579.625
4569.5
4583.958333333333
4588.869565217391
4610.458333333333
4622.833333333333
4631.125
4631.583333333333
4633.5
4603.916666666667
4578.875
4571.333333333333
4579.166666666667
4589.428571428572
4562.416666666667
4516.833333333333
4519.5
4521.416666666667
4545.0
4563.791666666667
4536.875
4540.75
4557.916666666667
4574.625
4564.782608695652
4569.608695652174
4574.708333333333
4570.166666666667
4557.0
4550.384615384615
4525.708333333333
4553.916666666667
4569.541666666667
4585.625
4606.708333333333
4620.583333333333
4636.0
4637.541666666667
4623.916666666667
4583.916666666667
4587.875
4591.208333333333
4593.208333333333
4613.347826086957
4605.833333333333
4619.416666666667
4610.958333333333
4601.125
4620.791666666667
4640.291666666667
4644.708333333333
4627.291666666667
4624.166666666667
4623.833333333333
4620.666666666667
4615.708333333333
4632.291666666667
4636.0
4639.75
4636.333333333333
4608.5
4604.583333333333
4607.0
4604.75
4603.291666666667
4548.458333333333
4539.190476190476
4554.791666666667
4586.166666666667
4606.583333333333
4623.416666666667
4626.833333333333
4635.833333333333
4643.375
4645.083333333333
4669.458333333333
4675.958333333333
4662.166666666667
4646.75
4634.375
4648.5
4659.5
4656.041666666667
4665.083333333333
4674.25
4705.916666666667
4705.416666666667
4700.083333333333
4684.208333333333
4678.625
4665.916666666667
4651.833333333333
4651.5
4648.625
4654.826086956522
4662.608695652174
4661.708333333333
4664.666666666667
4664.869565217391
4664.727272727273
4674.041666666667
4688.565217391304
4695.333333333333
4681.083333333333
4656.583333333333
4617.791666666667
4625.208333333333
4643.666666666667
4651.416666666667
4664.041666666667
4664.625
4657.375
4600.545454545455
4442.583333333333
4444.666666666667
4400.833333333333
4467.625
4488.125
4516.041666666667
4549.208333333333
4601.75
4625.416666666667
4639.041666666667
4648.875
4654.958333333333
4647.625
4645.04347826087
4637.478260869565
4643.458333333333
4661.708333333333
4672.416666666667
4662.916666666667
4651.666666666667
4621.0
4602.666666666667
4628.416666666667
4617.375
4628.541666666667
4638.833333333333
4645.75
4645.166666666667
4655.166666666667
4651.875
4673.791666666667
4663.25
4661.791666666667
4662.208333333333
4653.791666666667
4675.791666666667
4693.583333333333
4702.041666666667
4683.541666666667
4666.708333333333
4665.333333333333
4672.695652173913
4678.909090909091
4690.5
4695.041666666667
4682.833333333333
4670.375
4665.291666666667
4660.916666666667
4612.291666666667
4579.833333333333
4624.541666666667
4628.458333333333
4604.458333333333
4604.958333333333
4614.0
4626.791666666667
4656.708333333333
4654.875
4646.041666666667
4656.541666666667
4665.0
4674.083333333333
4680.958333333333
4660.666666666667
4637.833333333333
4649.708333333333
4643.291666666667
4650.791666666667
4665.541666666667
4676.833333333333
4682.625
4675.25
4672.791666666667
4643.625
4651.666666666667
4658.333333333333
4595.0
4645.666666666667
4634.083333333333
4618.208333333333
4602.541666666667
4602.75
4600.791666666667
4606.875
4621.458333333333
4628.869565217391
4628.791666666667
4655.4375
4686.5
4680.583333333333
4668.833333333333
4658.708333333333
4646.666666666667
4656.583333333333
4658.916666666667
4663.583333333333
4673.083333333333
4668.625
4669.695652173913
4647.916666666667
4623.333333333333
4615.0
4615.708333333333
4614.833333333333
4632.958333333333
4644.25
4644.333333333333
4629.083333333333
4628.083333333333
4619.0
4619.923076923077
4699.041666666667
4689.708333333333
4694.583333333333
4699.208333333333
4705.625
4700.041666666667
4686.833333333333
4671.5
4651.833333333333
4634.333333333333
4627.083333333333
4638.875
4650.909090909091
4670.153846153846
4666.833333333333
4665.416666666667
4672.142857142857
4668.916666666667
4667.583333333333
4701.416666666667
4687.958333333333
4686.333333333333
4702.125
4704.041666666667
4693.75
4709.041666666667
4705.875
4703.458333333333
4707.5
4740.708333333333
4734.875
4723.375
4708.565217391304
4718.916666666667
4709.583333333333
4705.666666666667
4723.416666666667
4762.666666666667
4779.666666666667
4775.125
4752.041666666667
4728.625
4723.25
4721.875
4746.166666666667
4746.791666666667
4747.583333333333
4760.583333333333
4727.083333333333
4721.458333333333
4739.125
4756.541666666667
4760.958333333333
4748.416666666667
4766.666666666667
4779.875
4774.291666666667
4728.416666666667
4738.875
4723.125
4730.416666666667
4742.583333333333
4742.041666666667
4731.5
4740.791666666667
4729.458333333333
4732.416666666667
4748.75
4776.875
4765.416666666667
4756.083333333333
4733.458333333333
4720.0
4706.083333333333
4709.0
4741.333333333333
4769.333333333333
4768.791666666667
4763.375
4769.916666666667
4751.416666666667
4735.75
4754.375
4775.708333333333
4751.041666666667
4747.625
4746.25
4740.75
4741.5
4741.458333333333
4735.0
4757.291666666667
4748.708333333333
4753.75
4752.916666666667
4736.0
4751.458333333333
4740.208333333333
4724.333333333333
4722.583333333333
4703.541666666667
4717.416666666667
4716.125
4716.333333333333
4739.083333333333
4757.125
4781.958333333333
4778.291666666667
4768.541666666667
4773.958333333333
4779.833333333333
4774.5
4776.833333333333
4788.958333333333
4775.583333333333
4729.708333333333
4742.0
4742.0
4692.958333333333
4691.041666666667
4702.166666666667
4722.75
4719.666666666667
4705.416666666667
4703.708333333333
4686.416666666667
4668.083333333333
4668.708333333333
4695.916666666667
4713.208333333333
4710.5
4726.625
4741.916666666667
4754.333333333333
4760.666666666667
4749.75
4758.125
4746.75
4749.5
4759.833333333333
4765.083333333333
4747.291666666667
4757.833333333333
4734.125
4740.25
4755.375
4763.666666666667
4784.541666666667
4780.791666666667
4746.875
4733.791666666667
4713.208333333333
4710.666666666667
4698.875
4670.125
4681.208333333333
4697.458333333333
4709.083333333333
4729.625
4737.791666666667
4751.0
4750.75
4740.291666666667
4751.083333333333
4752.916666666667
4758.291666666667
4772.416666666667
4785.416666666667
4789.416666666667
4795.666666666667
4787.25
4779.916666666667
4770.666666666667
4769.391304347826
4750.791666666667
4749.166666666667
4744.791666666667
4731.583333333333
4712.791666666667
4672.375
4636.708333333333
4624.291666666667
4637.5
4649.125
4683.833333333333
4705.666666666667
4731.833333333333
4743.916666666667
4689.5
4694.333333333333
4686.458333333333
4688.083333333333
4700.208333333333
4703.041666666667
4706.041666666667
4719.166666666667
4716.0
4715.916666666667
4716.625
4733.375
4745.166666666667
4750.958333333333
4738.5
4705.375
4700.041666666667
4675.125
4670.458333333333
4667.416666666667
4643.541666666667
4654.25
4678.416666666667
4682.166666666667
4694.75
4709.208333333333
4722.833333333333
4684.125
4637.583333333333
4675.5
4701.75
4708.625
4720.333333333333
4710.625
4713.666666666667
4724.333333333333
4723.125
4732.458333333333
4741.458333333333
4754.375
4752.416666666667
4718.25
4708.041666666667
4724.166666666667
4724.0
4707.833333333333
4713.583333333333
4699.625
4697.458333333333
4698.666666666667
4719.875
4734.958333333333
4744.75
4752.333333333333
4745.708333333333
4746.083333333333
4737.041666666667
4712.666666666667
4685.458333333333
4674.833333333333
4697.041666666667
4745.916666666667
4722.375
4730.291666666667
4734.958333333333
4747.083333333333
4754.833333333333
4761.333333333333
4759.833333333333
4727.75
4718.041666666667
4699.583333333333
4690.291666666667
4682.0
4683.208333333333
4708.0
4715.25
4706.416666666667
4707.5
4736.833333333333
4749.875
4737.958333333333
4749.125
4755.75
4764.625
4725.0
4737.541666666667
4716.166666666667
4720.083333333333
4714.416666666667
4712.291666666667
4709.666666666667
4697.666666666667
4712.75
4752.708333333333
4766.208333333333
4748.5
4724.25
4720.75
4709.0
4711.166666666667
4705.666666666667
4702.041666666667
4726.333333333333
4742.041666666667
4750.333333333333
4746.625
4767.458333333333
4773.208333333333
4787.25
4773.625
4746.375
4756.625
4766.125
4660.5
4525.208333333333
4628.25
4724.208333333333
4725.875
4739.208333333333
4750.833333333333
4762.75
4755.416666666667
4749.875
4742.333333333333
4708.583333333333
4708.833333333333
4716.375
4713.958333333333
4716.958333333333
4730.083333333333
4755.916666666667
4761.416666666667
4737.208333333333
4740.041666666667
4760.291666666667
4777.833333333333
4771.833333333333
4774.791666666667
4766.125
4767.5
4755.25
4760.75
4736.041666666667
4730.708333333333
4745.833333333333
4752.916666666667
4758.375
4767.291666666667
4775.625
4771.666666666667
4776.666666666667
4736.166666666667
4701.958333333333
4702.791666666667
4712.416666666667
4706.666666666667
4718.416666666667
4734.708333333333
4756.916666666667
4766.0
4760.916666666667
4767.916666666667
4791.875
4801.208333333333
4797.0
4791.375
4804.208333333333
4809.833333333333
4775.125
4757.458333333333
4750.291666666667
4747.708333333333
4772.136363636364
4778.416666666667
4787.75
4803.083333333333
4812.833333333333
4800.083333333333
4773.791666666667
4758.791666666667
4751.458333333333
4753.458333333333
4747.583333333333
4731.791666666667
4727.875
4730.375
4744.458333333333
4773.75
4795.083333333333
4805.333333333333
4805.166666666667
