4654.083333333333
4668.166666666667
4661.541666666667
4647.25
4641.666666666667
4613.0
4633.166666666667
4653.375
4674.583333333333
4674.833333333333
4671.75
4656.666666666667
4655.083333333333
4682.125
4691.625
4647.041666666667
4638.916666666667
4657.041666666667
4664.541666666667
4674.625
4686.125
4669.791666666667
4676.625
4670.0
4685.083333333333
4693.708333333333
4688.791666666667
4701.916666666667
4699.75
4641.041666666667
4617.958333333333
4611.125
4631.458333333333
4650.541666666667
4644.166666666667
4664.541666666667
4685.5
4695.541666666667
4692.208333333333
4691.75
4694.541666666667
4690.083333333333
4687.291666666667
4674.166666666667
4670.041666666667
4685.958333333333
4702.0
4696.0
4652.333333333333
4642.875
4667.083333333333
4690.916666666667
4686.458333333333
4698.875
4707.416666666667
4675.625
4668.0
4677.416666666667
4661.25
4671.666666666667
4650.416666666667
4660.0
4675.666666666667
4672.0
4643.166666666667
4668.791666666667
4660.791666666667
4671.75
4670.833333333333
4671.666666666667
4681.416666666667
4681.583333333333
4679.75
4692.625
4675.958333333333
4666.541666666667
4672.541666666667
4682.583333333333
4686.666666666667
4689.375
4690.916666666667
4676.458333333333
4654.708333333333
4639.541666666667
4639.0
4654.416666666667
4658.291666666667
4657.666666666667
4663.416666666667
4670.25
4673.833333333333
4670.458333333333
4674.75
4687.708333333333
4690.5
4692.541666666667
4681.458333333333
4704.916666666667
4715.458333333333
4703.041666666667
4681.458333333333
4667.541666666667
4651.541666666667
4657.541666666667
4664.458333333333
4676.0
4696.583333333333
4682.6875
4684.208333333333
4662.5
4681.833333333333
4649.291666666667
4645.125
4668.625
4676.958333333333
4681.916666666667
4683.416666666667
4675.208333333333
4673.541666666667
4693.541666666667
4696.0
4697.791666666667
4695.333333333333
4697.333333333333
4689.083333333333
4693.708333333333
4709.125
4715.25
4699.583333333333
4686.875
4681.291666666667
4694.583333333333
4714.666666666667
4727.125
4716.916666666667
4703.166666666667
4677.25
4683.708333333333
4683.041666666667
4692.833333333333
4690.958333333333
4694.25
4699.958333333333
4684.75
4694.041666666667
4699.875
4710.041666666667
4731.083333333333
4729.833333333333
4723.458333333333
4737.625
4729.5
4727.25
4719.583333333333
4730.333333333333
4720.25
4711.666666666667
4707.708333333333
4711.291666666667
4715.375
4729.791666666667
4736.625
4731.5
4718.0
4702.833333333333
4702.416666666667
4708.625
4706.0
4712.041666666667
4694.75
4692.541666666667
4689.875
4699.958333333333
4701.75
4712.458333333333
4741.25
4728.541666666667
4726.541666666667
4718.0
4715.916666666667
4711.0
4713.958333333333
4712.25
4711.541666666667
4697.166666666667
4719.458333333333
4717.416666666667
4711.0
4709.416666666667
4710.458333333333
4711.333333333333
4718.208333333333
4727.666666666667
4728.083333333333
4701.583333333333
4730.958333333333
4724.833333333333
4717.541666666667
4722.375
4724.416666666667
4726.708333333333
4720.583333333333
4697.25
4712.791666666667
4710.375
4685.25
4686.958333333333
4695.5
4690.916666666667
4689.041666666667
4694.291666666667
4701.5
4704.041666666667
4709.583333333333
4712.375
4706.541666666667
4709.583333333333
4694.958333333333
4699.458333333333
4708.916666666667
4704.583333333333
4681.25
4692.333333333333
4700.791666666667
4681.125
4678.958333333333
4690.0
4695.916666666667
4703.0
4713.0
4722.791666666667
4699.541666666667
4698.75
4691.416666666667
4687.625
4696.208333333333
4693.5
4699.375
4702.083333333333
4703.125
4698.833333333333
4709.291666666667
4720.125
4720.583333333333
4715.541666666667
4707.541666666667
4676.0
4657.958333333333
4666.958333333333
4666.083333333333
4681.333333333333
4677.0
4689.208333333333
4693.958333333333
4702.333333333333
4703.125
4706.875
4715.833333333333
4711.708333333333
4711.083333333333
4713.75
4703.791666666667
4689.916666666667
4706.291666666667
4702.666666666667
4709.583333333333
4699.916666666667
4700.458333333333
4707.166666666667
4704.541666666667
4715.0
4706.625
4707.75
4723.333333333333
4729.5
4707.708333333333
4699.75
4718.208333333333
4751.541666666667
4735.166666666667
4724.541666666667
4712.333333333333
4709.25
4713.458333333333
4739.291666666667
4711.291666666667
4691.375
4701.666666666667
4727.375
4724.333333333333
4739.041666666667
4737.666666666667
4724.166666666667
4738.125
4750.416666666667
4751.041666666667
4751.333333333333
4747.0
4719.375
4712.291666666667
4717.541666666667
4732.958333333333
4724.416666666667
4711.583333333333
4720.541666666667
4720.791666666667
4731.083333333333
4717.541666666667
4733.625
4738.541666666667
4715.583333333333
4738.583333333333
4744.833333333333
4739.25
4743.291666666667
4751.958333333333
4760.041666666667
4769.583333333333
4776.5
4771.458333333333
4740.291666666667
4730.0
4732.083333333333
4724.5
4738.208333333333
4739.666666666667
4736.041666666667
4720.125
4732.875
4747.0
4752.291666666667
4751.625
4734.375
4743.333333333333
4720.416666666667
4724.625
4717.833333333333
4731.083333333333
4744.125
4730.041666666667
4731.791666666667
4730.458333333333
4727.666666666667
4723.958333333333
4742.333333333333
4740.333333333333
4746.833333333333
4742.833333333333
4746.0
4761.083333333333
4764.375
4771.875
4758.875
4747.541666666667
4733.541666666667
4739.0
4745.416666666667
4725.416666666667
4741.541666666667
4706.708333333333
4742.041666666667
4741.5
4722.75
4712.041666666667
4717.041666666667
4727.416666666667
4722.8421052631575
4732.666666666667
4736.75
4721.375
4719.083333333333
4723.333333333333
4731.583333333333
4740.333333333333
4752.833333333333
4732.458333333333
4748.875
4701.833333333333
4718.541666666667
4712.958333333333
4726.416666666667
4742.0
4754.666666666667
4767.125
4770.583333333333
4740.916666666667
4732.708333333333
4728.166666666667
4741.833333333333
4747.458333333333
4752.708333333333
4751.916666666667
4755.5
4763.875
4769.0
4722.416666666667
4674.708333333333
4654.458333333333
4674.875
4683.041666666667
4688.25
4690.916666666667
4681.041666666667
4676.958333333333
4684.375
4682.333333333333
4687.375
4675.958333333333
4663.375
4653.541666666667
4662.458333333333
4684.166666666667
4667.75
4662.625
4651.083333333333
4660.666666666667
4667.333333333333
4644.041666666667
4637.208333333333
4606.0
4622.166666666667
4628.291666666667
4614.208333333333
4615.083333333333
4629.5
4625.0
4620.75
4620.916666666667
4619.083333333333
4636.291666666667
4634.708333333333
4653.208333333333
4677.25
4667.0
4661.333333333333
4652.75
4641.875
4647.166666666667
4639.125
4635.875
4644.916666666667
4618.958333333333
4629.333333333333
4627.541666666667
4620.416666666667
4598.375
4576.958333333333
4584.75
4609.416666666667
4612.958333333333
4627.416666666667
4617.75
4593.166666666667
4598.75
4581.541666666667
4596.958333333333
4601.208333333333
4605.083333333333
4615.458333333333
4601.791666666667
4597.541666666667
4595.666666666667
4586.5
4609.75
4609.333333333333
4593.0
4608.708333333333
4587.458333333333
4567.375
4575.166666666667
4550.208333333333
4509.041666666667
4558.25
4577.5
4566.25
4565.25
4579.166666666667
4561.291666666667
4566.041666666667
4546.458333333333
4519.666666666667
4516.875
4542.458333333333
4547.208333333333
4563.666666666667
4568.125
4558.083333333333
4540.625
4538.041666666667
4541.958333333333
4552.875
4561.0
4550.75
4559.375
4571.041666666667
4560.583333333333
4573.75
4582.75
4554.583333333333
4573.458333333333
4557.666666666667
4573.041666666667
4572.125
4568.25
4559.791666666667
4568.291666666667
4579.875
4570.458333333333
4587.458333333333
4582.625
4593.25
4593.666666666667
4613.208333333333
4607.541666666667
4583.0
4569.041666666667
4583.791666666667
4581.208333333333
4566.041666666667
4601.0
4626.458333333333
4610.875
4591.333333333333
4615.75
4554.75
4539.041666666667
4551.875
4583.833333333333
4584.166666666667
4569.25
4540.666666666667
4557.208333333333
4576.458333333333
4567.291666666667
4566.708333333333
4568.083333333333
4580.166666666667
4574.166666666667
4571.583333333333
4582.291666666667
4587.416666666667
4574.25
4553.291666666667
4551.416666666667
4553.416666666667
4566.791666666667
4569.75
4538.791666666667
4543.916666666667
4568.75
4572.583333333333
4571.041666666667
4562.375
4544.625
4557.958333333333
4569.416666666667
4566.782608695652
4575.375
4564.458333333333
4552.541666666667
4567.75
4568.458333333333
4568.0
4567.666666666667
4554.791666666667
4572.166666666667
4578.541666666667
4583.291666666667
4574.166666666667
4573.791666666667
4567.916666666667
4534.041666666667
4557.0
4564.791666666667
4583.166666666667
4581.041666666667
4588.541666666667
4578.083333333333
4572.625
4577.791666666667
4564.5
4556.583333333333
4568.666666666667
4572.083333333333
4569.625
4557.458333333333
4548.416666666667
4552.791666666667
4567.958333333333
4579.25
4575.041666666667
4437.875
4437.791666666667
4471.791666666667
4502.541666666667
4519.375
4551.083333333333
4547.666666666667
4530.458333333333
4531.333333333333
4551.416666666667
4555.5
4557.875
4548.875
4548.375
4537.583333333333
4532.666666666667
4557.5
4549.125
4547.833333333333
4554.25
4553.958333333333
4542.166666666667
4546.125
4550.291666666667
4537.5
4537.583333333333
4546.458333333333
4550.291666666667
4551.0
4565.708333333333
4557.125
4581.541666666667
4595.041666666667
4585.666666666667
4552.0
4548.583333333333
4577.416666666667
4538.208333333333
4541.833333333333
4544.75
4544.083333333333
4560.0
4532.041666666667
4493.291666666667
4507.5
4535.916666666667
4542.666666666667
4558.041666666667
4551.625
4555.833333333333
4542.625
4537.333333333333
4524.708333333333
4540.541666666667
4519.041666666667
4515.041666666667
4525.75
4545.5
4553.583333333333
4536.916666666667
4552.416666666667
4556.083333333333
4526.916666666667
4512.958333333333
4520.291666666667
4531.75
4521.583333333333
4527.541666666667
4509.5
4485.25
4499.125
4506.75
4518.5
4507.458333333333
4477.916666666667
4492.166666666667
4485.208333333333
4498.666666666667
4493.125
4501.583333333333
4481.958333333333
4456.166666666667
4441.666666666667
4464.625
4475.25
4488.166666666667
4501.875
4490.958333333333
4444.416666666667
4441.333333333333
4471.083333333333
4483.833333333333
4507.666666666667
4514.458333333333
4512.666666666667
4519.208333333333
4507.166666666667
4504.208333333333
4519.375
4494.0
4498.291666666667
4517.791666666667
4514.583333333333
4478.833333333333
4475.416666666667
4492.708333333333
4474.416666666667
4456.708333333333
4423.416666666667
4437.208333333333
4444.333333333333
4483.666666666667
4484.208333333333
4463.583333333333
4470.5
4465.958333333333
4436.125
4483.125
4506.833333333333
4520.083333333333
4524.083333333333
4524.458333333333
4512.208333333333
4526.666666666667
4537.5
4530.708333333333
4535.0
4543.375
4549.166666666667
4545.625
4562.083333333333
4523.791666666667
4513.75
4487.541666666667
4478.083333333333
4491.583333333333
4490.958333333333
4494.125
4486.0
4502.625
4502.25
4521.916666666667
4526.041666666667
4530.041666666667
4532.875
4514.916666666667
4510.625
4526.958333333333
4518.125
4518.708333333333
4516.25
4544.25
4543.75
4539.875
4547.25
4563.875
4552.625
4552.291666666667
4553.041666666667
4565.125
4571.916666666667
4574.791666666667
4567.541666666667
4527.5
4544.375
4556.708333333333
4558.5
4563.416666666667
4569.25
4569.333333333333
4562.75
4549.416666666667
4560.666666666667
4558.875
4554.958333333333
4551.875
4564.75
4578.541666666667
4583.708333333333
4557.375
4557.75
4560.625
4548.041666666667
4551.333333333333
4559.125
4539.791666666667
4552.541666666667
4568.708333333333
4586.291666666667
4579.958333333333
4600.583333333333
4585.958333333333
4580.75
4596.166666666667
4615.458333333333
4590.791666666667
4610.458333333333
4617.583333333333
4465.75
4458.541666666667
4508.041666666667
4534.708333333333
4564.291666666667
4577.416666666667
4594.541666666667
4602.875
4600.791666666667
4584.75
4577.458333333333
4575.5
4530.5
4537.208333333333
4554.083333333333
4527.25
4513.208333333333
4554.166666666667
4575.166666666667
4573.416666666667
4560.958333333333
4516.916666666667
4518.041666666667
4495.958333333333
4511.833333333333
4512.708333333333
4513.125
4504.041666666667
4497.541666666667
4488.916666666667
4516.458333333333
4493.0
4521.625
4518.291666666667
4515.791666666667
4490.458333333333
4485.708333333333
4489.791666666667
4491.416666666667
4517.833333333333
4416.916666666667
4433.875
4455.916666666667
4430.541666666667
4394.541666666667
4404.833333333333
4413.375
4386.416666666667
4322.208333333333
4343.625
4404.333333333333
4400.333333333333
4425.333333333333
4374.375
4381.916666666667
4395.166666666667
4412.958333333333
4425.625
4430.083333333333
4442.916666666667
4456.375
4416.041666666667
4414.791666666667
4409.541666666667
4427.916666666667
4411.791666666667
4441.708333333333
4453.416666666667
4459.458333333333
4453.958333333333
4457.25
4402.666666666667
4390.666666666667
4379.333333333333
4343.458333333333
4394.666666666667
4419.625
4446.083333333333
4462.916666666667
4459.875
4469.916666666667
4475.625
4471.5
4479.916666666667
4494.833333333333
4507.333333333333
4484.666666666667
4469.875
4466.208333333333
4462.416666666667
4466.958333333333
4457.5
4456.083333333333
4460.291666666667
4460.833333333333
4463.916666666667
4483.625
4490.0
4477.166666666667
4445.5
4431.416666666667
4410.916666666667
4404.416666666667
4424.333333333333
4421.375
4429.125
4454.5
4347.291666666667
4367.875
4421.958333333333
4395.0
4410.833333333333
4327.913043478261
4325.291666666667
4358.416666666667
4384.0
4362.625
4363.5
4357.416666666667
4264.791666666667
4260.833333333333
4317.333333333333
4340.083333333333
4371.791666666667
4359.083333333333
4273.291666666667
4195.958333333333
4231.75
4276.458333333333
4313.083333333333
4336.916666666667
4353.833333333333
4356.708333333333
4380.291666666667
4375.75
4377.0
4386.125
4408.25
4423.25
4377.791666666667
4402.416666666667
4419.333333333333
4425.291666666667
4333.708333333333
4325.291666666667
4356.5
4364.166666666667
4363.041666666667
4394.916666666667
4417.416666666667
4425.333333333333
4402.333333333333
4387.791666666667
4372.25
4365.25
4383.291666666667
4397.25
4409.125
4426.458333333333
4435.583333333333
4433.791666666667
4418.875
4408.916666666667
4387.958333333333
4377.5
4397.375
4398.041666666667
4408.5
4392.916666666667
4269.208333333333
4304.291666666667
4361.791666666667
4372.291666666667
4378.0
4384.083333333333
4358.208333333333
4397.75
4404.416666666667
4421.708333333333
4378.416666666667
4378.0
4365.458333333333
4386.083333333333
4409.041666666667
4422.333333333333
4423.083333333333
4418.291666666667
4403.958333333333
4423.791666666667
4430.916666666667
4423.75
4421.125
4425.125
4440.958333333333
4449.833333333333
4470.25
4467.25
4456.458333333333
4446.458333333333
4459.875
4454.875
4439.625
4454.166666666667
4463.416666666667
4353.291666666667
4324.291666666667
4361.041666666667
4338.416666666667
4318.083333333333
4319.291666666667
4364.125
4375.125
4291.0
4381.041666666667
4396.833333333333
4421.583333333333
4444.458333333333
4445.541666666667
4440.916666666667
4438.25
4339.333333333333
4250.791666666667
4246.75
4240.875
4273.0
4275.416666666667
4277.583333333333
4290.375
4319.125
4283.708333333333
4277.25
4307.125
4318.583333333333
4284.5
4284.75
4301.625
4323.208333333333
4341.208333333333
4336.125
4325.208333333333
4316.875
4345.083333333333
4382.541666666667
4419.916666666667
4430.875
4434.791666666667
4449.833333333333
4434.083333333333
4480.083333333333
4274.708333333333
4336.166666666667
4340.5
4345.375
4371.458333333333
4403.833333333333
4363.708333333333
4316.291666666667
4293.0
4311.708333333333
4330.916666666667
4352.75
4357.666666666667
4352.583333333333
4356.708333333333
4376.75
4392.75
4381.625
4384.458333333333
4380.875
4372.583333333333
4398.708333333333
4374.0
4360.75
4389.652173913043
4372.583333333333
4394.833333333333
4397.25
4375.75
4397.291666666667
4381.958333333333
4395.958333333333
4409.958333333333
4396.875
4430.833333333333
4369.0
4347.958333333333
4413.291666666667
4408.958333333333
4407.333333333333
4434.458333333333
4424.125
4428.375
4428.666666666667
4429.5
4447.208333333333
4467.541666666667
4445.041666666667
4447.625
4471.708333333333
4480.75
4504.375
4513.125
4512.0
4492.875
4471.083333333333
4474.708333333333
4459.083333333333
4451.791666666667
4433.875
4460.041666666667
4477.625
4488.75
4466.041666666667
4459.041666666667
4456.958333333333
4430.875
4416.958333333333
4433.125
4408.583333333333
4405.291666666667
4412.5
4421.208333333333
4454.041666666667
4486.25
4479.875
4493.0
4481.166666666667
4474.25
4473.041666666667
4449.875
4445.166666666667
4461.375
4471.416666666667
4451.666666666667
4474.041666666667
4483.75
4479.208333333333
4455.333333333333
4429.083333333333
4356.458333333333
4361.291666666667
4299.083333333333
4302.333333333333
4339.458333333333
4335.791666666667
4331.958333333333
4340.625
4259.416666666667
4192.833333333333
4242.583333333333
4316.083333333333
4359.541666666667
4390.5
4393.708333333333
4394.833333333333
4389.541666666667
4391.375
4386.0
4395.041666666667
4385.833333333333
4403.791666666667
4362.0
4307.291666666667
4327.333333333333
4343.916666666667
4359.166666666667
4374.5
4384.541666666667
4407.583333333333
4442.208333333333
4440.458333333333
4436.75
4428.25
4407.416666666667
4333.791666666667
4275.041666666667
4289.708333333333
4331.583333333333
4341.333333333333
4363.541666666667
4362.458333333333
4364.833333333333
4343.916666666667
4323.75
4103.208333333333
3831.75
3946.5
4027.4583333333335
4006.1666666666665
3950.6666666666665
4092.1666666666665
4130.416666666667
4131.333333333333
4176.75
4234.083333333333
4241.625
4272.333333333333
4298.333333333333
4315.291666666667
4332.458333333333
4323.5
4324.25
4339.25
4353.0
4340.833333333333
4332.333333333333
4332.666666666667
4307.583333333333
4327.916666666667
4316.083333333333
4319.708333333333
4326.791666666667
4266.75
4219.416666666667
4285.75
4292.583333333333
4297.958333333333
4308.916666666667
4319.5
4350.458333333333
4379.375
4389.458333333333
4413.125
4423.0
4426.791666666667
4425.541666666667
4450.333333333333
4457.0
4415.083333333333
4389.125
4394.833333333333
4391.625
4358.041666666667
4309.291666666667
4339.333333333333
4358.958333333333
4373.875
4391.75
4414.833333333333
4423.833333333333
4380.958333333333
4342.791666666667
4364.708333333333
4396.458333333333
4403.875
4390.125
4394.625
4402.541666666667
4413.25
4412.5
4384.625
4388.833333333333
4396.541666666667
4398.0
4429.916666666667
4380.708333333333
4382.625
4384.0
4387.583333333333
4371.541666666667
4375.625
4377.125
4375.416666666667
4408.625
4405.833333333333
4393.5
4394.916666666667
4359.25
4290.583333333333
4307.041666666667
4313.0
4319.583333333333
4316.0
4331.708333333333
4312.791666666667
4318.541666666667
4325.958333333333
4310.708333333333
4309.333333333333
4346.0
4366.916666666667
4380.416666666667
4365.583333333333
4382.625
4355.833333333333
4255.791666666667
4279.916666666667
4286.125
4312.083333333333
4345.5
4352.208333333333
4363.083333333333
4377.375
4369.916666666667
4371.083333333333
4376.0
4364.541666666667
4376.375
4379.875
4367.041666666667
4354.708333333333
4362.375
4305.25
4232.458333333333
4253.875
4273.416666666667
4266.75
4228.375
4257.333333333333
4276.541666666667
4279.75
4304.125
4280.333333333333
4121.541666666667
4109.375
4183.583333333333
4201.333333333333
4178.208333333333
4113.333333333333
4088.5416666666665
4087.4583333333335
4096.291666666667
4160.458333333333
4199.541666666667
4198.75
4207.541666666667
4144.25
4173.041666666667
4187.625
4208.083333333333
4196.5
4197.291666666667
4201.833333333333
4202.958333333333
4201.666666666667
4196.666666666667
4209.125
4214.541666666667
4221.5
4221.416666666667
4220.25
4245.291666666667
4212.958333333333
4218.75
4210.25
4199.875
4231.208333333333
4264.458333333333
4254.333333333333
4229.375
4213.416666666667
4221.0
4239.333333333333
4264.75
4271.75
4269.0
4270.708333333333
4285.0
4306.041666666667
4304.75
4326.916666666667
4329.208333333333
4324.708333333333
4300.5
4238.291666666667
4156.75
4195.75
4249.083333333333
4270.708333333333
4289.083333333333
4305.791666666667
4331.0
4342.583333333333
4312.125
4304.833333333333
4322.833333333333
4328.375
4324.5
4322.708333333333
4294.5
4314.625
4316.666666666667
4321.0
4335.208333333333
4348.916666666667
4344.5
4329.5
4310.916666666667
4337.375
4354.333333333333
4348.166666666667
4295.0
4268.208333333333
4296.125
4318.25
4335.208333333333
4340.416666666667
4303.375
4244.541666666667
4285.625
4234.666666666667
4268.791666666667
4250.25
4196.0
4216.291666666667
4239.208333333333
4254.125
4276.833333333333
4276.125
4270.25
4288.75
4298.791666666667
4314.541666666667
4320.708333333333
4323.416666666667
4330.625
4316.75
4332.208333333333
4319.416666666667
4327.875
4326.666666666667
4340.75
4281.5
4303.291666666667
4294.0
4307.708333333333
4300.583333333333
4303.333333333333
4304.083333333333
4302.583333333333
4331.083333333333
4342.875
4332.458333333333
4340.958333333333
4268.041666666667
4255.333333333333
4241.708333333333
4277.791666666667
4293.208333333333
4311.458333333333
4314.166666666667
4279.708333333333
4292.625
4296.5
4289.125
4198.25
4183.541666666667
4200.666666666667
4192.125
4232.958333333333
4233.041666666667
4259.333333333333
4270.125
4239.083333333333
4251.041666666667
4243.291666666667
4258.916666666667
4292.083333333333
4332.375
4354.458333333333
4337.041666666667
4333.583333333333
4353.625
4331.833333333333
4337.75
4319.375
4311.791666666667
4311.875
4325.041666666667
4317.541666666667
4291.333333333333
4267.75
4264.375
4293.333333333333
4322.916666666667
4324.375
4347.083333333333
4358.875
4356.916666666667
4370.0
4351.041666666667
4362.0
4359.291666666667
4363.875
4367.208333333333
4372.083333333333
4372.041666666667
4393.666666666667
4394.666666666667
4381.583333333333
4382.125
4383.75
4395.791666666667
4394.166666666667
4400.958333333333
4398.708333333333
4391.125
4389.375
4371.291666666667
4334.291666666667
4312.916666666667
4298.083333333333
4279.416666666667
4318.208333333333
4339.166666666667
4358.791666666667
4379.916666666667
4390.041666666667
4360.375
4343.208333333333
4347.791666666667
4357.75
4371.0
4391.291666666667
4392.916666666667
4386.125
4376.208333333333
4374.416666666667
4389.833333333333
4369.375
4374.333333333333
4361.166666666667
4373.5
4389.625
4400.083333333333
4384.208333333333
4368.041666666667
4363.75
4380.833333333333
4364.0
4328.958333333333
4329.291666666667
4345.708333333333
4359.041666666667
4355.458333333333
4369.75
4368.416666666667
4372.875
4355.25
4352.333333333333
4351.333333333333
4355.666666666667
4368.125
4376.083333333333
4372.958333333333
4355.875
4351.583333333333
4382.375
4381.75
4384.541666666667
4371.625
4385.5
4384.416666666667
4386.125
4382.625
4357.708333333333
4306.625
4249.208333333333
4182.791666666667
4149.291666666667
4129.791666666667
4169.333333333333
4220.125
4237.583333333333
4256.75
4287.416666666667
4301.083333333333
4301.708333333333
4304.333333333333
4315.916666666667
4340.25
4312.458333333333
4319.0
4350.125
4365.208333333333
4376.208333333333
4379.375
4376.791666666667
4341.916666666667
4364.083333333333
4354.541666666667
4380.833333333333
4361.333333333333
4343.416666666667
4336.75
4357.416666666667
4258.083333333333
4253.25
4256.708333333333
4275.25
4299.291666666667
4300.458333333333
4318.041666666667
4335.416666666667
4312.041666666667
4311.416666666667
4292.625
4277.458333333333
4313.666666666667
4328.0
4361.458333333333
4366.291666666667
4319.458333333333
4287.166666666667
4327.083333333333
4313.833333333333
4320.916666666667
4350.208333333333
4314.0
4267.083333333333
4263.347826086957
4269.458333333333
4278.083333333333
4280.708333333333
4282.125
4272.333333333333
4268.916666666667
4221.0
4179.5
4174.875
4133.75
4126.166666666667
4102.541666666667
4101.708333333333
4152.833333333333
4156.375
4162.416666666667
4128.125
4063.6666666666665
4127.25
4170.416666666667
4172.666666666667
4202.625
4234.583333333333
4201.958333333333
4177.916666666667
4198.416666666667
4191.791666666667
4190.083333333333
4160.333333333333
4151.25
4139.541666666667
4154.208333333333
4148.208333333333
4162.291666666667
4196.416666666667
4212.291666666667
4216.5
4245.333333333333
4243.5
4248.708333333333
4258.291666666667
4267.166666666667
4258.916666666667
4276.916666666667
4277.875
4240.208333333333
4175.083333333333
4226.458333333333
4187.125
4193.708333333333
4140.541666666667
4169.041666666667
4200.916666666667
4237.875
4238.208333333333
4236.75
4242.708333333333
4216.958333333333
4226.666666666667
4213.041666666667
4216.916666666667
4217.875
4184.875
4182.541666666667
4201.541666666667
4123.25
4162.916666666667
4172.0
4201.541666666667
4239.458333333333
4236.958333333333
4250.833333333333
4282.791666666667
4277.208333333333
4276.041666666667
4279.291666666667
4273.916666666667
4282.041666666667
4269.5
4263.75
4246.916666666667
4239.625
4228.416666666667
4219.0
4229.458333333333
4244.333333333333
4250.583333333333
4200.958333333333
4193.166666666667
4210.875
4229.625
4261.291666666667
4277.916666666667
4242.708333333333
4220.125
4238.708333333333
4269.25
4284.5
4283.125
4293.791666666667
4306.166666666667
4297.458333333333
4301.041666666667
4291.416666666667
4264.875
4253.125
4273.083333333333
4192.666666666667
4225.333333333333
4235.541666666667
4254.291666666667
4272.208333333333
4293.583333333333
4241.583333333333
4236.25
4225.708333333333
4234.583333333333
4188.791666666667
4179.5
4202.125
4216.333333333333
4224.666666666667
4240.166666666667
4260.333333333333
4278.208333333333
4285.291666666667
4282.416666666667
4292.666666666667
4297.666666666667
4304.458333333333
4317.333333333333
4296.75
4282.875
4274.0
4292.291666666667
4320.458333333333
4319.791666666667
4300.5
4299.625
4318.833333333333
4307.833333333333
4323.458333333333
4316.833333333333
4283.041666666667
4313.583333333333
4327.625
4284.583333333333
4252.5
4275.625
4306.375
4333.041666666667
4346.25
4357.958333333333
4325.25
4324.5
4352.75
4364.458333333333
4354.541666666667
4342.541666666667
4275.541666666667
4257.375
4279.083333333333
4302.958333333333
4310.208333333333
4343.75
4378.583333333333
4368.458333333333
4358.333333333333
4326.708333333333
4326.791666666667
4348.583333333333
4359.125
4374.916666666667
4360.625
4298.0
4299.708333333333
4319.291666666667
4328.75
4328.416666666667
4329.166666666667
4334.541666666667
4330.041666666667
4329.166666666667
4337.041666666667
4290.208333333333
4279.041666666667
4223.875
4273.166666666667
4281.708333333333
4288.291666666667
4289.541666666667
4309.208333333333
4308.708333333333
4319.625
4339.416666666667
4350.625
4333.708333333333
4349.875
4350.166666666667
4336.666666666667
4329.958333333333
4303.791666666667
4270.541666666667
4296.916666666667
4323.708333333333
4329.416666666667
4273.458333333333
4229.125
4252.125
4287.25
4306.291666666667
4299.833333333333
4302.666666666667
4239.708333333333
4259.75
4276.208333333333
4265.5
4296.166666666667
4304.75
4290.583333333333
4191.666666666667
4223.208333333333
4259.125
4288.208333333333
4286.333333333333
4292.833333333333
4297.583333333333
4298.166666666667
4296.458333333333
4315.958333333333
4292.041666666667
4311.458333333333
4312.583333333333
4334.083333333333
4324.916666666667
4316.75
4329.5
4309.083333333333
4237.458333333333
4284.208333333333
4311.0
4313.666666666667
4335.833333333333
4330.875
4275.666666666667
4280.833333333333
4257.916666666667
4244.666666666667
4235.958333333333
4263.708333333333
4308.083333333333
4309.0
4319.75
4312.041666666667
4337.791666666667
4309.708333333333
4307.541666666667
4300.166666666667
4291.458333333333
4280.083333333333
4274.041666666667
4247.5
4254.75
4258.791666666667
4239.125
4230.416666666667
4272.583333333333
4272.291666666667
4298.916666666667
4295.833333333333
4288.166666666667
4267.375
4250.458333333333
4215.125
4261.583333333333
4252.5
4272.0
4299.541666666667
4273.458333333333
4256.833333333333
4238.882352941177
4261.541666666667
4255.208333333333
4150.208333333333
4184.958333333333
4214.166666666667
4227.958333333333
4111.875
4134.916666666667
4130.166666666667
4154.458333333333
4171.055555555556
4181.8
4201.208333333333
4210.666666666667
4120.958333333333
4073.0
4083.4583333333335
4119.708333333333
4137.875
4155.708333333333
4187.708333333333
4220.666666666667
4241.5
4276.958333333333
4296.125
4287.125
4290.333333333333
4246.166666666667
4238.333333333333
4220.75
4242.666666666667
4259.0
4275.375
4276.583333333333
4277.791666666667
4270.166666666667
4279.041666666667
4237.416666666667
4242.291666666667
4260.375
4213.208333333333
4225.041666666667
4227.458333333333
4235.083333333333
4258.75
4262.083333333333
4274.5
4282.375
4292.083333333333
4290.625
4258.0
4213.125
4216.25
4209.25
4197.875
4218.25
4225.125
4239.333333333333
4259.875
4254.75
4288.5
4304.791666666667
4294.75
4250.166666666667
4181.791666666667
4172.416666666667
4192.833333333333
4217.375
4236.916666666667
4211.333333333333
4234.208333333333
4249.625
4252.625
4278.958333333333
4300.208333333333
4278.666666666667
4329.458333333333
4329.958333333333
4329.625
4289.583333333333
4260.375
4277.208333333333
4274.375
4292.291666666667
4284.833333333333
4290.291666666667
4307.25
4334.541666666667
4346.083333333333
4343.916666666667
4329.75
4281.0
4286.458333333333
4298.541666666667
4300.166666666667
4308.291666666667
4299.666666666667
4296.25
4251.916666666667
4233.5
4239.458333333333
4231.5
4265.833333333333
4267.916666666667
4291.208333333333
4247.0
4210.583333333333
4249.291666666667
4262.5
4287.333333333333
4302.041666666667
4312.666666666667
4312.5
4286.958333333333
4194.583333333333
4221.208333333333
4269.291666666667
4277.708333333333
4293.75
4302.208333333333
4267.708333333333
4239.708333333333
4213.333333333333
4219.833333333333
4183.833333333333
4125.708333333333
4116.416666666667
4142.25
4159.791666666667
4169.25
4183.666666666667
4196.958333333333
4184.25
4198.875
4203.666666666667
4197.125
4208.083333333333
4220.083333333333
4241.25
4255.458333333333
4252.291666666667
4247.708333333333
4247.541666666667
4256.458333333333
4244.375
4233.208333333333
4208.0
4240.416666666667
4259.166666666667
4269.791666666667
4235.75
4196.041666666667
4193.916666666667
4197.625
4211.541666666667
4212.375
4235.666666666667
4245.041666666667
4282.541666666667
4300.416666666667
4295.208333333333
4283.583333333333
4291.375
4295.125
4283.458333333333
4284.375
4297.375
4302.291666666667
4298.958333333333
4287.375
4272.541666666667
4269.0
4273.958333333333
4269.041666666667
4260.333333333333
4246.125
4264.291666666667
4288.375
4278.041666666667
4252.75
4236.0
4244.333333333333
4253.375
4276.875
4285.916666666667
4283.166666666667
4286.833333333333
4263.333333333333
4296.541666666667
4327.625
4329.208333333333
4339.5
4357.375
4366.125
4352.458333333333
4307.0
4321.0
4313.041666666667
4319.0
4323.958333333333
4330.583333333333
4345.166666666667
4357.875
4283.75
4264.291666666667
4198.041666666667
4195.166666666667
4203.0
4202.75
4204.166666666667
4115.041666666667
4029.625
4066.0416666666665
4131.375
4184.75
4207.375
4200.625
4270.375
4326.958333333333
4374.916666666667
4392.375
4367.916666666667
4349.875
4321.25
4303.041666666667
4281.416666666667
4270.083333333333
4258.125
4209.0
4202.083333333333
4222.708333333333
4225.333333333333
4234.583333333333
4196.083333333333
4202.25
4217.708333333333
4237.583333333333
4241.833333333333
4240.666666666667
4252.291666666667
4262.958333333333
4271.5
4263.0
4319.041666666667
4344.958333333333
4372.166666666667
4389.583333333333
4368.541666666667
4315.458333333333
4252.25
4262.708333333333
4291.416666666667
4247.041666666667
4243.958333333333
4255.458333333333
4204.291666666667
4176.041666666667
4208.541666666667
4241.375
4227.041666666667
4192.458333333333
4174.375
4173.041666666667
4154.333333333333
4144.916666666667
4149.625
4174.75
4170.916666666667
4189.958333333333
4083.8333333333335
4126.541666666667
4145.791666666667
4210.666666666667
4246.041666666667
4243.375
4265.208333333333
4327.0
4358.125
4386.375
4389.625
4373.583333333333
4319.041666666667
4290.75
4274.333333333333
4273.958333333333
4271.375
4278.208333333333
4270.166666666667
4251.125
4255.166666666667
4199.833333333333
4132.416666666667
4125.291666666667
4089.875
4058.0416666666665
4044.2916666666665
4062.7916666666665
4090.5
4108.458333333333
4136.291666666667
4160.875
4186.75
4206.833333333333
4253.791666666667
4287.583333333333
4338.541666666667
4380.333333333333
4361.75
4325.375
4327.833333333333
4251.833333333333
4062.9166666666665
4019.2916666666665
4011.625
4054.375
4069.8333333333335
4067.3333333333335
4079.0416666666665
4073.5
4064.2083333333335
4047.0833333333335
4040.25
4072.625
4128.125
4142.333333333333
4143.833333333333
4137.041666666667
4115.875
4135.208333333333
4204.208333333333
4235.625
4262.708333333333
4299.083333333333
4324.333333333333
4341.583333333333
4347.333333333333
4316.75
4280.458333333333
4256.875
4262.333333333333
4298.708333333333
4268.625
4238.375
4243.375
4249.625
4239.416666666667
4184.791666666667
4171.125
4191.583333333333
4175.125
4152.375
4154.166666666667
4145.75
4125.875
4128.0
4150.708333333333
4174.25
4189.041666666667
4204.208333333333
4202.458333333333
4237.458333333333
4283.875
4298.916666666667
4301.083333333333
4307.75
4285.625
4281.958333333333
4272.0
4248.291666666667
4219.916666666667
4215.25
4227.708333333333
4230.208333333333
4198.083333333333
4213.208333333333
4214.166666666667
4222.166666666667
4243.958333333333
4253.541666666667
4257.833333333333
4241.791666666667
4210.625
4182.541666666667
4176.333333333333
4185.0
4203.416666666667
4198.541666666667
4220.0
4232.125
4208.666666666667
4185.666666666667
4136.666666666667
4157.0
4177.666666666667
4167.625
4163.0
4034.375
4015.25
4023.3333333333335
4064.75
4083.125
4064.7916666666665
4080.2083333333335
4101.833333333333
4130.958333333333
4158.0
4145.458333333333
4142.291666666667
4104.875
4123.375
4137.791666666667
4088.4166666666665
4125.5
4123.458333333333
4167.458333333333
4191.416666666667
4198.166666666667
4205.666666666667
4214.375
4202.0
4128.875
4132.416666666667
4135.541666666667
4146.458333333333
4166.125
4159.583333333333
4157.625
4169.541666666667
4157.791666666667
4174.416666666667
4201.333333333333
4197.916666666667
4180.083333333333
4181.875
4176.5
4183.291666666667
4201.208333333333
4216.791666666667
4229.291666666667
4243.041666666667
4227.208333333333
4238.791666666667
4217.75
4218.916666666667
4216.125
4197.625
4129.416666666667
4131.458333333333
4145.375
4166.083333333333
4171.916666666667
4184.333333333333
4204.75
4209.5
4239.083333333333
4248.375
4276.958333333333
4271.541666666667
4264.416666666667
4236.166666666667
4215.833333333333
4245.041666666667
4254.166666666667
4240.208333333333
4266.291666666667
4284.125
4313.208333333333
4335.333333333333
4331.208333333333
4326.625
4308.083333333333
4282.375
4277.041666666667
4286.083333333333
4285.5
4301.958333333333
4299.666666666667
4295.625
4301.958333333333
4282.625
4282.791666666667
4298.125
4313.75
4334.291666666667
4306.416666666667
4276.916666666667
4237.583333333333
4246.333333333333
4260.333333333333
4271.791666666667
4300.333333333333
4309.75
4295.875
4211.416666666667
3982.6666666666665
4003.1666666666665
3948.6666666666665
4018.9583333333335
4043.7083333333335
4101.541666666667
4154.041666666667
4219.5
4234.0
4253.375
4262.583333333333
4275.083333333333
4249.208333333333
4264.416666666667
4261.666666666667
4268.541666666667
4279.541666666667
4300.0
4263.5
4266.916666666667
4204.791666666667
4214.041666666667
4245.583333333333
4229.708333333333
4233.666666666667
4253.041666666667
4270.833333333333
4274.25
4285.625
4272.083333333333
4285.5
4289.416666666667
4292.583333333333
4295.541666666667
4288.833333333333
4303.833333333333
4331.75
4347.333333333333
4331.541666666667
4314.166666666667
4317.125
4318.875
4319.416666666667
4316.875
4333.583333333333
4314.916666666667
4307.791666666667
4299.5
4305.208333333333
4251.291666666667
4219.916666666667
4252.333333333333
4271.666666666667
4213.708333333333
4199.125
4226.333333333333
4264.416666666667
4291.583333333333
4295.541666666667
4286.583333333333
4299.375
4308.708333333333
4333.0
4332.916666666667
4213.958333333333
4250.208333333333
4256.875
4276.583333333333
4301.208333333333
4319.458333333333
4321.875
4346.333333333333
4334.375
4329.208333333333
4313.291666666667
4302.791666666667
4267.0
4223.458333333333
4250.208333333333
4256.916666666667
4214.833333333333
4216.0
4228.875
4209.541666666667
4227.875
4241.333333333333
4262.875
4285.5
4336.833333333333
4308.791666666667
4345.875
4320.916666666667
4312.083333333333
4304.541666666667
4315.541666666667
4308.25
4314.416666666667
4316.375
4333.375
4326.458333333333
4309.833333333333
4262.875
4250.666666666667
4243.625
4238.5
4225.166666666667
4231.083333333333
4254.375
4263.708333333333
4269.291666666667
4258.958333333333
4260.25
4248.208333333333
4255.041666666667
4241.875
4270.958333333333
4293.666666666667
4295.541666666667
4304.75
4294.458333333333
4298.625
4294.208333333333
4290.708333333333
4269.916666666667
4199.416666666667
4203.625
4232.416666666667
4245.0
4247.916666666667
4251.375
4258.583333333333
4248.416666666667
4244.291666666667
4259.583333333333
4200.541666666667
4214.291666666667
4197.416666666667
4110.041666666667
4126.291666666667
4149.5
4125.083333333333
4136.666666666667
4145.291666666667
4156.5
4171.875
4197.75
4210.208333333333
4250.208333333333
4256.083333333333
4212.791666666667
4210.416666666667
4203.0
4226.583333333333
4259.166666666667
4295.166666666667
4312.416666666667
4291.0
4278.916666666667
4297.25
4305.5
4323.541666666667
4324.291666666667
4298.791666666667
4280.958333333333
4261.666666666667
4242.875
4212.875
4210.791666666667
4228.625
4239.708333333333
4239.958333333333
4233.166666666667
4232.416666666667
4251.291666666667
4270.75
4233.291666666667
4244.75
4250.0
4265.416666666667
4294.0
4197.541666666667
4200.333333333333
4258.25
4284.291666666667
4296.25
4300.125
4293.375
4292.125
4313.0
4324.208333333333
4334.416666666667
4205.375
4218.541666666667
4260.125
4260.416666666667
4267.75
4287.166666666667
4293.583333333333
4302.291666666667
4312.666666666667
4320.916666666667
4317.916666666667
4319.75
4295.875
4292.0
4296.375
4310.541666666667
4329.708333333333
4308.791666666667
4296.541666666667
4274.666666666667
4296.791666666667
4288.0
4311.583333333333
4336.625
4371.541666666667
4414.083333333333
4409.791666666667
4390.916666666667
4347.75
4355.083333333333
4365.375
4353.916666666667
4380.25
4365.041666666667
4388.208333333333
4349.166666666667
4335.208333333333
4348.291666666667
4373.916666666667
4382.0
4377.625
4369.291666666667
4401.666666666667
4394.958333333333
4375.041666666667
4371.458333333333
4338.291666666667
4353.458333333333
4375.833333333333
4373.333333333333
4372.666666666667
4382.291666666667
4389.708333333333
4380.541666666667
4397.875
4390.375
4398.083333333333
4382.125
4337.041666666667
4308.041666666667
4309.208333333333
4339.416666666667
4387.5
4398.5
4400.5
4404.25
4384.541666666667
4333.208333333333
4325.708333333333
4345.208333333333
4381.875
4367.166666666667
4352.166666666667
4359.041666666667
4330.5
4316.375
4312.75
4293.291666666667
4320.166666666667
4322.666666666667
4325.0
4337.125
4338.416666666667
4321.416666666667
4296.041666666667
4289.875
4277.291666666667
4294.333333333333
4340.791666666667
4331.875
4336.875
4367.625
4394.458333333333
4402.458333333333
4388.125
4377.291666666667
4387.333333333333
4361.916666666667
4328.916666666667
4310.583333333333
4324.708333333333
4326.583333333333
4289.291666666667
4330.875
4317.541666666667
4279.75
4246.25
4285.666666666667
4317.25
4329.375
4345.208333333333
4334.083333333333
4305.125
4288.541666666667
4286.375
4315.958333333333
4324.333333333333
4314.916666666667
4327.166666666667
4342.208333333333
4374.083333333333
4393.458333333333
4369.541666666667
4368.541666666667
4363.666666666667
4354.083333333333
4375.708333333333
4367.916666666667
4352.541666666667
4338.666666666667
4345.583333333333
4372.625
4402.416666666667
4428.375
4456.083333333333
4462.416666666667
4422.791666666667
4416.25
4400.166666666667
4405.875
4398.583333333333
4370.708333333333
4382.333333333333
4413.708333333333
4446.875
4462.166666666667
4487.958333333333
4526.125
4518.833333333333
4489.0
4489.208333333333
4477.708333333333
4487.458333333333
4495.916666666667
4515.958333333333
4528.916666666667
4545.375
4525.666666666667
4512.833333333333
4517.0
4519.0
4529.958333333333
4541.958333333333
4531.25
4515.583333333333
4482.25
4436.75
4424.25
4392.375
4395.166666666667
4419.0
4458.0
4498.875
4522.833333333333
4545.041666666667
4490.833333333333
4466.0
4459.333333333333
4453.541666666667
4446.0
4472.0
4473.75
4480.416666666667
4487.5
4513.375
4503.791666666667
4509.5
4534.708333333333
4541.875
4533.333333333333
4481.625
4478.708333333333
4447.291666666667
4426.541666666667
4410.791666666667
4397.375
4401.041666666667
4418.583333333333
4434.125
4462.5
4472.916666666667
4493.083333333333
4422.666666666667
4417.416666666667
4432.083333333333
4475.375
4470.583333333333
4480.333333333333
4491.666666666667
4501.708333333333
4510.333333333333
4514.166666666667
4526.166666666667
4538.916666666667
4554.375
4529.0
4462.333333333333
4478.125
4507.25
4480.583333333333
4475.458333333333
4486.75
4457.476190476191
4450.875
4468.541666666667
4490.958333333333
4521.166666666667
4536.583333333333
4519.833333333333
4540.083333333333
4544.25
4528.5
4521.708333333333
4464.708333333333
4444.083333333333
4467.166666666667
4512.416666666667
4473.375
4491.041666666667
4513.166666666667
4517.208333333333
4532.708333333333
4541.75
4551.75
4541.75
4500.458333333333
4472.625
4459.666666666667
4468.75
4462.291666666667
4474.666666666667
4486.666666666667
4477.291666666667
4497.0
4540.75
4529.958333333333
4535.416666666667
4562.208333333333
4571.608695652174
4569.833333333333
4457.75
4465.333333333333
4424.541666666667
4420.791666666667
4430.25
4483.166666666667
4490.875
4482.041666666667
4480.0
4496.708333333333
4508.666666666667
4472.458333333333
4441.041666666667
4430.5
4439.166666666667
4466.333333333333
4479.708333333333
4477.125
4485.083333333333
4501.75
4519.916666666667
4531.25
4554.375
4571.416666666667
4561.583333333333
4580.291666666667
4542.958333333333
4515.791666666667
4543.708333333333
4498.708333333333
4515.458333333333
4500.583333333333
4501.208333333333
4506.125
4515.791666666667
4521.458333333333
4553.541666666667
4545.666666666667
4521.083333333333
4495.875
4468.791666666667
4470.041666666667
4482.25
4468.5
4474.583333333333
4506.25
4541.791666666667
4519.75
4495.25
4511.375
4551.791666666667
4561.958333333333
4569.5
4548.916666666667
4504.583333333333
4469.958333333333
4482.208333333333
4490.0
4470.208333333333
4453.291666666667
4447.375
4450.166666666667
4470.0
4493.291666666667
4495.375
4509.041666666667
4514.5
4431.666666666667
4421.375
4414.958333333333
4417.333333333333
4426.416666666667
4429.375
4437.75
4470.5
4483.583333333333
4503.041666666667
4505.625
4543.625
4564.583333333333
4536.583333333333
4527.625
4539.416666666667
4547.75
4517.083333333333
4492.375
4479.333333333333
4461.833333333333
4484.5
4518.416666666667
4531.666666666667
4538.666666666667
4552.0
4527.125
4496.083333333333
4479.5
4481.916666666667
4471.416666666667
4476.625
4467.583333333333
4443.291666666667
4456.75
4482.916666666667
4515.041666666667
4517.875
4535.5
4585.833333333333
4566.375
4573.041666666667
4595.333333333333
4591.041666666667
4586.333333333333
4558.5
4568.708333333333
4570.75
4567.958333333333
4572.125
4596.166666666667
4622.25
4617.25
4611.833333333333
4629.291666666667
4608.083333333333
4575.291666666667
4616.708333333333
4600.291666666667
4577.208333333333
4565.833333333333
4561.166666666667
4579.666666666667
4597.75
4609.0
4590.666666666667
4581.125
4605.375
4595.625
4621.0
4577.625
4572.583333333333
4556.791666666667
4539.833333333333
4555.541666666667
4551.166666666667
4573.125
4594.375
4612.833333333333
4588.833333333333
4593.166666666667
4608.5
4619.625
4608.791666666667
4613.541666666667
4600.333333333333
4609.041666666667
4577.916666666667
4580.541666666667
4587.625
4606.583333333333
4622.0
4622.25
4623.416666666667
4610.916666666667
4619.291666666667
4627.291666666667
4646.25
4656.583333333333
4634.208333333333
4585.25
4596.25
4598.291666666667
4597.625
4603.666666666667
4623.5
4625.666666666667
4612.125
4609.208333333333
4612.291666666667
4610.916666666667
4617.625
4613.625
4625.166666666667
4642.958333333333
4657.416666666667
4663.541666666667
4668.25
4666.458333333333
4651.416666666667
4621.291666666667
4638.958333333333
4613.625
4625.916666666667
4661.625
4642.75
4647.875
4644.791666666667
4630.583333333333
4614.083333333333
4597.333333333333
4575.791666666667
4572.833333333333
4537.708333333333
4515.458333333333
4512.208333333333
4539.583333333333
4534.625
4547.833333333333
4569.666666666667
4574.708333333333
4583.5
4598.958333333333
4606.458333333333
4633.083333333333
4648.166666666667
4664.666666666667
4673.791666666667
4660.208333333333
4605.416666666667
4585.416666666667
4537.791666666667
4514.625
4523.291666666667
4537.333333333333
4560.416666666667
4554.708333333333
4551.333333333333
4578.375
4583.0
4580.0
4588.416666666667
4602.166666666667
4606.478260869565
4600.291666666667
4614.227272727273
4609.125
4632.869565217391
4643.863636363636
4628.458333333333
4637.625
4666.125
4694.791666666667
4718.291666666667
4696.583333333333
4670.833333333333
4670.875
4692.333333333333
4705.208333333333
4687.458333333333
4695.375
4681.666666666667
4692.666666666667
4696.25
4684.583333333333
4669.0
4669.083333333333
4615.458333333333
4630.708333333333
4649.5
4659.5
4667.166666666667
4670.0
4677.541666666667
4678.333333333333
4661.791666666667
4679.041666666667
4698.916666666667
4725.041666666667
4714.791666666667
4718.541666666667
4736.0
4731.75
4729.125
4739.791666666667
4760.25
4753.583333333333
4723.958333333333
4708.208333333333
4715.583333333333
4728.5
4740.583333333333
4737.125
4704.708333333333
4680.125
4664.5
4631.25
4628.5
4648.125
4661.541666666667
4689.416666666667
4694.291666666667
4687.958333333333
4690.583333333333
4691.791666666667
4705.75
4712.125
4715.541666666667
4701.333333333333
4685.875
4725.75
4688.916666666667
4686.041666666667
4735.666666666667
4739.833333333333
4755.791666666667
4647.583333333333
4558.041666666667
4637.708333333333
4692.083333333333
4711.916666666667
4708.0
4656.375
4616.208333333333
4616.333333333333
4617.458333333333
4607.5
4613.5
4617.75
4605.416666666667
4598.375
4575.75
4573.833333333333
4577.0
4573.541666666667
4559.416666666667
4572.333333333333
4602.5
4628.791666666667
4634.083333333333
4636.0
4662.458333333333
4675.625
4663.041666666667
4662.041666666667
4661.916666666667
4668.625
4654.791666666667
4619.083333333333
4578.75
4544.666666666667
4545.833333333333
4561.75
4579.291666666667
4591.666666666667
4580.5
4585.916666666667
4582.75
4582.041666666667
4624.166666666667
4667.625
4677.958333333333
4647.458333333333
4643.416666666667
4641.125
4643.458333333333
4643.0
4662.541666666667
4684.666666666667
4627.25
4397.375
4457.125
4589.791666666667
4622.166666666667
4616.5
4614.041666666667
4556.5
4553.208333333333
4576.333333333333
4603.125
4604.708333333333
4589.25
4587.5
4599.333333333333
4617.541666666667
4609.541666666667
4594.916666666667
4624.291666666667
4642.125
4588.75
4551.583333333333
4571.833333333333
4597.083333333333
4596.333333333333
4614.833333333333
4637.208333333333
4645.291666666667
4634.041666666667
4637.333333333333
4639.416666666667
4608.875
4615.75
4627.25
4625.083333333333
4639.625
4612.5
4627.041666666667
4638.869565217391
4655.0
4684.0
4686.541666666667
4687.208333333333
4659.75
4659.75
4659.791666666667
4639.541666666667
4632.5
4617.791666666667
4653.541666666667
4647.166666666667
4640.541666666667
4659.416666666667
4685.75
4723.291666666667
4753.333333333333
4692.416666666667
4679.416666666667
4677.666666666667
4671.208333333333
4685.458333333333
4678.25
4659.333333333333
4643.375
4633.083333333333
4658.5
4671.791666666667
4686.958333333333
4656.875
4679.541666666667
4672.375
4707.541666666667
4719.958333333333
4756.666666666667
4772.666666666667
4706.791666666667
4746.708333333333
4771.083333333333
4780.625
4748.5
4766.291666666667
4745.666666666667
4724.75
4717.458333333333
4676.875
4667.416666666667
4667.75
4694.833333333333
4717.583333333333
4695.666666666667
4667.333333333333
4666.791666666667
4667.0
4687.5
4717.25
4727.416666666667
4722.708333333333
4702.5
4708.958333333333
4725.458333333333
4745.0
4716.125
4722.125
4737.125
4742.083333333333
4745.166666666667
4773.708333333333
4780.708333333333
4758.375
4749.291666666667
4736.333333333333
4727.916666666667
4700.833333333333
4707.875
4713.75
4728.416666666667
4699.666666666667
4702.291666666667
4705.666666666667
4711.125
4724.083333333333
4731.375
4764.875
4754.208333333333
4720.75
4722.625
4745.916666666667
4764.25
4762.541666666667
4753.041666666667
4764.625
4767.916666666667
4790.541666666667
4804.25
4806.708333333333
4783.041666666667
4767.041666666667
4770.458333333333
4781.875
4778.411764705882
4759.208333333333
4765.0
4768.958333333333
4788.75
4800.916666666667
4806.0
4800.916666666667
4820.25
4789.333333333333
4756.625
4777.083333333333
4788.25
4779.833333333333
4798.875
4794.833333333333
4776.75
4761.875
4724.375
4723.083333333333
4733.416666666667
4725.916666666667
4718.791666666667
4725.0
4736.625
4727.5
4723.416666666667
4743.583333333333
4748.333333333333
4748.458333333333
4726.541666666667
4740.208333333333
4745.583333333333
4757.833333333333
4775.5
4790.791666666667
4778.375
4776.875
4744.333333333333
4737.625
4737.666666666667
4748.541666666667
4772.75
4784.791666666667
4710.25
4715.333333333333
4694.416666666667
4709.916666666667
4734.833333333333
4729.875
4728.166666666667
4723.333333333333
4714.833333333333
4713.875
4722.875
4720.541666666667
4725.25
4714.458333333333
4721.583333333333
4735.625
4748.833333333333
4759.791666666667
4762.916666666667
4777.958333333333
4774.333333333333
4779.75
4778.875
4800.958333333333
4809.541666666667
4815.833333333333
4792.541666666667
4778.958333333333
4764.166666666667
4743.458333333333
4720.291666666667
4740.5
4738.875
4748.083333333333
4758.083333333333
4750.166666666667
4758.75
4757.5
4775.625
4788.166666666667
4786.625
4793.791666666667
4803.541666666667
4797.375
4808.416666666667
4802.25
4793.708333333333
4794.625
4787.458333333333
4786.958333333333
4771.75
4766.166666666667
4769.208333333333
4791.833333333333
4809.875
4802.791666666667
4781.916666666667
4804.291666666667
4815.833333333333
4806.166666666667
4787.791666666667
4766.291666666667
4774.458333333333
4778.791666666667
4799.041666666667
4801.166666666667
4799.375
4806.916666666667
4817.416666666667
4830.458333333333
4840.0
4838.041666666667
4818.375
4804.291666666667
4816.833333333333
4830.416666666667
4828.791666666667
4845.583333333333
4851.708333333333
4854.625
4853.75
4858.5
4866.0
4840.791666666667
4853.375
4864.875
4858.666666666667
4798.142857142857
4791.416666666667
4800.583333333333
4825.291666666667
4803.625
4762.791666666667
4772.916666666667
4809.333333333333
4807.625
4811.583333333333
4806.291666666667
4806.5
4802.208333333333
4815.791666666667
4832.291666666667
4831.333333333333
4821.208333333333
4845.875
4827.791666666667
4822.25
4834.25
4833.041666666667
4866.791666666667
4844.625
4807.166666666667
4812.25
4821.083333333333
4822.625
4843.0
4808.541666666667
4817.708333333333
4829.166666666667
4840.541666666667
4790.958333333333
4819.208333333333
4833.75
4835.75
4862.458333333333
4867.791666666667
4863.208333333333
4853.625
4836.875
4817.25
4812.458333333333
4828.708333333333
4829.333333333333
4824.333333333333
4826.333333333333
4831.666666666667
4816.875
4824.625
4832.458333333333
4830.958333333333
4819.958333333333
4809.375
4806.958333333333
4826.958333333333
4848.666666666667
4846.708333333333
4829.416666666667
4806.625
4807.333333333333
4809.333333333333
4826.25
4835.583333333333
4830.541666666667
4855.25
4856.791666666667
4825.458333333333
4832.125
4788.791666666667
4807.833333333333
4819.666666666667
4834.375
4828.208333333333
4843.458333333333
4848.875
4855.875
4845.583333333333
4847.708333333333
4824.791666666667
4838.833333333333
4844.958333333333
4850.541666666667
4841.083333333333
4806.375
4811.208333333333
4813.25
4810.5
4826.833333333333
4847.208333333333
4868.625
4858.958333333333
4843.333333333333
4854.0
4867.083333333333
4837.083333333333
4800.041666666667
4819.125
4830.416666666667
4836.833333333333
4847.916666666667
4866.791666666667
4841.5
4842.166666666667
4850.666666666667
4844.916666666667
4863.708333333333
4847.208333333333
4856.291666666667
4885.333333333333
4861.5
4816.0
4844.666666666667
4858.708333333333
4845.708333333333
4850.291666666667
4851.666666666667
4840.958333333333
4832.625
4839.333333333333
4821.416666666667
4838.0
4825.208333333333
4858.458333333333
4830.208333333333
4826.958333333333
4827.125
4841.208333333333
4839.791666666667
4840.666666666667
4840.583333333333
4863.041666666667
4861.5
4856.291666666667
4855.125
4855.625
4876.5
4873.333333333333
4860.541666666667
4820.5
4833.958333333333
4814.666666666667
4786.041666666667
4816.0
4789.458333333333
4795.208333333333
4797.625
4795.708333333333
4793.083333333333
4812.125
4788.875
4790.583333333333
4796.875
4790.458333333333
4800.958333333333
4796.791666666667
4833.875
4844.708333333333
4843.083333333333
4858.583333333333
4862.916666666667
4852.208333333333
4849.375
4858.0
4864.875
4854.583333333333
4855.291666666667
4835.583333333333
4811.458333333333
4819.166666666667
4814.541666666667
4811.125
4803.708333333333
4764.375
4757.916666666667
4778.25
4798.583333333333
4813.5
4817.166666666667
4800.5
4819.833333333333
4820.833333333333
4818.833333333333
4817.083333333333
4823.041666666667
4826.666666666667
4829.25
4841.125
4848.041666666667
4848.041666666667
4835.125
4840.75
4836.375
4842.666666666667
4839.541666666667
4820.625
4813.291666666667
4823.25
4835.291666666667
4846.166666666667
4827.083333333333
4819.0
4801.0
4813.916666666667
4783.875
4791.333333333333
4780.833333333333
4783.583333333333
4794.375
4809.0
4806.166666666667
4807.0
4815.041666666667
4822.958333333333
4846.833333333333
4863.75
4848.291666666667
4857.291666666667
4867.333333333333
4862.666666666667
4834.541666666667
4824.916666666667
4822.5
4821.791666666667
4816.083333333333
4825.75
4834.333333333333
4816.75
4805.428571428572
4803.166666666667
4814.041666666667
4818.458333333333
4811.041666666667
4811.458333333333
4802.041666666667
4797.958333333333
4794.791666666667
4803.791666666667
4805.333333333333
4817.083333333333
4810.916666666667
4825.541666666667
4829.25
4829.458333333333
4842.833333333333
4852.791666666667
4869.458333333333
4865.25
4872.166666666667
4866.208333333333
4858.833333333333
4845.916666666667
4827.958333333333
4825.291666666667
4828.083333333333
4831.875
4835.75
4841.708333333333
4835.166666666667
4838.5
4836.708333333333
4836.458333333333
4845.75
4856.416666666667
4857.166666666667
4859.708333333333
4850.666666666667
4830.25
4831.166666666667
4843.541666666667
4846.916666666667
4823.291666666667
4842.583333333333
4854.291666666667
4867.208333333333
4878.958333333333
4883.875
4882.75
4885.291666666667
4895.333333333333
4885.166666666667
4880.458333333333
4851.291666666667
4829.083333333333
4832.875
4842.291666666667
4826.916666666667
4845.875
4848.833333333333
4827.583333333333
4835.75
4848.166666666667
4861.625
4867.625
4890.25
4845.416666666667
4840.916666666667
4847.75
4845.0
4848.0
4847.25
4845.625
4858.208333333333
4847.541666666667
4847.416666666667
4859.541666666667
4844.75
4842.791666666667
4850.625
4840.333333333333
4838.75
4826.333333333333
4837.75
4818.958333333333
4828.041666666667
4832.291666666667
4826.125
4829.25
4802.291666666667
4804.708333333333
4816.791666666667
4803.083333333333
4797.583333333333
4755.625
4752.208333333333
4766.625
4741.791666666667
4727.791666666667
4755.833333333333
4751.083333333333
4757.166666666667
4710.166666666667
4729.208333333333
4751.958333333333
4776.416666666667
4774.625
4795.625
4801.375
4814.25
4814.583333333333
4822.458333333333
4854.291666666667
4825.416666666667
4826.166666666667
4836.0
4847.458333333333
4840.0
4852.416666666667
4844.708333333333
4830.25
4835.625
4840.708333333333
4838.458333333333
4835.708333333333
4844.583333333333
4841.041666666667
4853.458333333333
4842.541666666667
4830.5
4798.0
4794.541666666667
4809.083333333333
4815.25
4834.458333333333
4831.666666666667
4857.833333333333
4859.291666666667
4854.833333333333
4859.041666666667
4866.0
4855.458333333333
4848.958333333333
4868.25
4858.416666666667
4852.5
4847.5
4848.416666666667
4811.125
4826.666666666667
4830.208333333333
4840.333333333333
4854.75
4864.666666666667
4870.958333333333
4853.875
4809.291666666667
4791.5
4802.291666666667
4817.041666666667
4804.166666666667
4810.666666666667
4810.958333333333
4816.791666666667
4825.375
4825.25
4854.083333333333
4853.5
4852.375
4850.5
4859.791666666667
4873.958333333333
4854.291666666667
4864.125
4861.291666666667
4829.0
4814.833333333333
4841.125
4828.458333333333
4820.625
4828.875
4841.125
4826.583333333333
4792.958333333333
4814.958333333333
4815.166666666667
4836.125
4805.791666666667
4813.291666666667
4830.666666666667
4817.0
4813.375
4820.291666666667
4835.833333333333
4840.916666666667
4830.916666666667
4850.333333333333
4865.083333333333
4851.25
4845.375
4645.565217391304
4109.64705882353
4911.0
4856.909090909091
4823.692307692308
4841.5
4917.5
4894.5
4825.666666666667
4756.714285714285
4747.0
4841.0
4756.0
4907.0
4835.25
4831.428571428572
4886.666666666667
4919.0
4893.666666666667
4839.0
4817.666666666667
4858.666666666667
4831.0
4767.0
4810.5
4878.333333333333
4821.0
4986.5
4958.0
4816.0
4805.458333333333
4782.692307692308
4786.208333333333
4784.333333333333
4779.25
4791.458333333333
4788.125
4795.416666666667
4779.75
4788.125
4815.625
4829.208333333333
4833.291666666667
4826.208333333333
4828.291666666667
4844.25
4812.166666666667
4839.0952380952385
4721.9
4713.0
4728.208333333333
4715.578947368421
4814.916666666667
4729.375
4739.708333333333
4724.583333333333
4709.625
4696.833333333333
4698.875
4792.791666666667
4811.916666666667
4808.541666666667
4823.708333333333
4815.625
4825.791666666667
4827.666666666667
4815.208333333333
4818.333333333333
4837.0
4845.041666666667
4846.166666666667
4847.791666666667
4858.666666666667
4851.166666666667
4827.375
4806.260869565217
4827.136363636364
4853.142857142857
4796.0
4928.5
4852.5
4871.0
4875.583333333333
4881.166666666667
4859.375
4859.333333333333
4867.875
4879.583333333333
4864.083333333333
