4665.797222222222
4672.103494623656
4669.21875
4677.978260869565
4700.430555555556
4715.8387096774195
4710.644444444444
4699.692204301075
4699.4319444444445
4725.408950617284
4735.896505376344
4733.730555555556
4737.109607577808
4720.252688172043
4645.035714285715
4611.978494623656
4557.016666666666
4580.192204301075
4565.8136300417245
4567.616935483871
4537.340053763441
4545.680555555556
4501.947580645161
4482.756944444444
4518.770161290323
4556.8494623655915
4568.333333333333
4514.57123655914
4414.980555555556
4451.211021505376
4346.80528511822
4393.056451612903
4394.395161290323
4382.547222222222
4344.375
4371.776077885953
4454.961021505376
4417.731182795699
4364.193965517241
4231.4637096774195
4357.279166666666
4387.927419354839
4339.063888888889
4216.170698924731
4236.2231182795695
4306.8180555555555
4290.638440860215
4278.801388888889
4315.810483870968
4365.634408602151
4367.589285714285
4310.48252688172
4328.897222222222
4216.251682368776
4203.7
4230.368279569892
4253.840053763441
4276.004166666667
4326.346774193548
4313.819444444444
4285.622311827957
4284.064516129032
4221.583076923077
4229.604838709677
4245.886111111111
4288.0268817204305
4226.083333333333
4252.240591397849
4290.951612903225
4252.297222222222
4257.756720430108
4238.822222222222
4150.919354838709
4213.350806451613
4226.1889880952385
4143.7768817204305
4176.1125
4237.7768817204305
4224.947222222222
4271.896505376344
4284.2661290322585
4289.191666666667
4260.149193548387
4220.5263888888885
4261.771505376344
4316.35752688172
4369.0
4339.725806451613
4331.6611111111115
4417.868279569892
4486.527777777777
4475.163978494624
4503.572199730094
4484.294853963838
4512.168010752688
4482.7763888888885
4509.083333333333
4589.979838709677
4599.241071428572
4627.643817204301
4575.9430555555555
4654.742547425474
4700.126388888889
4667.653225806452
4613.547619047619
4597.002777777778
4644.967611336032
4704.705555555555
4716.806451612903
4752.9103690685415
4773.3452380952385
4740.325268817204
4756.333333333333
4794.337365591397
4824.1360347322725
4831.311827956989
4825.725806451613
4839.031944444445
4845.6505376344085
4825.084722222222
4820.321428571428
4822.556451612903
4827.387786259542
4852.0161290322585
4844.863888888889
4790.579301075269
4841.65
4835.5887096774195
4801.742524916944
4800.543378995434
4778.513559322034
4844.723880597015
