6342.4
6341.75
6317.041666666667
6292.1
6275.375
6264.625
6289.958333333333
6296.272727272727
6326.0
6348.0
6346.272727272727
6341.0
6353.208333333333
6369.208333333333
6388.708333333333
6382.791666666667
6338.458333333333
6325.875
6331.416666666667
6339.5
6367.5
6382.458333333333
6354.958333333333
6344.458333333333
6361.666666666667
6378.875
6385.416666666667
6375.958333333333
6410.458333333333
6418.708333333333
6375.458333333333
6262.708333333333
6265.375
6274.5
6278.541666666667
6254.208333333333
6261.958333333333
6293.791666666667
6302.083333333333
6296.083333333333
6299.333333333333
6319.25
6350.333333333333
6346.458333333333
6365.458333333333
6356.75
6376.833333333333
6398.125
6411.708333333333
6361.125
6370.083333333333
6378.541666666667
6404.625
6410.166666666667
6418.458333333333
6458.125
6441.25
6415.181818181818
6425.636363636364
6425.958333333333
6405.958333333333
6358.416666666667
6254.75
6278.833333333333
6308.791666666667
6283.708333333333
6318.166666666667
6312.541666666667
6329.083333333333
6346.25
6357.875
6374.083333333333
6368.041666666667
6371.916666666667
6387.5
6370.208333333333
6356.916666666667
6364.25
6391.5
6410.583333333333
6424.25
6434.958333333333
6429.625
6414.25
6412.375
6414.291666666667
6432.541666666667
6420.791666666667
6419.458333333333
6428.583333333333
6315.75
6344.583333333333
6353.541666666667
6360.041666666667
6360.0
6360.125
6365.666666666667
6360.791666666667
6368.541666666667
6370.208333333333
6375.375
6356.291666666667
6364.5
6357.0
6370.833333333333
6406.166666666667
6417.25
6411.916666666667
6414.708333333333
6414.75
6380.166666666667
6401.333333333333
6381.625
6369.375
6379.833333333333
6399.916666666667
6400.25
6406.833333333333
6422.708333333333
6451.958333333333
6501.5
6533.25
6524.75
6522.291666666667
6510.666666666667
6486.541666666667
6494.791666666667
6499.0
6509.458333333333
6484.541666666667
6473.333333333333
6501.333333333333
6518.333333333333
6518.0
6542.666666666667
6538.458333333333
6509.791666666667
6490.166666666667
6475.083333333333
6471.708333333333
6477.916666666667
6492.708333333333
6501.125
6505.666666666667
6498.0
6507.958333333333
6527.5
6550.916666666667
6566.708333333333
6573.666666666667
6554.333333333333
6532.375
6528.041666666667
6495.25
6486.666666666667
6511.125
6546.291666666667
6539.625
6534.25
6546.5
6564.708333333333
6561.583333333333
6569.125
6560.5
6566.458333333333
6543.75
6562.291666666667
6590.708333333333
6568.541666666667
6584.791666666667
6568.25
6527.75
6504.25
6478.0
6485.958333333333
6512.941176470588
6507.416666666667
6494.125
6502.625
6508.041666666667
6516.0
6504.0
6502.25
6507.0
6507.291666666667
6471.458333333333
6495.625
6512.041666666667
6513.125
6504.916666666667
6518.583333333333
6504.458333333333
6509.0
6513.666666666667
6507.125
6495.75
6530.458333333333
6537.833333333333
6530.875
6548.125
6545.666666666667
6544.375
6536.291666666667
6525.458333333333
6520.791666666667
6514.041666666667
6493.208333333333
6486.416666666667
6482.291666666667
6479.666666666667
6478.25
6484.958333333333
6511.708333333333
6518.041666666667
6524.291666666667
6522.916666666667
6515.916666666667
6514.25
6509.25
6516.333333333333
6543.416666666667
6526.083333333333
6502.0
6512.25
6526.791666666667
6504.0
6512.916666666667
6528.0
6535.583333333333
6528.0
6528.333333333333
6545.041666666667
6545.208333333333
6546.916666666667
6523.25
6505.541666666667
6518.916666666667
6521.333333333333
6520.875
6515.625
6515.875
6511.291666666667
6524.416666666667
6525.0
6529.375
6533.666666666667
6542.0
6487.625
6450.291666666667
6435.315789473684
6428.708333333333
6435.958333333333
6463.0
6487.166666666667
6474.833333333333
6479.708333333333
6479.791666666667
6486.333333333333
6488.166666666667
6493.5
6500.041666666667
6494.833333333333
6491.375
6485.958333333333
6497.375
6510.541666666667
6533.916666666667
6529.75
6524.666666666667
6528.791666666667
6525.416666666667
6529.708333333333
6517.625
6499.166666666667
6482.083333333333
6490.25
6510.375
6486.041666666667
6475.791666666667
6482.708333333333
6496.0
6504.875
6511.708333333333
6529.416666666667
6511.375
6510.958333333333
6521.666666666667
6495.5
6490.416666666667
6481.916666666667
6484.541666666667
6483.083333333333
6485.583333333333
6476.458333333333
6472.791666666667
6475.541666666667
6493.041666666667
6509.708333333333
6511.375
6524.041666666667
6492.041666666667
6497.0
6506.291666666667
6494.958333333333
6517.625
6511.666666666667
6522.0
6492.666666666667
6455.333333333333
6466.416666666667
6469.875
6488.791666666667
6487.666666666667
6515.75
6535.833333333333
6507.333333333333
6511.666666666667
6523.25
6530.0
6537.75
6556.0
6557.916666666667
6545.583333333333
6544.583333333333
6543.458333333333
6520.625
6510.875
6504.791666666667
6495.458333333333
6506.708333333333
6517.458333333333
6516.0
6481.041666666667
6476.208333333333
6473.791666666667
6482.791666666667
6502.875
6511.958333333333
6515.666666666667
6512.333333333333
6510.041666666667
6498.208333333333
6499.208333333333
6505.208333333333
6499.208333333333
6488.166666666667
6469.583333333333
6470.083333333333
6441.208333333333
6464.083333333333
6481.083333333333
6500.208333333333
6503.416666666667
6506.875
6508.291666666667
6494.375
6488.083333333333
6482.541666666667
6466.958333333333
6462.625
6465.833333333333
6456.875
6461.75
6459.5
6463.083333333333
6463.833333333333
6460.791666666667
6454.583333333333
6465.375
6470.458333333333
6449.041666666667
6445.958333333333
6435.291666666667
6459.708333333333
6450.75
6447.375
6447.458333333333
6436.583333333333
6442.541666666667
6423.25
6429.833333333333
6438.958333333333
6451.25
6437.208333333333
6444.916666666667
6450.666666666667
6434.833333333333
6430.375
6423.958333333333
6411.666666666667
6394.25
6403.125
6423.416666666667
6428.083333333333
6442.458333333333
6436.041666666667
6424.5
6393.625
6398.958333333333
6407.25
6402.166666666667
6410.166666666667
6422.041666666667
6440.416666666667
6440.666666666667
6440.041666666667
6432.125
6434.75
6432.208333333333
6424.375
6434.458333333333
6443.916666666667
6458.875
6475.625
6503.916666666667
6464.666666666667
6412.458333333333
6425.5
6446.791666666667
6438.208333333333
6440.666666666667
6432.375
6447.166666666667
6464.541666666667
6446.375
6427.666666666667
6405.916666666667
6412.833333333333
6396.416666666667
6383.041666666667
6396.5
6402.791666666667
6380.875
6382.916666666667
6353.208333333333
6407.708333333333
6395.05
6363.0
6359.583333333333
6329.416666666667
6320.791666666667
6369.791666666667
6345.833333333333
6342.5
6337.625
6339.083333333333
6320.333333333333
6298.541666666667
6341.875
6355.375
6364.208333333333
6395.25
6410.708333333333
6419.375
6390.291666666667
6502.541666666667
6485.333333333333
6470.958333333333
6465.0
6445.875
6467.041666666667
6442.041666666667
6469.291666666667
6480.541666666667
6474.0
6442.083333333333
6426.583333333333
6438.083333333333
6439.708333333333
6463.083333333333
6477.875
6461.291666666667
6441.958333333333
6436.541666666667
6423.541666666667
6436.208333333333
6437.75
6448.25
6460.208333333333
6438.125
6421.083333333333
6425.75
6416.291666666667
6445.125
6462.708333333333
6451.583333333333
6373.958333333333
6335.125
6314.291666666667
6322.708333333333
6270.041666666667
6213.041666666667
6274.791666666667
6279.625
6282.958333333333
6308.833333333333
6319.25
6274.041666666667
6306.125
6291.5
6254.083333333333
6270.25
6274.375
6288.875
6316.958333333333
6335.916666666667
6332.625
6321.75
6309.458333333333
6315.041666666667
6316.666666666667
6307.708333333333
6307.375
6312.458333333333
6344.25
6341.208333333333
6363.75
6351.916666666667
6311.708333333333
6313.166666666667
6317.916666666667
6329.125
6328.041666666667
6329.75
6325.916666666667
6344.833333333333
6352.416666666667
6343.75
6347.5
6355.5
6356.875
6363.833333333333
6364.791666666667
6362.875
6325.235294117647
6297.347826086957
6305.625
6318.208333333333
6309.142857142857
6324.652173913043
6360.791666666667
6337.708333333333
6348.541666666667
6347.625
6260.875
6278.041666666667
6269.625
6309.541666666667
6308.375
6299.958333333333
6286.541666666667
6305.541666666667
6310.0
6315.333333333333
6315.041666666667
6303.041666666667
6307.5
6310.208333333333
6325.708333333333
6326.875
6327.25
6317.708333333333
6314.208333333333
6309.45
6305.458333333333
6319.958333333333
6318.166666666667
6311.416666666667
6280.913043478261
6311.434782608696
6314.041666666667
6323.583333333333
6292.875
6268.666666666667
6284.041666666667
6304.727272727273
6309.307692307692
6319.125
6310.125
6300.791666666667
6313.5
6326.625
6334.541666666667
6339.304347826087
6357.25
6331.125
6345.375
6344.333333333333
6333.458333333333
6349.875
6340.375
6296.125
6323.125
6335.166666666667
6328.5
6347.458333333333
6338.041666666667
6334.916666666667
6325.833333333333
6317.708333333333
6294.083333333333
6303.75
6323.375
6312.625
6321.541666666667
6324.130434782609
6313.782608695652
6321.041666666667
6335.958333333333
6351.916666666667
6321.916666666667
6179.958333333333
6167.833333333333
6192.625
6249.083333333333
6273.958333333333
6288.583333333333
6293.875
6274.875
6279.125
6284.416666666667
6297.416666666667
6313.875
6309.5
6325.916666666667
6304.083333333333
6299.0
6329.916666666667
6318.166666666667
6310.625
6318.791666666667
6296.375
6268.666666666667
6287.041666666667
6285.583333333333
6280.166666666667
6277.25
6298.75
6309.25
6291.75
6311.291666666667
6316.5
6336.041666666667
6349.833333333333
6344.458333333333
6312.791666666667
6311.208333333333
6287.375
6267.625
6266.291666666667
6277.041666666667
6286.25
6292.833333333333
6273.583333333333
6221.041666666667
6219.541666666667
6234.208333333333
6267.0
6274.541666666667
6275.75
6276.916666666667
6254.541666666667
6247.625
6242.666666666667
6241.041666666667
6243.666666666667
6240.625
6253.416666666667
6275.125
6297.416666666667
6316.458333333333
6316.041666666667
6342.291666666667
6318.666666666667
6297.625
6307.333333333333
6318.375
6334.666666666667
6361.041666666667
6362.375
6307.25
6316.083333333333
6326.041666666667
6324.458333333333
6313.625
6283.958333333333
6301.833333333333
6305.791666666667
6304.791666666667
6319.083333333333
6310.5
6275.166666666667
6243.416666666667
6249.25
6252.041666666667
6276.0
6274.583333333333
6284.75
6270.166666666667
6241.541666666667
6188.541666666667
6225.666666666667
6255.041666666667
6279.125
6292.25
6282.541666666667
6281.041666666667
6270.25
6274.958333333333
6283.666666666667
6243.958333333333
6253.333333333333
6278.958333333333
6256.541666666667
6218.458333333333
6211.208333333333
6224.333333333333
6225.958333333333
6243.375
6246.0
6250.625
6260.833333333333
6247.75
6234.125
6205.75
6199.708333333333
6200.75
6144.0
6165.625
6175.833333333333
6187.0
6188.25
6181.958333333333
6176.75
6200.541666666667
6205.958333333333
6215.041666666667
6224.25
6217.666666666667
6221.5
6219.958333333333
6207.375
6174.125
6130.0
6137.416666666667
6143.0
6181.083333333333
6187.208333333333
6187.208333333333
6166.958333333333
6183.083333333333
6196.625
6203.375
6178.291666666667
6180.083333333333
6183.083333333333
6200.166666666667
6190.0
6190.416666666667
6201.375
6198.166666666667
6217.416666666667
6227.083333333333
6231.458333333333
6249.041666666667
6264.25
6285.625
6265.375
6248.416666666667
6251.75
6233.458333333333
6248.208333333333
6241.208333333333
6228.291666666667
6175.166666666667
6173.416666666667
6188.166666666667
6191.5
6216.0
6214.833333333333
6219.791666666667
6228.625
6215.625
6224.333333333333
6204.333333333333
6231.666666666667
6239.0
6234.541666666667
6259.291666666667
6260.708333333333
6253.5
6227.208333333333
6234.125
6240.625
6258.916666666667
6266.083333333333
6225.25
6217.916666666667
6223.166666666667
6237.875
6227.291666666667
6249.75
6250.291666666667
6255.666666666667
6273.666666666667
6298.458333333333
6261.375
6287.291666666667
6307.25
6102.708333333333
6081.541666666667
6140.208333333333
6178.5
6205.291666666667
6232.0
6247.916666666667
6260.833333333333
6249.583333333333
6237.541666666667
6242.166666666667
6247.833333333333
6200.041666666667
6223.0
6208.416666666667
6204.5
6155.041666666667
6199.833333333333
6216.833333333333
6236.875
6222.875
6118.583333333333
6166.291666666667
6157.583333333333
6150.541666666667
6156.541666666667
6150.375
6156.75
6171.0
6183.916666666667
6192.291666666667
6189.125
6200.166666666667
6223.583333333333
6215.708333333333
6192.5
6159.75
6168.541666666667
6195.125
6209.041666666667
6103.791666666667
6118.666666666667
6156.708333333333
6105.833333333333
6078.791666666667
6086.875
6103.166666666667
6068.791666666667
6024.333333333333
5994.041666666667
6054.708333333333
6097.291666666667
6099.541666666667
6064.375
6081.25
6091.25
6111.416666666667
6112.666666666667
6119.416666666667
6145.333333333333
6137.833333333333
6108.0
6101.625
6103.25
6116.791666666667
6117.875
6140.208333333333
6153.875
6175.916666666667
6176.75
6178.833333333333
6122.541666666667
6097.625
6093.083333333333
6097.083333333333
6116.958333333333
6166.0
6182.5
6206.166666666667
6214.083333333333
6230.708333333333
6209.875
6230.541666666667
6238.75
6241.833333333333
6248.916666666667
6226.5
6208.5
6217.083333333333
6211.125
6205.833333333333
6204.375
6196.125
6172.875
6173.458333333333
6185.041666666667
6197.375
6217.708333333333
6197.458333333333
6142.083333333333
6118.458333333333
6089.0
6089.541666666667
6114.875
6133.125
6147.458333333333
6165.291666666667
6035.875
6090.5
6093.666666666667
6094.0
6088.0
6018.041666666667
5993.166666666667
6047.958333333333
6060.5
6044.5
6056.5
6044.041666666667
5931.958333333333
5930.458333333333
5964.708333333333
5980.75
6015.208333333333
5999.583333333333
5928.916666666667
5812.791666666667
5853.416666666667
5927.625
5991.458333333333
6036.208333333333
6049.416666666667
6059.041666666667
6054.375
6076.5
6070.791666666667
6076.75
6098.916666666667
6089.166666666667
6074.25
6090.625
6120.208333333333
6111.791666666667
6038.416666666667
5976.208333333333
6009.708333333333
6036.5
6033.083333333333
6055.541666666667
6087.3
6103.666666666667
6077.25
6066.416666666667
6046.333333333333
6041.041666666667
6066.0
6085.25
6103.75
6118.5
6121.541666666667
6124.125
6121.791666666667
6097.5
6057.333333333333
6057.458333333333
6079.583333333333
6099.75
6103.25
6071.333333333333
5872.541666666667
5944.5
6021.166666666667
6059.75
6089.666666666667
6105.125
6087.75
6106.916666666667
6130.041666666667
6108.666666666667
6075.0
6056.166666666667
6069.958333333333
6091.666666666667
6117.625
6138.583333333333
6118.25
6121.833333333333
6105.041666666667
6129.25
6145.458333333333
6132.75
6110.333333333333
6127.583333333333
6155.041666666667
6160.25
6190.166666666667
6187.583333333333
6170.958333333333
6155.291666666667
6150.708333333333
6142.25
6145.291666666667
6172.208333333333
6197.333333333333
6045.375
6006.666666666667
6013.708333333333
5983.291666666667
5986.416666666667
6013.125
6049.583333333333
6049.416666666667
5947.083333333333
6064.708333333333
6088.666666666667
6116.791666666667
6164.0
6161.208333333333
6137.291666666667
6144.875
6021.541666666667
5865.583333333333
5895.916666666667
5917.875
5966.833333333333
5964.541666666667
5973.583333333333
6014.708333333333
6043.041666666667
6020.291666666667
5972.0
5994.333333333333
6014.666666666667
5983.5
5986.625
6002.875
6012.208333333333
6026.125
6022.708333333333
6006.708333333333
6021.166666666667
6054.291666666667
6088.958333333333
6109.708333333333
6131.875
6137.333333333333
6146.75
6165.916666666667
6161.791666666667
5957.166666666667
6013.083333333333
6065.666666666667
6096.208333333333
6139.083333333333
6160.541666666667
6090.25
6013.041666666667
6011.695652173913
6023.291666666667
6054.916666666667
6087.291666666667
6088.958333333333
6099.333333333333
6089.666666666667
6139.166666666667
6127.208333333333
6093.0
6122.583333333333
6104.583333333333
6109.25
6092.208333333333
6082.958333333333
6080.916666666667
6084.25
6085.666666666667
6113.416666666667
6103.458333333333
6062.291666666667
6082.791666666667
6095.041666666667
6102.208333333333
6127.083333333333
6095.583333333333
6142.25
6051.75
6059.916666666667
6089.041666666667
6077.708333333333
6074.291666666667
6075.875
6088.041666666667
6139.041666666667
6179.208333333333
6164.333333333333
6144.5
6151.875
6147.416666666667
6140.833333333333
6114.583333333333
6120.791666666667
6143.125
6140.958333333333
6128.708333333333
6153.0
6170.458333333333
6166.75
6119.625
6087.958333333333
6028.375
6034.875
5949.791666666667
5970.083333333333
6013.875
5997.833333333333
6011.25
5976.125
5890.0
6089.041666666667
6077.708333333333
6074.291666666667
6075.875
6088.041666666667
6139.041666666667
6179.208333333333
6164.333333333333
6144.5
6151.875
6147.416666666667
6140.833333333333
6114.583333333333
6120.791666666667
6143.125
6140.958333333333
6128.708333333333
6153.0
6170.458333333333
6166.75
6119.625
6087.958333333333
6028.375
6034.875
5949.791666666667
5970.083333333333
6013.875
5997.833333333333
6011.25
5976.125
5890.0
5810.25
5870.375
5985.125
6052.166666666667
6069.166666666667
6076.833333333333
6066.958333333333
6071.583333333333
6087.666666666667
6071.291666666667
6060.0
6045.666666666667
6058.333333333333
6024.25
5936.833333333333
5970.916666666667
6011.708333333333
6026.541666666667
6059.25
6069.291666666667
6093.541666666667
6116.291666666667
6099.583333333333
6102.5
6097.291666666667
6083.041666666667
5992.833333333333
5915.458333333333
5919.5
5949.375
5984.25
6014.333333333333
6013.458333333333
6007.333333333333
5999.583333333333
5982.458333333333
5720.041666666667
5338.833333333333
5504.833333333333
5588.458333333333
5598.916666666667
5523.291666666667
5672.166666666667
5736.291666666667
5720.708333333333
5796.791666666667
5864.375
5888.958333333333
5919.5
5958.541666666667
6018.25
6044.333333333333
6035.833333333333
6031.333333333333
6045.5
6083.590909090909
6043.625
6040.291666666667
6035.25
6047.583333333333
6059.666666666667
6028.916666666667
6048.875
6077.875
6029.833333333333
5931.75
5981.083333333333
6023.375
6042.5
6069.583333333333
6075.0
6113.541666666667
6131.708333333333
6155.0
6196.041666666667
6222.0
6219.208333333333
6206.041666666667
6207.375
6215.416666666667
6201.708333333333
6169.083333333333
6175.708333333333
6126.875
6078.041666666667
6029.541666666667
6059.75
6080.833333333333
6098.333333333333
6131.833333333333
5977.916666666667
6004.166666666667
6020.583333333333
6020.833333333333
6019.333333333333
6001.791666666667
5982.416666666667
5972.958333333333
5996.0
6007.291666666667
6014.708333333333
6079.916666666667
6090.375
6099.5
6108.458333333333
6073.5
5932.041666666667
5958.125
5997.25
6049.166666666667
6042.583333333333
6063.875
6067.25
6100.208333333333
6080.25
6084.166666666667
6069.75
6081.541666666667
6080.041666666667
6075.5
5977.916666666667
6004.166666666667
6020.583333333333
6020.833333333333
6019.333333333333
6001.791666666667
5982.416666666667
5972.958333333333
5996.0
6007.291666666667
6014.708333333333
6079.916666666667
6090.375
6099.5
6108.458333333333
6073.5
5932.041666666667
5958.125
5997.25
6049.166666666667
6042.583333333333
6063.875
6067.25
6100.208333333333
6080.25
6084.166666666667
6069.75
6081.541666666667
6080.041666666667
6075.5
6073.916666666667
6070.125
6069.083333333333
6004.75
5915.208333333333
5914.333333333333
5932.833333333333
5911.166666666667
5901.083333333333
5923.333333333333
5960.041666666667
5977.125
5986.333333333333
5969.625
5712.708333333333
5722.916666666667
5809.041666666667
5821.666666666667
5779.291666666667
5714.125
5689.791666666667
5697.5
5725.166666666667
5786.083333333333
5833.083333333333
5868.666666666667
5818.458333333333
5784.25
5844.625
5835.5
5891.5
5880.25
5843.916666666667
5862.291666666667
5845.916666666667
5857.166666666667
5861.0
5866.041666666667
5879.416666666667
5884.125
5875.5
5869.333333333333
5890.291666666667
5884.291666666667
5877.416666666667
5882.291666666667
5905.833333333333
5905.833333333333
5927.708333333333
5896.875
5887.708333333333
5876.333333333333
5892.75
5945.875
5895.916666666667
5923.125
5929.291666666667
5910.583333333333
5927.958333333333
5956.458333333333
5962.875
6009.041666666667
5991.0
5996.25
5941.291666666667
5873.083333333333
5756.583333333333
5822.291666666667
5875.583333333333
5926.75
5951.875
5954.375
5976.291666666667
6003.541666666667
5976.958333333333
5981.333333333333
5974.791666666667
5998.416666666667
5992.291666666667
5991.208333333333
5954.833333333333
5975.458333333333
5982.375
5996.416666666667
6003.458333333333
6018.958333333333
6020.125
5993.166666666667
5996.041666666667
6020.541666666667
6030.041666666667
6000.541666666667
5923.125
5916.75
5967.125
6002.958333333333
6008.625
6030.666666666667
5982.666666666667
5928.916666666667
5894.125
5859.916666666667
5895.166666666667
5879.416666666667
5846.5
5868.916666666667
5898.041666666667
5922.0
5944.458333333333
5940.125
5952.791666666667
5963.75
5973.708333333333
6000.5
6004.666666666667
6010.875
6024.208333333333
6020.916666666667
6014.625
6015.916666666667
6013.625
6009.0
5997.625
5973.083333333333
5987.583333333333
6002.416666666667
6019.458333333333
6027.666666666667
6024.625
6013.583333333333
6005.291666666667
6019.0
6050.25
6047.291666666667
6061.166666666667
5980.083333333333
5901.375
5921.208333333333
5955.291666666667
6002.791666666667
6006.791666666667
5994.125
5974.375
5966.958333333333
5971.625
5982.208333333333
5880.25
5826.708333333333
5832.208333333333
5862.416666666667
5882.875
5897.0
5919.291666666667
5928.916666666667
5903.75
5888.958333333333
5905.75
5923.75
5958.083333333333
5982.416666666667
6018.458333333333
6015.25
6002.875
5992.041666666667
6008.041666666667
6032.458333333333
6005.75
5975.916666666667
5979.875
5967.958333333333
5999.541666666667
5977.083333333333
5962.291666666667
5961.5
5986.541666666667
6012.5
6029.208333333333
6034.458333333333
6031.958333333333
6035.125
6041.166666666667
6029.375
6032.333333333333
6023.0
6085.333333333333
6100.708333333333
6086.875
6088.583333333333
6095.0
6105.958333333333
6099.833333333333
6095.333333333333
6043.541666666667
6064.0
6071.208333333333
6065.791666666667
6063.25
6070.916666666667
6066.666666666667
6077.208333333333
6047.125
6026.208333333333
5992.25
5994.0
6041.375
6084.375
6097.541666666667
6120.291666666667
6108.083333333333
6028.166666666667
6026.375
6030.125
6056.5
6093.208333333333
6101.5
6117.625
6115.25
6101.708333333333
6099.791666666667
6076.125
6085.416666666667
6108.75
6079.083333333333
6084.166666666667
6108.5
6122.333333333333
6131.5
6118.875
6100.333333333333
6110.958333333333
6086.708333333333
6059.541666666667
6061.291666666667
6069.708333333333
6088.333333333333
6077.75
6087.875
6081.916666666667
6078.083333333333
6081.208333333333
6072.541666666667
6073.25
6084.375
6087.208333333333
6074.416666666667
6062.875
6061.583333333333
6087.041666666667
6124.875
6130.041666666667
6132.666666666667
6144.708333333333
6132.958333333333
6119.75
6130.458333333333
6153.083333333333
6126.458333333333
6008.166666666667
5977.714285714285
5888.916666666667
5785.958333333333
5781.041666666667
5821.333333333333
5873.333333333333
5887.625
5854.416666666667
5708.541666666667
6018.833333333333
6015.25
6051.958333333333
6075.25
6098.208333333333
6077.083333333333
6085.083333333333
6092.666666666667
6127.375
6144.833333333333
6160.791666666667
6127.333333333333
6103.75
6118.791666666667
6116.958333333333
6124.541666666667
6123.5
6114.75
6121.625
6118.666666666667
6007.666666666667
5931.416666666667
6001.333333333333
6020.791666666667
6037.166666666667
6044.958333333333
6074.208333333333
6096.666666666667
6084.708333333333
6071.291666666667
6042.666666666667
6064.208333333333
6100.666666666667
6117.083333333333
6132.25
6143.125
6104.0
6092.666666666667
6085.75
6087.5
6091.958333333333
6093.958333333333
6059.416666666667
6015.166666666667
6017.083333333333
6017.708333333333
6025.416666666667
6031.041666666667
6029.722222222223
6006.277777777777
5993.958333333333
5960.666666666667
5869.666666666667
5882.041666666667
5809.958333333333
5788.041666666667
5805.208333333333
5779.833333333333
5802.583333333333
5806.791666666667
5818.916666666667
5754.166666666667
5721.083333333333
5789.5
5846.833333333333
5875.208333333333
5902.458333333333
5919.083333333333
5879.375
5852.833333333333
5874.583333333333
5880.916666666667
5881.666666666667
5881.083333333333
5831.333333333333
5824.875
5828.875
5815.083333333333
5844.75
5894.0
5929.166666666667
5936.125
5959.166666666667
5939.25
5949.888888888889
6331.909090909091
5922.869565217391
5878.916666666667
5856.791666666667
5885.791666666667
5814.291666666667
5848.666666666667
5849.041666666667
5886.166666666667
5926.916666666667
5960.625
5975.625
5998.416666666667
5992.333333333333
5995.5
6011.791666666667
6016.25
6042.958333333333
6007.25
6008.041666666667
5964.5
5937.041666666667
5917.25
5921.75
5929.375
5943.625
5956.208333333333
5907.75
5910.75
5932.166666666667
5948.083333333333
5973.541666666667
5988.083333333333
5973.583333333333
5937.125
5967.458333333333
5990.791666666667
5995.125
6002.291666666667
6012.416666666667
6015.666666666667
6011.791666666667
6023.625
6027.291666666667
5976.583333333333
5991.916666666667
5993.75
5947.958333333333
5923.25
5937.875
5959.083333333333
5964.0
5969.25
5951.833333333333
5931.25
5934.791666666667
5927.375
5880.125
5857.75
5876.208333333333
5889.416666666667
5912.666666666667
5947.083333333333
5964.958333333333
5990.125
6000.958333333333
5998.875
6004.416666666667
6012.5
6014.375
6021.375
6009.833333333333
5993.708333333333
5890.333333333333
5942.916666666667
6016.291666666667
6010.541666666667
6028.333333333333
6022.791666666667
6042.375
6048.625
6048.291666666667
6073.458333333333
6071.291666666667
6074.0
6092.5
5984.666666666667
5984.75
6042.625
6065.208333333333
6098.291666666667
6102.0
6069.625
6044.875
6067.791666666667
6098.833333333333
6135.625
6125.875
6121.333333333333
6034.458333333333
6019.833333333333
6050.833333333333
6048.166666666667
6056.291666666667
6087.708333333333
6135.083333333333
6130.25
6117.416666666667
6097.291666666667
6078.75
6118.666666666667
6140.541666666667
6139.25
6110.541666666667
6051.291666666667
6038.166666666667
6038.541666666667
6058.708333333333
6063.083333333333
6044.958333333333
6076.75
6069.083333333333
6046.25
6065.666666666667
5996.958333333333
5972.333333333333
5914.25
5918.25
5953.583333333333
5959.125
5964.208333333333
5983.111111111111
6022.521739130435
6014.041666666667
6011.041666666667
6008.75
6036.041666666667
6043.125
6038.875
6037.625
6101.391304347826
5958.0
5985.5
6018.833333333333
6035.166666666667
5948.458333333333
5895.25
5925.875
5958.869565217391
5979.083333333333
5991.375
5985.958333333333
5936.708333333333
5947.083333333333
5954.125
5960.791666666667
6002.5
6006.666666666667
5975.958333333333
5879.416666666667
5861.375
5929.583333333333
5965.791666666667
5973.958333333333
5981.75
5997.583333333333
5995.5
6008.333333333333
6020.958333333333
5995.958333333333
6000.25
6011.541666666667
6028.625
6050.541666666667
6034.416666666667
6033.875
5875.0
5844.291666666667
5854.416666666667
5870.25
5885.625
5910.666666666667
5927.916666666667
5880.875
5845.625
5834.208333333333
5760.541666666667
5788.5
5801.625
5863.916666666667
5891.583333333333
5905.125
5895.541666666667
5904.958333333333
5889.0
5923.5
5914.375
5871.833333333333
5872.916666666667
5886.166666666667
5878.708333333333
5863.833333333333
5869.916666666667
5833.125
5832.75
5862.416666666667
5880.291666666667
5897.958333333333
5896.208333333333
5868.791666666667
5818.75
5817.791666666667
5799.75
5824.583333333333
5825.333333333333
5860.166666666667
5902.583333333333
5864.041666666667
5823.208333333333
5830.5
5841.571428571428
5821.083333333333
5726.208333333333
5775.708333333333
5793.75
5795.416666666667
5718.916666666667
5678.916666666667
5670.416666666667
5713.416666666667
5727.833333333333
5760.958333333333
5786.791666666667
5823.958333333333
5723.875
5634.5
5656.958333333333
5694.333333333333
5738.875
5763.125
5794.208333333333
5829.083333333333
5858.25
5887.958333333333
5902.166666666667
5910.125
5907.083333333333
5866.25
5850.083333333333
5853.958333333333
5874.375
5890.916666666667
5912.375
5925.375
5933.625
5921.166666666667
5914.875
5902.833333333333
5901.875
5901.958333333333
5891.875
5874.125
5879.625
5889.166666666667
5938.166666666667
5950.666666666667
5971.083333333333
5958.166666666667
5964.583333333333
5961.083333333333
5928.166666666667
5833.541666666667
5869.541666666667
5869.541666666667
5848.416666666667
5863.833333333333
5870.25
5898.375
5925.541666666667
5959.0
5981.75
5985.625
5992.291666666667
5915.708333333333
5843.333333333333
5815.291666666667
5833.583333333333
5860.458333333333
5882.260869565217
5855.375
5880.958333333333
5913.375
5918.416666666667
5966.25
5997.75
5956.625
6030.833333333333
6046.166666666667
6014.041666666667
5973.416666666667
5935.666666666667
5947.125
5957.041666666667
5979.291666666667
5980.291666666667
5963.083333333333
5992.291666666667
6031.875
6042.25
6029.791666666667
6008.458333333333
5962.583333333333
5935.416666666667
5952.833333333333
5966.25
5970.166666666667
5967.541666666667
5948.625
5873.875
5869.375
5871.166666666667
5890.125
5899.583333333333
5910.416666666667
5930.041666666667
5913.541666666667
5850.541666666667
5898.541666666667
5937.916666666667
5942.666666666667
5969.0
5981.208333333333
5974.708333333333
5934.5
5798.666666666667
5818.958333333333
5930.708333333333
5931.625
5935.125
5949.833333333333
5955.208333333333
5909.041666666667
5885.166666666667
5838.125
5787.333333333333
5740.083333333333
5712.25
5757.166666666667
5792.5
5803.875
5826.375
5852.347826086957
5839.625
5855.291666666667
5859.5
5839.625
5825.458333333333
5862.75
5884.708333333333
5889.125
5896.625
5899.416666666667
5905.583333333333
5901.0
5911.333333333333
5886.625
5855.083333333333
5874.916666666667
5896.75
5886.916666666667
5880.708333333333
5816.25
5824.958333333333
5826.375
5880.125
5897.666666666667
5912.875
5931.173913043478
5968.875
5995.291666666667
5976.041666666667
5984.333333333333
5980.75
5987.625
5971.833333333333
5966.916666666667
5980.041666666667
6005.75
5990.083333333333
5976.791666666667
5963.208333333333
5956.041666666667
5954.666666666667
5966.458333333333
5952.458333333333
5904.291666666667
5923.041666666667
5942.958333333333
5932.0
5907.791666666667
5906.5
5910.375
5927.041666666667
5953.416666666667
5963.583333333333
5946.875
5972.125
5975.958333333333
5970.083333333333
6002.208333333333
5992.125
5996.666666666667
6010.666666666667
6041.833333333333
6027.083333333333
5999.541666666667
5986.583333333333
5983.791666666667
5999.708333333333
6015.125
6000.208333333333
6020.875
6043.291666666667
5985.333333333333
5941.125
5810.125
5804.416666666667
5823.458333333333
5831.041666666667
5826.333333333333
5723.291666666667
5585.875
5626.916666666667
5732.916666666667
5843.916666666667
5872.541666666667
5888.416666666667
5930.166666666667
6011.75
6047.0
6101.041666666667
6081.25
6048.583333333333
6008.458333333333
5994.416666666667
5962.333333333333
5949.083333333333
5947.958333333333
5883.25
5870.875
5885.958333333333
5891.875
5863.708333333333
5856.791666666667
5857.208333333333
5888.125
5898.333333333333
5919.458333333333
5917.875
5919.125
5958.416666666667
5971.333333333333
5935.875
6005.25
6063.291666666667
6092.541666666667
6108.5
6083.416666666667
6028.083333333333
5911.125
5915.208333333333
5940.375
5912.0
5917.291666666667
5929.208333333333
5893.875
5833.0
5896.75
5936.666666666667
5909.458333333333
5884.458333333333
5847.708333333333
5856.25
5797.125
5790.916666666667
5766.458333333333
5810.458333333333
5827.166666666667
5854.333333333333
5768.5
5778.458333333333
5821.583333333333
5891.0
5897.875
5916.375
5960.583333333333
6015.375
6100.541666666667
6129.166666666667
6142.583333333333
6133.041666666667
6050.708333333333
6018.458333333333
6004.166666666667
6000.75
6004.208333333333
6020.25
6018.791666666667
5992.458333333333
5972.583333333333
5899.791666666667
5787.916666666667
5749.0
5710.166666666667
5686.916666666667
5693.625
5699.541666666667
5732.541666666667
5761.541666666667
5777.958333333333
5840.125
5856.791666666667
5871.875
5926.5
5985.541666666667
6025.75
6094.166666666667
6086.708333333333
6061.5
6060.625
5982.166666666667
5702.458333333333
5625.25
5603.791666666667
5661.291666666667
5666.041666666667
5695.708333333333
5736.041666666667
5711.458333333333
5706.291666666667
5695.083333333333
5693.333333333333
5714.083333333333
5757.583333333333
5797.333333333333
5806.333333333333
5817.791666666667
5764.625
5801.666666666667
5852.083333333333
5913.583333333333
5948.75
5980.875
6016.791666666667
6051.75
6043.5
6016.208333333333
5971.333333333333
5954.166666666667
5963.416666666667
5989.791666666667
5933.25
5903.083333333333
5917.041666666667
5937.416666666667
5926.166666666667
5868.416666666667
5860.416666666667
5839.416666666667
5823.333333333333
5800.875
5791.333333333333
5834.666666666667
5809.45
5791.083333333333
5816.5
5847.875
5878.875
5879.25
5873.458333333333
5878.5
5928.291666666667
5952.291666666667
5977.333333333333
5987.375
5971.958333333333
5961.833333333333
5959.958333333333
5947.541666666667
5898.833333333333
5897.083333333333
5917.291666666667
5916.041666666667
5876.083333333333
5876.541666666667
5869.5
5890.333333333333
5907.833333333333
5916.375
5919.166666666667
5922.5
5872.791666666667
5847.208333333333
5859.541666666667
5866.208333333333
5887.25
5904.125
5906.958333333333
5902.416666666667
5897.166666666667
5845.708333333333
5787.375
5779.833333333333
5813.541666666667
5854.75
5845.208333333333
5703.5
5689.333333333333
5711.875
5748.833333333333
5787.083333333333
5743.458333333333
5737.916666666667
5774.0
5792.375
5792.173913043478
5829.333333333333
5823.0
5867.458333333333
5889.583333333333
5919.666666666667
5935.208333333333
5952.75
5953.666666666667
5929.041666666667
5836.208333333333
5822.458333333333
5843.666666666667
5874.0
5886.375
5876.833333333333
5861.375
5853.833333333333
5865.125
5882.25
5925.333333333333
5910.916666666667
5901.5
5908.583333333333
5905.291666666667
5928.25
5934.5
5942.958333333333
5953.208333333333
5979.583333333333
5967.0
5956.75
5950.75
5946.958333333333
5938.791666666667
5912.958333333333
5860.375
5798.958333333333
5821.25
5872.333333333333
5898.916666666667
5908.083333333333
5913.625
5927.166666666667
5954.125
5979.416666666667
6020.458333333333
6042.125
5991.208333333333
5987.75
5958.625
5993.208333333333
5999.958333333333
5994.458333333333
6004.625
6024.875
6079.083333333333
6106.75
6098.666666666667
6083.625
6079.375
6048.041666666667
6055.208333333333
6043.041666666667
6040.0
6041.791666666667
6044.041666666667
6041.541666666667
6051.666666666667
6044.166666666667
6036.5
6054.041666666667
6085.083333333333
6117.791666666667
6098.333333333333
6063.375
5994.083333333333
5995.041666666667
6005.875
5997.791666666667
6038.666666666667
6071.333333333333
6055.5
5915.208333333333
5591.708333333333
5625.25
5564.833333333333
5667.5
5706.333333333333
5764.041666666667
5829.916666666667
5938.708333333333
5978.0
5998.75
6024.208333333333
6032.791666666667
5996.375
6012.333333333333
6015.291666666667
6030.708333333333
6051.583333333333
6072.583333333333
6042.291666666667
6014.041666666667
5953.333333333333
5941.458333333333
5975.958333333333
5961.791666666667
5984.458333333333
6009.416666666667
6033.625
6035.666666666667
6035.0
6038.416666666667
6045.083333333333
6061.875
6068.541666666667
6057.75
6043.458333333333
6073.166666666667
6099.541666666667
6115.625
6101.166666666667
6086.708333333333
6084.125
6090.583333333333
6097.583333333333
6104.666666666667
6098.208333333333
6073.833333333333
6062.916666666667
6052.333333333333
6048.5
5989.666666666667
5957.5
6003.0
6020.875
5943.875
5909.041666666667
5944.625
5981.916666666667
6037.25
6055.458333333333
6040.0
6032.291666666667
6042.166666666667
6060.083333333333
6082.583333333333
5999.25
5951.125
5992.458333333333
6017.458333333333
6048.875
6070.708333333333
6100.25
6124.25
6111.958333333333
6097.041666666667
6085.291666666667
6064.916666666667
6038.0
5941.166666666667
5953.708333333333
5981.333333333333
5961.041666666667
5956.208333333333
5970.166666666667
5959.875
5972.916666666667
5976.958333333333
6002.875
6018.125
6082.916666666667
6074.291666666667
6106.333333333333
6078.458333333333
6057.125
6042.0
6049.666666666667
6062.75
6075.041666666667
6075.791666666667
6098.458333333333
6110.166666666667
6137.916666666667
6084.5
6055.083333333333
6032.958333333333
6043.125
5997.791666666667
5985.208333333333
6011.041666666667
6027.333333333333
6040.083333333333
6048.375
6042.416666666667
6037.125
6028.125
6011.458333333333
6023.291666666667
6071.083333333333
6106.277777777777
6119.047619047619
6114.958333333333
6114.916666666667
6120.791666666667
6120.583333333333
6109.541666666667
6059.166666666667
6031.25
6056.5
6079.458333333333
6077.75
6083.625
6086.625
6098.041666666667
6130.75
6125.625
6079.791666666667
6075.666666666667
6059.666666666667
5958.916666666667
5979.416666666667
5957.041666666667
5922.041666666667
5949.458333333333
5977.083333333333
6019.208333333333
6033.75
6050.541666666667
6045.666666666667
6089.833333333333
6092.458333333333
6063.833333333333
6063.25
5986.083333333333
6010.583333333333
6091.708333333333
6129.083333333333
6171.125
6166.416666666667
6117.25
6130.583333333333
6149.833333333333
6159.083333333333
6154.208333333333
6138.25
6137.75
6112.541666666667
6069.833333333333
6020.125
6011.958333333333
6021.666666666667
6046.125
6048.541666666667
6059.25
6066.166666666667
6065.375
6097.958333333333
6053.583333333333
6080.708333333333
6086.458333333333
6112.958333333333
6123.916666666667
6011.25
6031.416666666667
6072.958333333333
6111.541666666667
6144.416666666667
6127.541666666667
6134.958333333333
6125.541666666667
6138.666666666667
6160.041666666667
6156.541666666667
6060.125
6011.041666666667
6092.0
6098.125
6123.708333333333
6121.791666666667
6172.458333333333
6178.375
6181.833333333333
6186.416666666667
6177.125
6157.416666666667
6147.125
6141.875
6134.666666666667
6143.875
6160.583333333333
6143.583333333333
6130.666666666667
6097.875
6090.166666666667
6088.625
6112.833333333333
6157.791666666667
6252.791666666667
6311.916666666667
6312.166666666667
6267.375
6224.458333333333
6206.791666666667
6236.166666666667
6230.5
6204.166666666667
6249.125
6288.208333333333
6194.708333333333
6166.833333333333
6177.583333333333
6204.0
6208.833333333333
6188.916666666667
6195.083333333333
6225.25
6239.5
6207.875
6224.166666666667
6223.208333333333
6206.041666666667
6221.208333333333
6197.416666666667
6208.416666666667
6226.458333333333
6235.25
6249.5
6264.666666666667
6283.125
6291.416666666667
6266.5
6232.291666666667
6186.708333333333
6180.75
6205.5
6266.916666666667
6278.625
6267.5
6280.625
6250.75
6202.083333333333
6201.166666666667
6243.041666666667
6289.041666666667
6282.208333333333
6257.291666666667
6253.333333333333
6220.708333333333
6210.5
6190.708333333333
6168.541666666667
6199.0
6203.375
6217.833333333333
6236.791666666667
6212.041666666667
6202.041666666667
6205.583333333333
6195.708333333333
6210.5
6215.875
6252.208333333333
6263.583333333333
6269.541666666667
6285.666666666667
6316.375
6350.75
6345.125
6349.875
6358.291666666667
6357.458333333333
6322.208333333333
6287.25
6321.208333333333
6307.166666666667
6268.5
6283.125
6262.208333333333
6166.625
6181.25
6203.75
6234.333333333333
6266.458333333333
6262.75
6271.166666666667
6220.541666666667
6174.458333333333
6165.916666666667
6188.083333333333
6210.333333333333
6230.416666666667
6262.083333333333
6298.25
6342.958333333333
6363.75
6323.583333333333
6316.291666666667
6307.666666666667
6294.5
6314.375
6319.625
6298.25
6259.833333333333
6260.416666666667
6296.083333333333
6330.333333333333
6337.25
6365.375
6370.083333333333
6340.75
6319.541666666667
6278.875
6256.25
6215.25
6175.208333333333
6199.75
6234.041666666667
6265.916666666667
6298.291666666667
6315.166666666667
6352.416666666667
6341.333333333333
6302.5
6307.75
6299.375
6299.25
6331.333333333333
6354.833333333333
6386.0
6408.416666666667
6354.125
6334.5
6335.916666666667
6354.708333333333
6359.791666666667
6375.0
6360.625
6347.291666666667
6315.208333333333
6235.125
6183.875
6179.5
6187.458333333333
6193.458333333333
6255.166666666667
6287.166666666667
6331.958333333333
6376.5
6278.916666666667
6251.75
6251.75
6278.291666666667
6267.5
6267.041666666667
6291.333333333333
6315.625
6303.958333333333
6330.541666666667
6328.291666666667
6346.125
6372.0
6404.25
6379.416666666667
6305.5
6300.083333333333
6268.791666666667
6251.041666666667
6220.25
6185.041666666667
6169.416666666667
6188.625
6208.208333333333
6242.666666666667
6274.25
6294.125
6237.375
6176.041666666667
6218.958333333333
6252.916666666667
6256.833333333333
6267.166666666667
6274.166666666667
6287.0
6303.541666666667
6321.166666666667
6324.291666666667
6354.541666666667
6397.166666666667
6393.916666666667
6286.916666666667
6290.375
6320.833333333333
6293.291666666667
6278.875
6278.916666666667
6250.791666666667
6237.791666666667
6245.083333333333
6279.833333333333
6310.291666666667
6343.083333333333
6337.083333333333
6350.166666666667
6339.083333333333
6332.0
6328.875
6283.166666666667
6253.875
6262.916666666667
6311.0
6303.125
6325.708333333333
6357.125
6358.875
6357.791666666667
6373.083333333333
6356.041666666667
6311.416666666667
6277.791666666667
6247.25
6209.208333333333
6209.708333333333
6225.458333333333
6244.458333333333
6269.75
6253.833333333333
6279.916666666667
6335.875
6339.875
6337.5
6354.833333333333
6380.875
6403.291666666667
6371.125
6380.666666666667
6359.791666666667
6347.083333333333
6336.166666666667
6352.583333333333
6344.416666666667
6333.958333333333
6350.75
6400.458333333333
6416.208333333333
6390.25
6326.458333333333
6314.583333333333
6316.916666666667
6328.333333333333
6355.541666666667
6353.25
6352.75
6391.708333333333
6423.541666666667
6430.791666666667
6472.625
6490.666666666667
6490.916666666667
6459.0
6435.125
6406.0
6427.5
6367.916666666667
6379.083333333333
6374.166666666667
6385.166666666667
6391.291666666667
6405.291666666667
6414.625
6475.416666666667
6476.791666666667
6454.75
6403.208333333333
6352.083333333333
6340.958333333333
6328.708333333333
6331.875
6337.416666666667
6368.291666666667
6422.125
6392.375
6381.833333333333
6397.541666666667
6426.791666666667
6457.916666666667
6452.125
6454.208333333333
6458.375
6425.166666666667
6418.041666666667
6418.583333333333
6386.5
6373.291666666667
6381.333333333333
6407.875
6436.125
6457.375
6468.375
6485.0
6470.416666666667
6385.5
6335.875
6319.041666666667
6316.083333333333
6312.041666666667
6318.625
6334.541666666667
6368.875
6398.25
6413.5
6444.291666666667
6485.375
6505.166666666667
6500.541666666667
6456.208333333333
6479.75
6483.333333333333
6425.625
6389.0
6376.458333333333
6370.333333333333
6394.958333333333
6419.625
6448.666666666667
6473.875
6498.083333333333
6464.166666666667
6405.791666666667
6381.333333333333
6365.25
6359.0
6342.875
6322.416666666667
6318.916666666667
6320.791666666667
6359.666666666667
6401.041666666667
6442.916666666667
6457.583333333333
6439.083333333333
6396.666666666667
6407.166666666667
6433.166666666667
6460.416666666667
6486.666666666667
6505.833333333333
6518.25
6477.791666666667
6456.458333333333
6451.75
6470.25
6483.333333333333
6488.625
6492.166666666667
6506.625
6518.875
6544.458333333333
6556.166666666667
6561.375
6521.791666666667
6506.0
6496.583333333333
6504.375
6490.375
6473.75
6473.75
6474.625
6452.083333333333
6430.125
6421.458333333333
6442.916666666667
6427.583333333333
6428.416666666667
6442.875
6435.25
6446.541666666667
6452.875
6475.333333333333
6469.041666666667
6469.041666666667
6491.541666666667
6518.833333333333
6524.75
6529.875
6528.541666666667
6555.833333333333
6510.208333333333
6493.083333333333
6524.583333333333
6523.75
6530.583333333333
6544.708333333333
6503.416666666667
6440.625
6420.916666666667
6402.166666666667
6400.916666666667
6427.833333333333
6456.125
6477.875
6485.833333333333
6470.25
6460.041666666667
6451.875
6449.208333333333
6445.916666666667
6438.041666666667
6456.583333333333
6463.541666666667
6483.875
6512.708333333333
6517.291666666667
6534.125
6546.083333333333
6550.125
6517.083333333333
6506.0
6496.583333333333
6509.875
6533.458333333333
6536.708333333333
6461.875
6438.291666666667
6446.458333333333
6495.583333333333
6514.916666666667
6518.458333333333
6529.5
6509.458333333333
6492.375
6478.208333333333
6481.958333333333
6474.25
6472.291666666667
6475.291666666667
6478.041666666667
6511.791666666667
6551.75
6572.416666666667
6558.666666666667
6545.833333333333
6550.958333333333
6569.166666666667
6579.083333333333
6609.875
6621.333333333333
6622.458333333333
6593.833333333333
6586.0
6549.75
6518.625
6486.708333333333
6496.0
6521.666666666667
6521.75
6517.916666666667
6523.125
6525.208333333333
6534.041666666667
6515.375
6512.833333333333
6528.666666666667
6534.833333333333
6539.541666666667
6564.666666666667
6558.458333333333
6549.25
6521.541666666667
6537.5
6548.708333333333
6542.541666666667
6555.0
6554.625
6557.791666666667
6565.583333333333
6571.375
6535.583333333333
6507.208333333333
6528.208333333333
6528.0
6519.541666666667
6498.458333333333
6475.625
6477.666666666667
6465.125
6489.541666666667
6511.375
6508.291666666667
6523.166666666667
6531.958333333333
6561.75
6570.958333333333
6543.666666666667
6526.833333333333
6507.166666666667
6515.708333333333
6549.541666666667
6548.75
6571.416666666667
6602.291666666667
6624.25
6621.083333333333
6600.875
6593.583333333333
6576.583333333333
6564.791666666667
6589.875
6584.958333333333
6529.666666666667
6506.666666666667
6510.0
6522.083333333333
6537.666666666667
6465.708333333333
6465.0
6507.416666666667
6495.791666666667
6510.083333333333
6505.375
6501.375
6502.791666666667
6516.833333333333
6538.458333333333
6537.958333333333
6530.208333333333
6537.208333333333
6530.666666666667
6544.833333333333
6548.458333333333
6568.916666666667
6580.625
6562.25
6542.75
6545.208333333333
6539.958333333333
6537.541666666667
6544.375
6524.875
6538.458333333333
6544.833333333333
6549.166666666667
6515.166666666667
6527.583333333333
6548.166666666667
6552.666666666667
6551.791666666667
6567.208333333333
6549.541666666667
6544.5
6557.333333333333
6539.708333333333
6544.125
6550.25
6542.125
6523.666666666667
6544.875
6548.583333333333
6539.416666666667
6538.25
6533.166666666667
6546.833333333333
6545.5
6534.166666666667
6524.166666666667
6528.125
6541.875
6540.625
6535.166666666667
6515.583333333333
6510.166666666667
6523.791666666667
6528.75
6518.666666666667
6522.458333333333
6535.083333333333
6546.166666666667
6482.416666666667
6496.541666666667
6469.708333333333
6483.75
6505.541666666667
6516.291666666667
6520.0
6529.958333333333
6546.0
6547.416666666667
6542.958333333333
6551.208333333333
6552.916666666667
6549.708333333333
6540.708333333333
6561.041666666667
6571.916666666667
6509.708333333333
6509.875
6533.5
6523.458333333333
6552.0
6590.791666666667
6596.125
6585.916666666667
6581.458333333333
6576.5
6562.333333333333
6525.458333333333
6483.916666666667
6514.625
6538.416666666667
6560.416666666667
6566.083333333333
6561.041666666667
6566.708333333333
6574.416666666667
6596.625
6601.416666666667
6592.333333333333
6566.208333333333
6569.208333333333
6581.666666666667
6569.083333333333
6523.666666666667
6549.875
6591.875
6565.958333333333
6569.125
6546.625
6517.291666666667
6512.333333333333
6503.75
6516.875
6523.5
6531.541666666667
6535.541666666667
6522.041666666667
6531.375
6547.791666666667
6549.041666666667
6565.666666666667
6570.125
6546.0
6539.833333333333
6544.541666666667
6539.4375
6565.125
6591.875
6613.166666666667
6617.708333333333
6597.666666666667
6554.583333333333
6557.666666666667
6559.041666666667
6495.166666666667
6505.416666666667
6477.75
6471.375
6458.833333333333
6462.791666666667
6474.333333333333
6491.5
6495.5
6504.25
6513.375
6510.041666666667
6532.958333333333
6529.333333333333
6545.958333333333
6543.416666666667
6555.208333333333
6560.708333333333
6564.666666666667
6556.166666666667
6547.291666666667
6566.708333333333
6585.083333333333
6584.75
6558.333333333333
6546.333333333333
6495.208333333333
6493.125
6492.208333333333
6482.5
6477.291666666667
6447.125
6438.791666666667
6448.708333333333
6468.833333333333
6473.458333333333
6496.208333333333
6505.208333333333
6543.5
6545.333333333333
6551.958333333333
6542.666666666667
6526.875
6535.25
6548.958333333333
6567.375
6576.375
6545.833333333333
6525.5
6531.375
6517.041666666667
6505.708333333333
6501.0
6491.541666666667
6479.875
6499.666666666667
6516.541666666667
6545.666666666667
6511.25
6492.875
6506.833333333333
6496.0
6470.416666666667
6456.166666666667
6439.458333333333
6431.458333333333
6458.0
6478.708333333333
6477.625
6474.708333333333
6484.833333333333
6509.958333333333
6521.875
6540.125
6551.166666666667
6545.875
6538.5
6520.291666666667
6508.416666666667
6513.0
6508.541666666667
6511.458333333333
6509.666666666667
6512.625
6520.75
6479.583333333333
6479.25
6490.666666666667
6504.375
6512.833333333333
6486.458333333333
6490.375
6473.875
6474.916666666667
6459.75
6478.875
6497.958333333333
6488.958333333333
6484.458333333333
6493.791666666667
6521.166666666667
6511.166666666667
6506.625
6520.875
6540.041666666667
6522.291666666667
6517.416666666667
6535.583333333333
6540.083333333333
6527.625
6528.708333333333
6527.083333333333
6506.75
6483.791666666667
6482.708333333333
6485.958333333333
6481.416666666667
6493.833333333333
6492.208333333333
6503.958333333333
6534.791666666667
6551.958333333333
6542.666666666667
6536.583333333333
6509.041666666667
6484.541666666667
6506.416666666667
6517.208333333333
6514.125
6489.833333333333
6508.375
6516.083333333333
6524.333333333333
6533.375
6540.791666666667
6585.541666666667
6590.708333333333
6582.75
6551.958333333333
6549.458333333333
6511.625
6512.75
6516.083333333333
6525.125
6523.125
6549.5
6549.416666666667
6547.375
6561.625
6588.291666666667
6597.041666666667
6612.333333333333
6605.541666666667
6604.666666666667
6586.5
6585.625
6593.833333333333
6603.958333333333
6600.916666666667
6597.416666666667
6606.666666666667
6582.083333333333
6586.875
6600.958333333333
6604.041666666667
6590.833333333333
6576.625
6579.333333333333
6595.291666666667
6588.0
6589.291666666667
6584.75
6593.75
6603.291666666667
6594.208333333333
6563.708333333333
6540.458333333333
6549.375
6566.333333333333
6566.75
6543.208333333333
6532.125
6500.5
6488.625
6450.875
6449.0
6481.708333333333
6474.458333333333
6488.5
6441.291666666667
6422.666666666667
6462.625
6484.041666666667
6492.666666666667
6510.791666666667
6543.583333333333
6557.25
6539.375
6537.666666666667
6560.791666666667
6541.75
6534.208333333333
6553.583333333333
6547.666666666667
6560.916666666667
6560.666666666667
6552.375
6544.333333333333
6546.0
6552.041666666667
6539.333333333333
6551.166666666667
6569.75
6570.541666666667
6591.791666666667
6598.041666666667
6590.166666666667
6543.208333333333
6506.875
6524.125
6537.625
6551.65
6564.565217391304
6587.666666666667
6570.5
6556.541666666667
6566.041666666667
6584.833333333333
6590.041666666667
6577.208333333333
6595.166666666667
6572.875
6577.166666666667
6569.541666666667
6568.958333333333
6538.375
6561.5
6576.416666666667
6583.041666666667
6588.5
6587.0
6578.916666666667
6569.166666666667
6494.375
6484.333333333333
6495.208333333333
6511.541666666667
6519.666666666667
6531.833333333333
6524.166666666667
6535.375
6544.166666666667
6556.458333333333
6569.25
6555.333333333333
6544.166666666667
6563.25
6573.666666666667
6567.666666666667
6574.0
6577.416666666667
6575.708333333333
6554.875
6554.041666666667
6571.541666666667
6552.291666666667
6530.541666666667
6550.666666666667
6563.583333333333
6564.541666666667
6524.833333333333
6526.416666666667
6519.0
6526.0
6514.166666666667
6516.166666666667
6528.875
6532.083333333333
6521.791666666667
6528.25
6521.458333333333
6517.791666666667
6517.208333333333
6522.083333333333
6535.083333333333
6513.291666666667
6519.333333333333
6536.125
6547.791666666667
6567.916666666667
6577.791666666667
6581.916666666667
6574.541666666667
6561.666666666667
6575.291666666667
6569.625
6527.958333333333
6514.5
6515.833333333333
6515.666666666667
6538.458333333333
6546.916666666667
6544.083333333333
6553.458333333333
6571.208333333333
6567.208333333333
6583.25
6588.083333333333
6579.625
6597.541666666667
6574.666666666667
6570.958333333333
6568.5
6544.916666666667
6557.041666666667
6578.875
6576.458333333333
6580.833333333333
6561.333333333333
6567.458333333333
6566.958333333333
6560.541666666667
6579.041666666667
6597.416666666667
6584.25
6610.958333333333
6603.125
6605.416666666667
6576.75
6579.041666666667
6573.375
6572.125
6588.875
6587.75
6602.458333333333
6593.416666666667
6587.458333333333
6600.375
6621.541666666667
6592.833333333333
6587.375
6547.833333333333
6544.708333333333
6562.541666666667
6560.75
6574.833333333333
6581.208333333333
6585.625
6585.125
6591.208333333333
6603.833333333333
6572.291666666667
6573.958333333333
6554.625
6566.416666666667
6594.958333333333
6586.25
6554.791666666667
6547.166666666667
6516.5
6514.458333333333
6513.791666666667
6544.0
6574.083333333333
6594.291666666667
6578.208333333333
6592.5
6601.125
6588.583333333333
6553.75
6553.375
6547.208333333333
6562.25
6553.5
6551.5
6561.375
6573.541666666667
6589.708333333333
6600.125
6575.125
6580.916666666667
6591.125
6592.708333333333
6576.791666666667
6563.875
6557.083333333333
6569.583333333333
6556.25
