6347.756830601093
6354.0635135135135
6372.004464285715
6385.2755376344085
6512.022222222222
6532.92
6510.033333333334
6521.754032258064
6496.944369063772
6496.251388888889
6510.455645161291
6485.7375
6439.807795698925
6434.594086021505
6368.285930408472
6451.498655913979
6303.843055555555
6331.1643454038995
6307.957971014493
6325.693042291951
6287.887096774193
6276.419444444445
6301.697580645161
6237.340277777777
6188.965053763441
6230.622311827957
6231.903273809524
6183.7137096774195
6107.643055555555
6181.5053763440865
6023.634722222222
6075.116216216216
6090.073924731183
6071.725
6050.893817204301
6087.631432545201
6086.784946236559
6086.784946236559
6029.112068965517
5877.1253369272235
6106.216666666666
6038.383333333333
6038.383333333333
5869.139784946236
5897.206989247312
5965.8625
5958.442204301075
5966.3
5988.591397849463
6068.623655913979
6091.535714285715
6018.773279352226
6088.993055555556
5926.907103825137
5879.9567430025445
5955.026178010471
5967.532258064516
5983.5263888888885
6080.2755376344085
6015.33527696793
5975.446837146703
5868.370967741936
5799.4005979073245
5859.676075268817
5910.712100139082
5956.248655913979
5869.438108484005
5914.119784656797
5965.676075268817
5911.35
5935.8387096774195
5935.7444444444445
5809.489247311828
5885.669354838709
5901.369065849924
5820.3074324324325
5898.92189679219
5972.686827956989
5952.6125
6029.170698924731
6031.602150537635
6040.969444444445
6062.561904761905
6062.793055555556
6089.754032258064
6164.262096774193
6222.317528735633
6233.493279569892
6272.422222222222
6296.623655913979
6301.672222222222
6278.9220430107525
6314.467741935484
6323.701388888889
6400.154569892473
6402.006944444444
6417.600806451613
6480.770161290323
6477.6875
6491.935483870968
6534.779166666666
6529.174731182796
6541.731944444445
6543.915322580645
6525.538978494624
6550.219444444445
6551.271739130435
6534.6513888888885
6514.979838709677
6501.043010752688
6503.6264880952385
6521.290322580645
6586.298611111111
6518.73252688172
6563.759440559441
6552.040322580645
6539.06342780027
6566.638888888889
6580.959677419355
6565.816666666667
